1,0.051497,0.068092,0.072928,0.085624,0.11176,-0.0046813,0.082629,-0.011078,-0.071151,0.019616,0.047477,0.097653,0.035527,0.054248,0.046601,0.0085399,0.0092836,-0.019682,0.16767,0.16479,0.13856,0.19296,0.12021,0.14903,0.13413,0.09721,0.17383,0.059874,0.03597,-0.032635,0.1646,0.048901,0.027531,0.12108,0.037754,0.11941,0.10441,0.1033,0.10632,0.1039,0.13421,0.060554,0.030388,0.050845,0.092053,0.11053,0.06387,0.0085471,0.095437,0.0094978,0.053105,-0.0033098,0.035078,0.17166,0.11331,0.048413,0.16372,0.087925,0.055962,0.067228,0.093359,0.006404,0.093339,0.091389,0.049577,0.026767,0.10157,0.077517,0.1135,0.11709,0.13702,0.13145,0.13113,0.040709,0.016032,0.0095262,-0.00082828,0.0703,-0.03802,-0.021948,0.032554,0.055345,0.024248,0.054585,0.00833,0.011293,0.058379,-0.078924,-0.036256,0.050507,-0.08205,0.070153,0.028086,0.0033234,0.031286,0.021591,0.065492,0.024212,-0.0094304,0.023964,-0.061938,-0.015388,-0.063264,-0.010943,-0.019903,0.085943,-0.013926,-0.045741,0.0085466,0.080122,0.018548,0.061208,-0.047203,0.069662,0.0073801,-0.039167,0.092325,0.079966,0.082319,0.067543,0.024952,0.075216,0.072372,0.097886,0.092994,0.0079789,0.04534,-0.042162,-0.057089,-0.052709,0.027368,0.054062,0.092943,0.053082,0.011347,-0.0019752,0.07856,0.075241,0.1307,0.018124,-0.037361,0.11964,0.14691,0.082751,0.089843,0.064078,0.09504,0.051327,0.12522,0.11545,0.043348,0.08175,0.12988,0.16368,0.060561,0.040928,0.12427,0.048163,0.15386,0.13809,0.1057,-0.00054988,-0.012062,0.064073,-0.037759,-0.030685,-0.015571,0.10238,0.027092,0.14918,0.15434,0.10147,0.024598,0.1337,0.07384,0.092548,0.13741,0.11326,0.019021,-0.037156,0.027931,-0.015111,0.014199,0.012082,0.0019286,0.07313,0.06967,-0.039213,-0.021963,0.056107,0.037507,0.065476,0.16186,0.054925,-0.039747,0.013777,0.08779,-0.029186,0.12497,0.011206,0.12316,0.1984,0.15165,0.17351,0.17332,0.10554,0.18438,0.091924,0.040092,0.038219,0.12106,0.017162,0.031673,0.048077,0.011121,0.17885,0.12885,0.13066,0.13189,0.059141,0.055809,0.16034,0.060925,0.0077646,0.11484,0.1584,0.058146,0.068571,0.085165,-0.0019593,0.024171,-0.027727,0.12239,0.11095,0.095748,0.088286,0.092272,0.089146,0.10139,0.028594,0.00023518,0.0086958,0.037603,0.0019855,0.024919,0.043602,0.028967,0.068224,0.10938,0.071688,0.1732,0.096636,0.089014,0.03506,0.054222,0.042516,0.094019,0.07112,0.038621,0.049688,-0.046321,-0.023171,0.12426,0.14391,0.086564,0.12219,0.043951,0.010726,0.049781,0.075596,0.070661,0.069524,0.087345,0.1188,0.055969,0.056931,0.062662,0.074523,0.075618,0.080203,0.089601,0.015484,0.035534,0.077585,-0.018521,0.13304,0.048194,0.055924,0.051196,0.06927,0.015282,0.068724,0.077264,0.042946,0.14754,-0.014954,0.063068,0.097665,0.091059,0.10625,0.10434,0.040896,0.039061,-0.046709,0.15851,0.057885,0.06025,0.07175,0.087675,0.07425,0.05289,0.04837,0.073851,-0.010545,0.048475,-0.033083,0.1544,0.0466,0.16202,0.10531,0.063651,0.098793,0.13786,0.078664,0.069358,0.18695,0.077007,0.12077,0.20241,0.024291,0.079571,0.078785,-0.008565,0.018857,-0.015844,0.06557,0.091003,0.012116,-0.048711,0.14789,0.10362,0.078437,0.043887,0.023777,0.031542,-0.043692,0.052087,0.10682,0.1169,0.098572,0.092659,0.12764,0.10316,0.15037,0.040185,0.11467,0.053794,-0.017474,0.1027,0.13728,0.12088,0.078809,0.11181,0.044296,0.059843,-0.023316,0.044209,0.057481,0.039254,0.048413,0.074225,0.025662,0.16038,0.16748,0.030759,0.10839,0.028907,0.078253
0.051497,1,0.071214,0.060309,0.0056122,-0.030679,0.0039208,-0.015328,0.027762,-0.0051021,0.0012657,-0.0081116,0.063587,0.031139,0.080624,0.029137,0.012227,-0.049818,0.078468,0.036317,0.033712,0.062122,0.042563,0.041178,0.047754,0.04755,0.12542,0.070229,0.0074533,0.027251,0.029653,0.062128,-0.018673,-0.076208,0.04964,0.017427,0.066347,0.019354,0.054067,0.053765,0.0013471,0.028614,0.014999,0.011014,-0.016517,0.013761,0.017629,-0.012607,-0.012308,2.4101e-05,-0.077,0.035104,0.0030218,-0.054793,0.10184,-0.037972,-0.052478,0.049383,0.090329,0.043765,-0.0074573,-0.00082191,-0.025471,-0.0093527,-0.037373,0.059758,0.062614,0.020274,0.049191,0.11441,0.082529,0.090057,0.071734,0.036506,0.088173,0.018298,-0.013685,-0.032673,-0.05479,0.0021254,-0.064036,-0.04347,-0.053821,-0.0016143,-0.0094145,-0.0040098,-0.013199,0.064324,0.063913,0.040091,-0.031586,0.020714,-0.0060111,0.036795,0.050804,-0.0069772,0.019504,0.0005548,0.070872,0.033109,0.020404,-0.0041877,-0.064843,-0.042802,-0.075629,0.02333,-0.010669,-0.042773,-0.014006,-0.0698,0.026809,-0.017463,-0.0076375,0.01729,0.030716,-0.0071905,-0.0037718,0.038653,0.055577,0.10474,0.027132,0.041808,0.023048,0.037032,0.028653,0.036739,-0.016435,-0.045252,0.061998,-0.031489,0.02618,-0.0149,-0.031861,0.025158,0.057397,0.047856,0.040902,-0.0069831,0.029247,0.034065,0.059485,0.099019,0.081762,0.088347,-0.0012922,-0.0060857,0.065535,0.044832,0.0022246,0.043438,0.020482,-0.010383,-0.0069958,0.037836,0.0065594,-0.011752,0.066521,0.0029501,0.016536,0.038119,-0.010512,0.02797,-0.070464,-0.0043891,0.031867,0.065488,0.0094897,-0.071028,0.025895,-0.0359,-0.0069675,0.039313,0.0055577,0.042587,0.080648,0.06724,0.045019,0.046621,0.02797,-0.046051,-0.025862,-0.0059328,-0.0081325,0.007433,-0.047611,0.014777,0.076708,-0.041521,-0.059675,0.029758,0.032054,0.060635,0.03374,0.087984,0.055147,0.025095,0.017049,-0.0010727,0.011168,0.072413,0.028273,0.077053,0.074084,0.07516,0.046427,0.038112,0.098448,0.097094,0.09053,0.044584,0.089944,0.059671,0.025685,-0.055653,0.056378,0.034639,0.054475,0.06889,0.048452,0.070777,0.056048,0.013928,0.049005,0.11481,0.10474,-0.062047,0.07505,-0.012428,-0.025524,0.0042226,-0.013196,0.0069348,0.023365,-0.023286,0.081048,0.011592,0.0029718,0.074023,0.096874,0.071812,-0.022805,0.081418,0.012562,0.0007097,0.036856,0.043674,0.061291,0.049867,0.010417,0.13004,0.07835,0.076588,0.087806,0.091788,0.073032,0.00020743,-0.046785,0.022683,0.0051927,0.0066969,0.0062035,0.042161,0.050837,-0.019139,0.032654,0.080419,0.0030872,0.07495,0.10859,0.10392,0.067019,0.036706,0.1423,0.15639,0.10668,0.10096,-0.0037632,0.070567,0.028165,0.078482,0.029602,0.033707,-0.053276,0.024289,-0.045124,0.12481,0.033544,0.068162,0.088638,0.027204,0.03313,0.0441,0.080378,-0.014015,0.029514,0.026438,0.027482,0.049872,0.081837,0.074773,0.049066,-0.045322,0.04827,0.043511,0.02706,0.069402,-0.0090479,-0.03737,0.010006,-0.043388,0.0014858,-0.051279,0.021314,-0.013842,0.046551,0.031138,0.056841,0.0033964,0.040328,-0.0011833,0.068938,0.030337,0.044449,0.14233,0.01711,0.021485,0.083529,0.11798,0.12134,0.12696,0.10102,0.051323,0.062781,0.034751,0.019471,0.0092478,0.052057,0.11513,0.047286,-0.027494,0.038742,0.0279,-0.024163,-0.00848,0.029273,-0.0069458,-0.032602,0.052151,0.11232,0.039281,0.03721,0.06016,0.072296,-0.0017316,0.082636,0.05011,0.054254,0.058857,0.098233,0.011869,-0.024129,0.050035,0.016768,0.019479,0.028101,0.027758,0.084757,0.0046809,-0.021502,0.089065,0.012464,0.020908,0.069087,0.10897,0.03785,0.0068764,0.06807,-0.012346,-0.079059
0.068092,0.071214,1,0.1696,0.050117,0.0075634,0.10476,0.086691,0.04728,-0.034568,0.019463,0.022475,0.1271,0.081017,0.1607,0.04127,0.08539,-0.027405,0.10782,0.034868,0.15229,0.092307,0.083767,0.056005,0.1104,0.069916,0.17988,0.13693,-0.02073,0.039769,0.024765,0.091692,-0.026543,-0.088299,0.13305,0.097393,0.07099,0.094634,0.062254,0.15601,0.044513,0.098181,0.051973,-0.0052333,0.0097526,-0.0091713,0.094464,-0.058507,-0.0039457,0.085295,0.058677,0.056716,0.052982,-0.025928,0.14821,0.0064299,-0.037671,0.13722,0.19798,0.062547,-0.021099,0.022561,-0.099625,-0.058771,-0.086699,0.045481,0.1111,0.09834,0.035331,0.14072,0.14386,0.15828,0.079982,0.11451,0.051154,0.03288,-0.0045177,-0.061703,-0.07144,0.12037,-0.013475,-0.048538,0.13387,0.18084,0.16961,-0.015699,0.0051373,0.15544,0.094228,0.062443,0.11648,0.043249,-0.08723,-0.01076,0.051981,-0.013412,-0.0064763,-0.012703,0.077874,0.013022,-0.05936,-0.0032125,-0.13965,-0.063059,-0.15334,0.022103,0.08539,-0.027192,-0.11303,-0.036733,0.053151,-0.072102,0.09852,-0.0058854,0.0059584,-0.076098,0.040449,0.068201,0.11162,0.15003,0.070625,-0.025371,0.15579,0.13111,0.090136,0.08973,-0.031594,-0.12446,0.099264,-0.02742,0.038451,-0.075616,-0.078963,0.064502,0.082771,-0.049535,0.05515,-0.014917,0.045515,0.010106,-0.020775,0.072852,0.13085,0.12721,0.10169,0.0087446,-0.025176,-0.0026529,-0.05221,0.12944,0.08389,-0.011216,0.010043,0.053586,0.035214,-0.073243,0.10144,-0.01967,-0.015002,0.070161,-0.017522,-0.0043625,-0.074876,-0.040222,0.024881,0.042626,-0.083371,-0.10327,0.093702,0.014543,-0.0037278,0.066976,0.06904,0.045307,0.12084,0.081803,0.094996,0.12798,-0.021926,-0.006635,-0.038126,0.036272,0.07095,0.15444,0.014381,0.03451,0.12357,-0.037801,-0.074601,0.02746,0.085359,0.063805,0.19066,0.18958,-0.010713,0.014059,0.038335,-0.085089,0.10722,0.058752,0.022696,0.087128,0.085662,0.10741,0.055047,0.043619,0.16642,0.173,0.024303,0.01969,0.11251,0.12263,0.062404,0.0041646,0.062927,0.051146,0.064722,0.092511,0.086337,0.095405,-0.00074411,-0.043756,0.065945,0.063325,0.16334,-0.057173,0.079142,-0.024242,0.10208,0.095848,0.10058,0.11844,0.14971,0.14071,0.15607,-0.045404,0.042944,0.19698,0.05206,0.059784,-0.072884,0.023145,-0.043529,-0.10071,-0.023584,0.025738,0.018571,0.082439,-0.0082347,0.17522,0.11221,0.14356,0.11761,0.070672,0.15744,0.0064989,0.033692,0.085451,0.017541,0.21412,0.13925,0.058774,0.16471,0.18488,0.1042,0.13992,0.084586,0.17931,0.18476,0.20114,0.17776,0.043056,0.016086,0.14418,0.10729,0.052419,0.018255,0.056451,0.03646,0.013879,0.0082788,0.013972,-0.13097,0.041658,-0.0001357,0.10643,0.10567,-0.038996,0.15251,0.045382,0.081002,0.033465,0.15424,-0.031912,-0.05063,0.10633,0.09531,0.057537,0.15108,0.14703,-0.026291,-0.00045077,0.011584,-0.039498,0.079632,0.18563,-0.03228,0.046076,0.015788,0.055894,0.021758,-0.031493,-0.0017881,0.038202,-0.0051774,0.011094,0.2569,0.13209,0.6221,0.12763,0.14428,0.013106,0.14465,0.14367,0.17035,0.090301,0.16124,0.15986,0.10506,0.1827,0.23231,0.066599,0.13837,0.12253,-0.015819,-0.050456,0.058106,0.15294,0.10046,-0.051137,0.053533,0.022963,-0.082664,-0.041779,-0.02569,-0.012415,-0.098434,0.033705,0.1104,0.12834,0.04616,0.051635,0.078571,0.092708,0.11068,0.11471,0.061672,0.13388,0.12995,0.15998,0.094046,-0.024353,0.10807,0.061573,0.10308,0.016356,0.11588,-0.024602,0.11988,0.08459,0.15622,0.15051,0.15819,0.19434,0.19882,-0.010293,0.11736,0.098453,0.03335
0.072928,0.060309,0.1696,1,0.071967,0.063898,0.079887,0.057538,0.04186,0.0021737,0.032262,0.019674,0.097629,0.089396,0.21188,0.065638,0.1114,0.042511,0.071604,0.13046,0.091227,0.13217,0.15169,0.12594,0.13169,0.09782,0.14698,0.13677,0.014498,0.058618,-0.054747,0.12172,0.10592,0.026306,0.11057,0.063506,0.096335,0.074237,0.06996,0.075171,0.050051,0.075391,0.094737,-0.021408,-0.0019858,0.11208,0.029404,0.017133,0.11285,0.17913,0.067394,0.11811,0.10525,0.10404,0.13394,0.054791,0.033179,0.13044,0.093341,0.055823,0.074686,0.026345,-0.036417,0.042224,-0.0041506,0.083558,0.10998,0.10383,0.069279,0.13866,0.13321,0.14463,0.10303,0.10802,0.076422,0.015864,0.04782,0.041655,0.01557,0.097527,0.056685,0.012002,0.15788,0.12231,0.11392,0.075894,0.12139,0.11212,0.071101,0.11028,0.16948,0.037663,-0.081789,-0.065753,0.067752,0.051436,0.0069792,0.014454,0.06112,0.034236,-0.0029166,0.067127,-0.028378,0.02277,-0.071366,0.03908,0.109,0.052221,-0.013248,0.035225,0.075405,0.010928,0.07333,0.02315,0.06648,0.029446,0.077049,0.013258,0.087682,0.10421,0.067963,0.040502,0.077823,0.056909,0.064403,0.11007,-0.0045726,-0.048476,0.055085,0.013856,0.019129,0.0041525,-0.00026245,0.055627,0.098695,0.024553,0.1785,0.25641,0.5397,0.14522,0.059157,0.018093,0.093978,0.044362,0.062648,0.058807,0.021243,0.012047,0.050386,0.15052,0.14131,0.11204,0.095438,0.077743,0.081907,-0.0085564,0.078107,0.017578,0.026115,0.1017,0.10264,0.060663,0.026809,0.085191,0.07273,-0.024609,-0.048123,0.010417,0.1829,0.12418,0.096493,0.06771,0.073916,0.046223,0.083465,0.10614,0.12494,0.11062,0.041956,0.070575,0.021563,0.043815,0.051571,0.065893,0.020258,-0.0016501,0.096414,-0.030537,0.036443,0.026681,0.059183,0.085538,0.095875,0.12107,0.094149,0.075833,0.018296,0.076446,0.066499,0.11786,0.062354,0.13167,0.13401,0.126,0.10877,0.12248,0.13021,0.13225,0.05652,0.016178,0.014911,0.085639,0.094953,0.087781,0.098564,0.046071,0.087467,0.10569,0.10218,0.089873,0.042743,0.03611,0.12844,0.024953,0.048082,0.03973,0.079393,0.058075,0.11819,0.18023,0.087568,0.12741,0.12409,0.15416,0.09463,0.10824,0.05273,0.074133,0.093915,0.093823,0.049101,0.060463,-0.011115,0.035394,0.043769,0.058405,0.07812,0.078802,0.076764,0.10848,0.10547,0.12944,0.096001,0.05804,0.070922,0.061346,0.0066969,0.073362,0.058999,0.16465,0.13616,0.022155,0.16773,0.17318,0.12191,0.11104,0.12344,0.1231,0.080346,0.13355,0.17656,0.086491,-0.014529,0.047781,0.057712,0.064909,-0.015514,-0.021506,0.0093494,0.059915,-0.019754,0.059313,-0.034253,0.059296,0.038421,0.075909,0.10419,0.054316,0.14375,0.070274,0.11803,0.052239,0.068827,0.025111,0.0062601,0.058786,0.042775,0.052237,0.086694,0.087338,0.089493,0.0017057,0.084812,0.044995,0.072314,0.085993,-0.00057394,0.040435,0.039957,0.025528,0.043172,0.013571,0.037899,-0.010446,0.016225,0.031906,0.10911,0.07112,0.10123,0.11396,0.12192,0.043925,0.07029,0.071669,0.1041,0.054353,0.053137,0.042121,0.12575,0.18765,0.17322,0.082008,0.092111,0.091741,0.0062203,-0.070752,0.08919,0.09153,0.082539,-0.062793,0.1199,0.081442,-0.024591,0.028657,0.025502,-0.00055412,-0.081623,0.080108,0.12815,0.17755,0.10874,0.060396,0.063432,0.07033,0.12193,0.11202,0.13863,0.1005,0.092246,0.12943,0.1259,0.049181,0.066981,0.040843,0.063559,0.075981,0.059821,0.013938,0.096632,0.025247,0.072478,0.090936,0.060209,0.093268,0.13224,0.064065,0.078295,0.13285,0.14109
0.085624,0.0056122,0.050117,0.071967,1,0.10046,0.14594,0.11752,-0.0045704,-0.033702,0.076981,0.15168,0.1593,0.044015,0.12189,0.067941,0.064853,0.050731,0.035004,0.16592,0.14421,0.12777,0.17749,0.09717,0.14084,0.12803,0.091101,0.17748,0.034448,0.012904,0.031329,0.12614,0.0019404,-0.001266,0.11304,0.046129,0.082034,0.1195,0.10871,0.12531,0.14695,0.098155,0.098287,0.05483,0.11909,0.087696,0.14417,0.040145,-0.058186,0.080918,0.080197,0.01272,-0.0043527,0.016334,0.17501,0.17677,0.084716,0.094022,0.12887,0.13243,0.083183,0.13775,-0.012417,0.045301,0.070471,0.050832,0.019254,0.11955,0.04369,0.097146,0.11512,0.12934,0.11924,0.14237,0.035142,0.065504,0.068986,-0.05085,0.093996,0.052448,0.083497,0.030416,0.12805,0.028566,0.11581,-0.076725,-0.054235,0.13358,-0.086466,-0.034017,0.0092486,-0.044891,0.12139,0.067465,0.076044,-0.013514,0.062887,0.086817,0.054332,-0.024164,-0.0096305,-0.07679,-0.0053181,0.0038881,0.046656,-0.030771,0.050063,-0.064939,-0.072136,0.13661,0.13678,-0.034799,0.080653,-0.045639,0.064949,-0.099906,-0.069353,0.095029,0.0041399,0.11851,0.085671,0.025588,0.13319,0.11598,0.097824,0.16156,0.049413,0.060388,-0.0062802,0.017174,-0.0083623,-0.04811,-0.024788,0.12065,0.056045,-0.013952,-0.025172,0.016165,0.047464,0.094385,-0.038389,-0.082948,0.16962,0.14586,0.086124,0.084596,-0.0014872,0.079572,-0.016865,0.060076,0.00571,-0.054935,0.001036,0.17143,0.13598,0.008902,0.033418,0.064232,-0.051839,0.071677,0.15647,0.071821,-0.025811,-0.094531,0.040261,-0.0010336,0.015646,-0.05968,0.028976,-0.088994,0.098947,0.084647,0.078588,0.04354,0.093756,0.01403,0.093351,0.12484,0.096503,0.00066205,-0.062876,0.019509,0.064102,0.084119,-0.012908,0.025849,0.075364,0.15291,-0.0032737,-0.025398,0.058005,0.11368,0.16571,0.13683,-0.11679,-0.0056729,0.088001,0.045088,0.064286,0.14264,0.029267,0.076581,0.17638,0.14708,0.14493,0.13498,0.094713,0.15627,0.044155,0.069216,0.068658,0.13356,-0.0098641,0.011741,0.037038,0.03117,0.15461,0.11615,0.11724,0.063788,0.0085934,0.017937,0.15066,0.013721,0.06744,-0.0033353,0.1281,-0.026099,0.0035544,0.073196,0.037981,-0.0060098,0.045218,0.14045,0.083801,0.067455,0.11263,0.11112,0.080876,0.095804,0.042877,-0.0075505,0.04948,0.04733,0.0014834,0.074595,0.036974,0.034658,0.05807,0.085984,0.10162,0.15635,0.12246,0.0788,0.081088,0.023905,0.070791,0.14979,0.13909,0.12791,0.16538,-0.022299,0.10175,0.12629,0.16568,0.047196,0.15318,0.094608,0.010441,0.089246,0.064796,0.012205,0.0020442,0.092245,0.10907,0.0097895,0.065583,0.040333,0.029628,0.049387,0.072835,0.035497,0.0084522,-0.013541,0.14218,-0.0174,0.075787,-0.028295,0.074595,0.15412,0.08626,-0.035377,0.073929,0.036034,0.0022094,0.11946,-0.017909,0.059221,0.11043,0.12411,0.062169,0.13491,0.031623,0.010987,-0.019292,0.16141,0.11172,0.13508,0.014734,0.19813,0.064958,0.014697,0.082904,0.084594,0.020605,0.07146,0.063477,0.14937,0.074062,0.10451,0.030164,-0.018384,0.12949,0.040397,0.13673,0.049224,0.10787,0.081603,0.043455,0.08559,0.018397,-0.0091351,0.054036,0.031279,0.033462,-0.028783,0.050927,0.05772,0.039518,0.01043,0.0975,0.10096,-0.0080262,-0.020969,0.035682,0.067313,-0.057872,0.0008202,0.058045,0.069684,0.077342,0.064138,0.15217,0.11277,0.093105,0.056496,0.057683,0.055698,-0.021476,0.067432,0.12076,0.057507,0.12404,0.16302,0.11997,0.10218,0.020783,0.060024,0.072565,-0.0039684,0.10977,0.13175,0.12813,0.13079,0.13773,-0.029867,0.11764,0.14635,0.14566
0.11176,-0.030679,0.0075634,0.063898,0.10046,1,0.046225,0.096766,-0.058251,-0.049299,0.094997,0.073752,0.18338,0.026219,0.071341,0.14905,0.079108,0.18485,0.0080475,0.26739,0.18755,0.16175,0.24832,0.22657,0.22864,0.15237,0.095724,0.2063,0.1504,0.050848,-0.045054,0.17557,0.16032,0.15532,0.10872,0.024862,0.16195,0.14647,0.14734,0.13695,0.21151,0.15083,0.15527,0.11929,0.13176,0.16297,0.12867,0.20056,0.053478,0.15172,0.070306,0.071154,0.071011,0.16071,0.18906,0.20253,0.16867,0.15671,0.10201,0.082425,0.21929,0.17237,0.11946,0.16755,0.22435,0.078548,0.02654,0.14448,0.10091,0.15716,0.14528,0.14704,0.18045,0.15845,0.070566,0.043653,0.030779,0.008505,0.14317,0.015555,0.066331,0.13736,0.17839,0.043712,0.054853,0.065223,0.075381,0.0080135,-0.066602,-0.024749,0.063532,0.00059951,0.16598,-0.035149,0.031561,0.10354,0.10772,0.10869,0.082385,0.043021,0.10519,0.032719,0.14488,0.081338,0.13048,-0.017483,0.075708,0.034199,-0.012248,0.14277,0.13859,0.065134,0.084773,0.033361,0.15098,0.091875,-0.00094369,0.077702,0.093751,0.057728,0.11413,0.11124,0.13391,0.10651,0.11879,0.16768,0.063361,0.10349,-0.038452,0.04712,0.022337,0.022446,0.058577,0.094628,0.085767,0.10906,-0.035863,0.11451,0.10396,0.15892,0.043221,-0.11901,0.163,0.12446,0.073071,0.1524,-0.012396,0.056153,0.099178,0.081877,0.10498,0.11916,0.097182,0.17672,0.22183,0.13582,0.082069,0.15401,0.09612,0.17247,0.24954,0.18292,0.16199,0.11403,0.11379,0.038025,0.096142,0.13372,0.10885,0.069338,0.19844,0.076947,0.085216,-0.015399,0.1581,0.10765,0.13476,0.16624,0.13097,0.12595,0.04113,0.070745,-0.010495,0.032439,-0.024478,0.048012,0.068039,0.15228,0.13197,0.039016,-0.0078642,0.12247,0.10258,0.15747,0.010611,0.065901,0.091535,0.14247,-0.019339,0.19394,0.065599,0.14075,0.2397,0.21023,0.26338,0.25636,0.10593,0.21166,0.11679,0.10852,-0.034744,0.10503,0.044287,0.12258,0.051181,0.038693,0.24194,0.13301,0.14355,0.18391,0.1102,0.096962,0.20442,0.034595,-0.053646,0.16388,0.14402,0.015932,0.082962,0.10554,0.030679,0.013453,0.035462,0.18873,0.04689,0.1661,0.13368,0.029369,0.085389,0.15027,0.14893,0.0040507,0.060957,0.11537,0.041495,0.093812,0.067945,0.029753,0.1271,0.094087,0.10014,0.18068,0.13171,0.12321,0.016144,0.12186,0.074639,0.15511,0.14485,0.081787,0.14314,-0.052651,-0.022618,0.12615,0.11996,0.037257,0.16394,0.023451,-0.055273,-0.011493,-0.0078395,0.062487,-0.019841,-0.0056054,0.061586,0.003194,0.11206,-0.009396,0.097163,0.046059,0.12287,0.13667,0.12769,0.088845,0.17568,-0.059647,0.11049,0.071854,0.037668,0.084657,0.13745,-0.012036,0.022091,0.17443,0.08935,0.15582,-0.032053,0.076478,0.11912,0.069785,0.19063,0.12784,0.10975,0.10771,-0.047048,0.16877,0.1436,0.093468,0.068644,0.12006,0.11987,0.067752,0.11349,0.08984,0.088759,0.14805,-0.059706,0.13328,0.016154,0.13416,0.03284,0.052488,0.099303,0.067933,0.084853,0.041086,0.097718,0.057293,0.098867,0.081911,-0.026564,0.082252,0.066331,0.011745,0.01182,0.096599,0.12101,0.059402,0.088352,0.026972,0.16772,0.18116,0.14877,0.10225,0.12631,0.1313,0.085944,0.096586,0.077034,0.10696,0.071707,0.11015,0.13505,0.15912,0.18038,0.088253,0.15637,0.030832,-0.008871,0.073197,0.16962,0.1864,0.075245,0.11173,0.057684,0.12737,0.034404,0.069336,0.090394,0.0040469,0.023685,0.05641,0.060461,0.13639,0.13774,0.080545,0.069378,0.095864,0.24812
-0.0046813,0.0039208,0.10476,0.079887,0.14594,0.046225,1,0.28455,0.054412,0.022896,0.16997,0.15405,0.20248,0.16824,0.19599,0.088176,0.1005,0.19373,0.29065,0.15591,0.09817,0.12829,0.15591,0.16563,0.16034,0.076414,0.1178,0.18492,0.046654,0.014032,0.10794,0.10873,0.011521,-0.055748,0.10382,0.10521,0.038219,0.12052,0.10171,0.13798,0.14513,0.0575,0.12891,0.10555,0.18214,0.037106,0.14502,0.09155,-0.071848,0.0094355,0.14029,-0.0023523,0.060933,-0.011234,0.17384,0.14764,0.088967,0.09367,0.18989,0.1331,0.10301,0.091918,0.05984,0.083094,0.075749,0.10738,0.09416,0.16595,0.084083,0.11048,0.16465,0.16419,0.10633,0.16043,0.054487,0.074002,0.063509,0.018173,0.075968,0.079281,0.10391,0.095789,0.06699,0.072503,0.16303,0.019438,-0.062358,0.14963,0.1135,0.12411,0.012104,0.17024,0.048296,0.043792,0.14585,0.043789,0.1271,0.061403,0.12222,0.138,0.056859,0.049479,0.041074,0.060384,0.087745,0.085555,0.01441,-0.028012,-0.05649,0.14346,0.13754,0.015664,0.058162,0.050153,0.060196,-0.023167,0.045415,0.064883,0.033563,0.12987,0.080897,0.047074,0.13489,0.12201,0.093888,0.14011,0.080863,-0.062433,0.033651,0.10663,0.015639,-0.095963,-0.11728,0.037293,0.10043,0.022226,-0.020023,0.020321,-0.013859,0.085702,-0.057149,0.00091809,0.11642,0.038146,0.046556,-0.025586,-0.073735,0.020242,-0.015225,0.021299,0.007238,-0.026302,-0.033191,0.068191,0.097088,0.030514,0.077601,-0.011636,-0.032645,0.034136,0.039953,0.080475,0.030724,-0.036425,0.045527,0.064859,0.076451,0.015527,0.0026666,-0.079151,0.027708,0.1022,0.075215,0.02238,0.079423,0.042546,0.11148,0.11162,-0.0081856,-0.0082075,0.00013813,0.071611,0.037311,0.14204,0.014555,0.094095,0.076373,0.13515,0.050226,0.096146,0.081076,0.15792,0.23835,0.10805,-0.14162,0.07393,0.054754,0.033287,0.15553,0.1404,0.09315,0.11368,0.12127,0.15202,0.11238,0.12369,0.14467,0.15715,0.07149,0.13927,0.17156,0.12497,0.052686,-0.012845,0.049465,0.13102,0.13546,0.11484,0.11585,0.073776,0.10859,0.02461,0.14044,0.081085,0.16608,-0.040274,0.11181,0.049322,-0.002687,0.017748,0.15976,-0.029953,0.11954,0.10233,0.14386,0.10237,0.18667,0.16403,0.088009,0.065064,0.043158,0.12033,0.057149,0.022321,0.054171,0.12337,0.067455,0.074964,0.070096,0.12042,0.14513,0.17709,0.14791,0.10869,0.15202,0.080068,0.078524,0.18242,0.1631,0.18044,0.25385,0.21596,0.2264,0.12555,0.14819,0.22605,0.1083,0.13714,0.18729,0.25286,0.094133,0.16359,0.11,0.13932,0.15467,0.22521,0.16896,0.179,0.088712,0.08465,0.14825,0.12481,0.060682,0.15584,0.19035,0.17919,0.070086,0.12556,0.1377,0.21266,0.10599,-0.0031608,0.081159,0.10319,0.018617,0.17087,0.15011,0.095806,0.1555,0.13952,-0.0028696,0.029399,0.032881,0.0040713,0.064775,0.13569,0.1737,0.16457,0.017304,0.19992,0.016291,0.011714,0.039023,-0.016518,0.11965,0.13468,0.12282,0.067563,0.10228,0.044453,0.018075,0.018829,0.10334,0.019398,0.12042,0.049254,0.048996,0.13019,0.14625,0.072197,0.096963,0.15965,0.11675,0.15393,0.079526,0.095432,0.15475,0.17841,0.13097,0.021527,0.056283,0.099273,0.040541,0.045494,0.092448,0.11318,0.068238,0.19229,0.097446,0.12022,0.13125,0.063872,0.051997,0.038221,0.10515,0.10045,0.075187,0.10067,0.058298,0.097795,0.077007,0.097196,0.043381,0.069486,0.13191,0.094246,0.090873,0.22313,0.12407,0.19583,0.11153,0.15256,0.20669,0.14285,0.07374,-0.0020266,0.14572,0.22055,0.12226
0.082629,-0.015328,0.086691,0.057538,0.11752,0.096766,0.28455,1,0.00070256,0.0090543,0.19213,0.17574,0.20831,0.14147,0.16304,0.15089,0.13083,0.28026,0.11869,0.2053,0.16325,0.1818,0.20523,0.12603,0.17245,0.17698,0.099591,0.20749,0.15707,0.091664,0.12239,0.18518,0.029443,0.065616,0.1664,0.1537,0.13055,0.17684,0.15362,0.14704,0.1855,0.15403,0.14331,0.18092,0.20317,0.070394,0.15018,0.10167,-0.034646,-0.020832,0.15779,-0.006206,0.040439,0.071988,0.17172,0.1812,0.15719,0.10391,0.13244,0.10953,0.073884,0.2311,0.15829,0.092819,0.16049,0.10855,0.074683,0.1972,0.13611,0.114,0.14439,0.17743,0.13777,0.15672,0.096489,0.077549,0.069052,-0.0049442,0.14735,0.074028,0.19427,0.16294,0.16442,0.10531,0.16959,0.038852,-0.026459,0.10082,0.04432,0.093093,0.129,0.17668,0.16844,0.057801,0.15911,0.13581,0.18733,0.14745,0.1304,0.13211,0.10793,0.11101,0.16715,0.16226,0.21782,0.070691,0.080092,0.14017,-0.017686,0.22278,0.13849,0.060695,0.11841,0.071995,0.14374,0.0072392,0.085972,0.091496,0.027566,0.10688,0.097245,0.048387,0.16366,0.10977,0.085943,0.18509,0.15038,0.092702,0.0058789,0.19471,0.038406,0.039709,0.011917,0.10032,0.099647,0.079281,-0.0043931,0.096273,0.0063579,0.073427,-0.045603,-0.031226,0.13666,0.094397,0.12648,0.088833,-0.035118,0.044427,0.075534,0.043631,0.03314,0.071018,0.089912,0.12421,0.15924,0.072406,0.0554,0.096195,0.0016457,0.099548,0.15642,0.093552,0.14258,0.042598,0.070743,0.08947,0.15315,0.16438,0.027307,-0.0046152,0.13309,0.11163,0.10473,0.033474,0.10026,0.063639,0.13283,0.19541,0.052712,0.041732,-0.00076481,0.098195,0.044993,0.11742,0.069825,0.026455,0.054529,0.21661,0.17454,0.15459,0.0763,0.13328,0.17773,0.15571,-0.064576,0.13368,0.057425,0.15151,0.16632,0.19614,0.024946,0.15422,0.18212,0.18844,0.16334,0.16794,0.14365,0.21741,0.12526,0.15368,0.010524,0.16377,0.068485,0.024779,0.082648,0.12848,0.19197,0.16951,0.16494,0.10617,0.11527,0.023943,0.20912,0.031011,-0.0035189,0.0099747,0.058703,0.018541,-0.030109,-0.027136,0.11342,-0.065194,0.040666,0.097581,0.1181,0.12134,0.19718,0.11465,0.056245,0.11574,0.079816,0.10205,0.067402,0.018162,0.059677,0.08173,0.079786,0.12532,0.11954,0.12013,0.10866,0.219,0.14985,0.090543,0.13451,0.064304,0.056454,0.18708,0.1939,0.14635,0.18361,0.074566,0.053697,0.11558,0.10539,0.057493,0.076047,-0.00054287,0.0033323,0.067124,0.021624,0.092255,0.0039959,0.0058716,0.058256,0.052487,0.15726,0.028061,0.050127,-0.016161,0.11333,0.13367,0.12892,0.15268,0.2293,-0.032872,0.01863,0.07716,0.074211,0.21856,0.12681,0.010289,0.066377,0.12583,0.066689,0.11032,0.059406,0.12359,0.13951,0.1255,0.061414,0.11129,0.049812,0.033073,0.0315,0.1498,0.202,0.16198,0.021564,0.24314,0.060538,0.037535,0.097932,0.056171,0.11552,0.13628,0.023513,0.14563,0.060251,0.064239,0.0039634,0.016862,0.098687,0.032089,0.076015,0.020539,0.0061149,0.089037,0.055213,0.035988,-0.02186,0.08662,0.10942,0.10548,0.020504,0.053088,0.13035,0.089469,0.051194,-0.028048,0.10095,0.077051,0.11314,0.042433,0.079466,0.12033,0.049123,0.09943,-0.022226,0.0052393,0.15631,0.042018,0.11341,0.042033,0.11904,0.091473,0.12402,0.079584,0.0083479,0.085693,0.058517,0.11887,0.11039,0.12266,0.1718,0.11503,0.083537,0.18014,0.14417,0.07616,0.035538,0.17022,0.16554,0.16917,0.053613,0.010289,0.16507,0.2166,0.16399
-0.011078,0.027762,0.04728,0.04186,-0.0045704,-0.058251,0.054412,0.00070256,1,0.024601,0.055716,0.019266,-0.04675,-0.0094887,0.012047,-0.021505,0.0047939,0.049131,0.065352,-0.028242,-0.057738,-0.038153,-0.02379,-0.0021892,-0.021156,-0.015998,0.020682,-0.010225,0.014829,0.010139,0.023004,-0.059884,-0.02956,-0.0054973,-0.036908,0.0085155,-0.035644,-0.036645,-0.030786,0.019221,0.00048823,-0.05438,0.046644,0.01553,0.0015257,0.015914,-0.01828,-0.024706,0.0072145,-0.021826,-0.014783,-0.016948,0.0076172,-0.00473,-0.04204,-0.041722,-0.0017051,0.0090928,-0.01109,-0.0042376,-0.029218,0.017985,0.017124,-0.017172,-0.059767,0.0061608,0.029039,-0.012517,-0.02351,0.0036092,0.02433,0.012666,-0.01268,0.0028976,0.022744,0.053354,0.012057,0.082551,0.02162,0.036036,0.0033706,-0.016743,-0.0025193,-0.010777,-0.024005,0.019305,0.038073,0.015387,0.070964,0.056205,0.0094617,0.060822,-0.0069431,-0.011917,0.001592,-0.014361,0.010705,0.010705,0.0016986,0.018315,-0.017024,0.042253,0.027609,0.0017878,0.044788,0.055224,-0.0083178,-0.0084188,0.014331,-0.0060521,0.031109,0.040688,-0.022021,0.030934,-0.027018,0.015503,0.040442,0.017886,0.015453,0.023181,0.0027344,0.005476,-0.0045485,-0.0078829,-0.031369,-0.0079658,0.0031869,-0.022808,0.018168,0.043173,0.024893,0.0043168,0.00526,-0.0059562,0.033235,-0.01258,0.0021494,0.05438,-0.00074266,-0.033728,0.013443,0.033208,-0.038797,-0.025175,-0.0085134,-0.010646,-0.023859,0.01842,0.032285,-0.015742,-0.030727,0.017424,-0.007784,-0.060475,-0.043564,-0.039705,-0.0018314,-0.028841,0.032483,-0.017125,-0.050189,-0.027886,0.0016863,0.013212,0.0078228,0.023777,0.024213,0.026921,0.0098194,0.0025978,-0.068452,0.023051,-0.0043786,-0.0010743,-0.047158,-0.02297,-0.028088,-0.049546,-0.050982,0.012166,0.023912,0.0040447,-0.0047479,-0.0074967,0.014346,0.0036158,0.0051515,-0.012752,0.036639,0.019518,-0.0055324,0.047469,0.018732,-0.020858,-0.009527,0.02822,-0.02524,0.016751,0.063914,-0.00010758,0.0014236,-0.024717,-0.031926,-0.025063,-0.036416,-0.054983,0.030786,0.027481,-0.0015115,0.006315,-0.029976,-0.021935,0.0154,0.0034001,-0.01676,-0.014056,-0.052773,-0.028614,-0.014221,-0.037292,0.0012676,-0.033921,0.023644,-0.017198,0.013586,-0.031056,-0.028164,0.014576,0.022679,-0.01337,0.041377,-0.024148,0.029659,-0.034323,0.03986,0.0070898,0.023456,0.054611,0.0071253,0.012513,-0.033172,0.059597,0.017757,0.0033748,0.014159,-0.022812,-0.013893,0.030874,-0.037632,0.024415,0.022842,0.0057341,0.041444,0.069157,0.052786,0.013986,0.0077755,0.022483,-0.00066936,0.0098687,0.025093,0.025904,0.068479,0.010976,0.005861,0.036261,-0.016839,0.030116,0.041374,0.046251,0.023457,0.03199,0.0033991,0.0022674,-0.013229,0.026282,0.015079,-0.0085018,-0.020161,-0.018338,-0.017796,0.017652,0.035987,0.024557,0.023457,0.055403,-0.010058,0.028556,0.049878,0.034246,0.013106,0.015845,0.036396,-0.045218,-0.027999,-0.041919,0.030986,0.0704,0.021349,0.021454,-0.0059779,-0.025693,-0.012125,-0.031883,0.014851,-0.026902,0.033482,0.049439,-0.0063142,-0.018549,0.0067812,0.056198,-0.0031782,0.015897,0.013626,-0.021008,-0.016926,-0.056882,0.01997,-0.025757,0.015459,-0.021477,0.033754,-0.0027786,-0.042081,0.015947,-0.011224,0.0079909,0.0035439,-0.025063,0.041451,-0.0044616,0.0096743,-0.00072987,-0.035213,-0.020161,-0.008923,-0.017764,-0.018426,-0.013189,-0.035903,-0.041022,-0.044414,-0.0081226,-0.020559,0.014096,0.0082747,0.027768,-0.0020506,-0.0087971,-0.015589,-0.01993,-0.059167,-0.018397,-0.051145,-0.0085101,-0.022935,0.0053969,0.041571,0.0037906,-0.001837,-0.014678,-0.028785,-0.052263,-0.036797,-0.0098693,0.035455,0.012204,0.041675,0.011352,-0.017931,0.0023772,0.031949,0.0044415,-0.0070166,0.042633,0.023286,0.036761,0.0069933
-0.071151,-0.0051021,-0.034568,0.0021737,-0.033702,-0.049299,0.022896,0.0090543,0.024601,1,0.022439,-0.0073047,-0.040134,0.049951,-0.006058,-0.0071617,-0.0018222,0.02748,0.0091994,-0.046171,-0.052634,-0.025307,-0.049375,-0.0086804,-0.019241,-0.024722,-0.001524,-0.02706,-0.019301,-0.035132,0.0085576,-0.033433,-0.01925,-0.045214,-0.053939,-0.012289,-0.052244,-0.029952,-0.023651,-0.0092894,-0.0035399,-0.048556,0.02638,-0.0037081,0.0055385,-0.038753,-0.039629,-0.061589,-0.061456,-0.077377,-0.029597,-0.025442,0.016193,-0.035443,-0.026966,0.01345,0.011732,-0.0047972,-0.0025487,-0.0024113,-0.0024422,-0.030271,0.011819,-0.025935,-0.051439,-0.0076886,-0.003574,-0.0024779,-0.034493,-0.0030438,0.01469,-0.025032,0.017629,0.05001,-0.018681,0.057782,-0.015985,0.011489,-0.009252,0.0040402,-0.015787,0.016677,-0.055063,-0.01797,0.0015444,-0.030656,-0.061243,-0.01625,0.049559,0.003231,-0.066926,0.036602,-0.003379,-0.02908,-0.00889,-0.016735,0.020733,-0.010893,-0.0054362,0.03092,0.029042,0.0047954,0.0037365,0.043144,0.023239,-0.01821,-0.052545,-0.029016,-0.020791,-0.0061078,0.023336,-0.0045705,-0.025833,-0.003008,-0.031173,-0.032287,-0.003667,-0.010456,-0.00078626,0.041275,-0.011863,-0.021301,-0.020182,-0.012914,-0.029335,-0.040356,0.01891,-0.0088128,-0.0019238,0.060226,-0.0027517,-0.03502,-0.025391,-0.028442,-0.001051,-0.0004421,0.010889,-0.064567,-0.007777,-0.022734,-0.045896,-0.0095916,-0.010913,-0.091306,-0.0085704,-0.050608,-0.054068,-0.071514,-0.053581,-0.051782,-0.079929,-0.042886,-0.047664,-0.040791,-0.049134,-0.054102,-0.025853,-0.086877,-0.083285,-0.069935,-0.063195,-0.051484,-0.025883,-0.036306,-0.02425,0.03738,0.029426,-0.002293,-0.10522,-0.071479,-0.054334,0.02247,0.025768,-0.014015,-0.044524,-0.049056,-0.01832,-0.039477,-0.027275,-0.05619,-0.017171,-0.016101,-0.021493,-0.0030485,-0.014212,0.0053379,0.0029714,0.0029213,-0.0040198,0.02234,-0.051446,0.011245,0.023839,-0.045525,-0.067838,0.031398,-0.0065246,-0.021256,0.067392,0.0012416,0.013276,-0.021244,-0.046903,-0.038184,-0.039341,-0.01594,-0.026933,-0.026993,-0.033506,0.012726,0.0069837,-0.026423,-0.044678,-0.053533,0.0024981,0.016417,-0.027996,-0.010069,-0.065317,-0.006115,-0.0019302,-0.022692,-0.021238,-0.045856,0.010631,-0.033502,-0.05253,-0.054705,-0.08761,-0.080687,-0.041609,-0.054513,-0.032398,-0.07085,-0.014607,-0.01238,-0.052588,0.011246,0.028018,-0.0045876,-0.013686,-0.0032636,-0.019153,0.0041824,0.0039665,-0.00074929,0.0042146,0.015584,-0.047388,0.0013047,-0.00079728,-0.038061,0.010536,0.0083635,0.0029735,0.010184,0.012587,-0.016681,-0.025403,0.0023706,-0.031825,-0.032307,-0.018534,-0.051547,-0.047695,-0.039314,-0.10524,-0.036315,0.008021,-0.012718,-0.065649,-0.069331,-0.0055167,-0.019569,-0.033947,-0.010564,0.0023228,-0.016819,0.013052,-0.029696,-0.0089888,-0.076187,-0.0031246,-0.043708,-0.042225,-0.013997,-0.052933,-0.050506,-0.068953,-0.0071205,-0.023307,-0.0046357,-0.032204,-0.019721,-0.039414,-0.06475,-0.0087883,0.014128,0.0027875,0.0013139,-0.043607,-0.03017,-0.047816,-0.029657,0.030034,-0.013357,-0.015481,0.022955,-0.017245,-0.02132,-0.020828,0.036704,0.019256,-0.00098473,0.0060328,-0.025763,0.0060025,-0.054512,-0.033584,-0.055469,-0.028326,-0.014051,-0.012829,-0.020289,-0.037129,-0.030597,-0.023555,0.0010489,-0.049024,-0.0626,-0.028766,-0.0091623,-0.024733,0.041027,-0.010457,0.0096639,-0.033782,0.0089643,2.4297e-06,-0.022737,-0.053553,-0.047637,-0.043454,-0.047192,-0.022407,0.0065607,0.0097762,-0.049783,-0.067869,-0.056475,-0.0093427,-0.060219,-0.028292,-0.072992,-0.04569,-0.0053982,-0.035003,-0.041629,0.048034,-0.035056,-0.093682,0.015492,-0.052958,-0.021199,-0.020181,0.01989,-0.019018,-0.025399,-0.060305,-0.006947,-0.0053785,0.010179,0.012225,-0.02682,-0.066237,-6.9478e-05,0.027009,-0.0059431,-0.030446
0.019616,0.0012657,0.019463,0.032262,0.076981,0.094997,0.16997,0.19213,0.055716,0.022439,1,0.26843,0.1693,0.091996,0.086764,0.079258,0.067264,0.18681,0.10987,0.11185,0.038837,0.092141,0.12352,0.11433,0.098595,0.074935,0.060174,0.11304,0.13224,0.053291,0.062119,0.10355,0.036644,0.051297,0.089153,0.095823,0.046364,0.10215,0.058203,0.073645,0.12252,0.02853,0.14171,0.10803,0.13796,0.05871,0.084198,0.04831,-0.1045,-0.045275,0.07818,-0.015503,0.0070574,0.0004372,0.1065,0.1549,0.13804,0.07106,0.094855,0.083724,0.12355,0.16104,0.11978,0.095768,0.11208,0.098427,0.090441,0.12491,0.09361,0.054703,0.12177,0.11148,0.1172,0.15063,0.071197,0.066028,0.04152,0.049863,0.1298,0.048576,0.084155,0.090357,0.12663,0.031448,0.10071,-0.065725,-0.095724,0.015979,-0.056694,-0.037017,0.043599,0.070309,0.12655,0.010215,0.050163,0.037843,0.13626,0.095838,0.081367,0.077321,0.047989,0.046084,0.10329,0.091452,0.16301,-0.0089197,0.0026575,-0.013634,-0.074499,0.14257,0.073944,0.015094,0.0031557,0.070979,0.10689,-0.046259,-0.06314,0.11743,0.058711,0.077885,0.083577,0.056297,0.1237,0.13616,0.090822,0.15911,0.1591,0.088084,-0.0055544,0.12876,0.0078899,0.078185,0.01957,0.068565,0.092331,0.084275,-0.020294,0.040161,0.005933,0.059508,-0.045951,-0.025822,0.082086,0.017931,0.061178,0.059883,-0.075239,0.016519,0.0021613,0.036185,-0.013042,-0.0098629,0.013058,0.05042,0.09658,0.013351,0.031026,0.033116,-0.043376,0.0014105,0.083772,0.042568,0.07733,-0.0041388,0.039103,0.092896,0.14337,0.055251,-0.064495,-0.073565,0.058724,0.086341,0.033862,0.012432,9.1594e-05,0.017855,0.086625,0.089838,0.0014038,-0.0057015,-0.044928,0.088851,0.018192,0.068005,0.0026153,0.045983,0.070684,0.19939,0.091448,0.030424,0.043635,0.11592,0.1426,0.087699,-0.10863,0.052298,0.093307,0.10335,0.066444,0.10308,0.057682,0.049857,0.065454,0.097709,0.089932,0.097564,0.09875,0.14342,0.090975,0.17142,-0.013524,0.079185,0.018559,-0.0041961,-0.00020982,0.12301,0.075435,0.10824,0.055444,0.044981,0.041349,0.045184,0.15515,-0.032478,-0.047029,-0.014545,0.0015184,-0.015369,-0.04876,-0.034772,0.081437,-0.10438,-0.00088221,0.025797,0.073738,0.13817,0.15573,0.045316,0.038246,0.14217,0.11939,0.12609,0.072314,0.040507,0.050973,0.11107,0.075113,0.099527,0.07914,0.078238,0.12185,0.14962,0.17218,0.12185,0.11989,0.063585,0.031218,0.20632,0.18493,0.066677,0.077413,0.022006,0.0073057,0.016478,0.065402,-0.014989,-0.0287,-0.037703,-0.019034,0.016211,-0.043457,0.031133,-0.033389,-0.039905,0.018276,0.01138,0.18097,0.0088207,0.022696,-0.0079715,0.094584,0.078406,0.14269,0.080737,0.16949,-0.074821,0.00064831,0.030387,-3.3736e-05,0.13543,0.026423,-0.01639,0.00068128,0.07884,0.043454,0.05686,0.0019699,0.11987,0.11468,0.11215,0.038249,0.031419,0.02917,0.085481,0.054242,0.086699,0.19059,0.18207,0.060918,0.14848,0.04253,0.063029,0.11213,0.04562,0.080856,0.13201,0.0045709,0.088859,0.021366,0.031107,-0.020466,-0.029845,0.090873,-0.047618,0.052886,0.034964,-0.00036469,0.014154,-0.021835,-0.026271,-0.073425,0.021169,0.041854,0.0086567,-0.004985,0.068276,0.092213,0.011858,0.10006,0.011824,0.046842,0.058327,0.069162,0.01307,0.042093,0.16853,0.073014,0.015852,-0.086636,-0.031806,0.10707,0.02559,0.031738,0.033817,0.023747,0.06371,0.061924,0.012271,-0.023386,0.00079563,0.053518,0.095455,0.044853,0.093,0.092095,0.13335,0.034861,0.11161,0.091471,0.0011208,0.032912,0.094945,0.12401,0.095263,-0.0074093,0.0014069,0.049054,0.1177,0.14107
0.047477,-0.0081116,0.022475,0.019674,0.15168,0.073752,0.15405,0.17574,0.019266,-0.0073047,0.26843,1,0.12528,0.076171,0.073286,0.06823,0.063389,0.15664,0.036245,0.11949,0.10606,0.1174,0.12393,0.064385,0.072464,0.097958,0.072666,0.13215,0.13287,0.080453,0.082299,0.12685,0.01909,0.068018,0.13331,0.10503,0.063527,0.13414,0.076163,0.084212,0.12003,0.073659,0.078306,0.14913,0.13671,0.030051,0.12489,0.053302,-0.10268,-0.017934,0.10089,-0.028597,-0.0093676,-0.0090817,0.095428,0.16355,0.12972,0.017599,0.10865,0.08633,0.081159,0.17653,0.11905,0.061823,0.10658,0.092743,0.053188,0.11421,0.085433,0.05423,0.11965,0.14028,0.097727,0.1385,0.067929,0.02986,0.082325,-0.023661,0.13249,0.010081,0.06504,0.070115,0.13844,0.035874,0.10889,-0.043432,-0.10868,0.019659,-0.07101,-0.06836,0.015034,0.069031,0.17861,0.049558,0.074732,0.031128,0.15383,0.12642,0.079858,0.052565,0.049354,0.024271,0.10189,0.12004,0.18625,0.0083263,0.0075743,-0.019627,-0.061444,0.17327,0.096626,0.011441,0.046402,0.045611,0.071125,-0.057739,-0.076542,0.13106,0.054357,0.084576,0.058698,0.020943,0.12677,0.13146,0.097183,0.1426,0.1282,0.11977,-0.015461,0.11552,0.0012576,0.062282,0.019761,0.097331,0.022036,0.029693,-0.057163,-0.0013484,-0.0094687,-0.0032927,-0.11624,-0.04551,0.10735,0.10861,0.074263,0.035167,-0.05106,0.059216,0.0077361,-0.010864,-0.060333,-0.0052084,-0.032538,0.063297,0.12133,0.0075006,0.038374,0.087005,-0.025921,0.030547,0.10101,0.042077,0.063785,-0.04666,0.021793,0.068142,0.10448,0.06763,-0.050695,-0.07414,0.10062,0.079953,0.074243,-0.018212,0.018511,0.017354,0.05841,0.11989,0.04041,-0.025476,-0.053636,0.027621,0.031325,0.04821,0.046101,0.059086,0.041644,0.21168,0.11745,0.041978,0.075887,0.081534,0.13166,0.13413,-0.10874,0.038897,0.086614,0.082986,0.076637,0.12162,-0.0091548,0.079962,0.12675,0.13778,0.10831,0.080377,0.081937,0.11606,0.067206,0.062563,-0.028387,0.13618,-0.021827,0.014408,0.021924,0.074057,0.066758,0.1067,0.09803,0.039207,0.018521,-0.018153,0.12893,-0.0031664,-0.039187,-0.037757,0.038012,-0.024212,-0.065029,-0.065803,0.081939,-0.098468,-0.0026303,0.041418,0.056787,0.077347,0.12021,0.040715,0.013432,0.087916,0.036437,0.046344,0.043562,0.0087359,0.018187,0.0093715,0.00016828,0.083686,0.064326,0.066551,0.060165,0.14624,0.073806,0.049063,0.091455,0.030481,0.047884,0.19705,0.10181,0.0467,0.074076,-0.011197,0.017866,0.044579,0.082434,-0.027831,-0.0075697,-0.041116,-0.01793,-0.0016304,-0.04578,0.0098285,-0.020056,0.0048708,0.050073,-0.012376,0.1139,0.054112,0.01658,-0.01915,0.098457,0.06186,0.11847,0.02927,0.1468,-0.086926,-0.019766,0.0055732,0.0048058,0.16456,0.083594,-0.02491,0.0021633,0.02314,0.011005,0.090146,-0.018014,0.10694,0.094685,0.11283,-0.0073723,0.029371,0.0097714,0.036454,0.031151,0.13789,0.16893,0.15598,0.027232,0.14657,0.047853,0.049379,0.081861,0.042452,-0.0025243,0.071719,-0.028602,0.093195,0.030353,0.053925,-0.020071,-0.0090735,0.11939,-0.0096426,0.026111,-0.0102,0.070086,0.051351,0.024756,-0.041111,-0.08003,-0.0083029,0.044487,0.014736,-0.010039,0.028197,0.031736,0.016066,0.045176,0.0057761,0.078133,0.022265,0.025759,0.015974,0.023264,0.11583,0.041976,0.0016193,-0.033997,-0.038647,0.095793,0.041142,0.085657,0.031106,0.02937,0.042042,0.03727,0.022725,-0.033308,0.028134,-0.0036834,0.059614,0.079015,0.072817,0.078972,0.056838,-0.010327,0.068114,0.065008,-0.002019,0.036944,0.10893,0.13257,0.11311,0.037515,-0.05331,0.094571,0.054712,0.10616
0.097653,0.063587,0.1271,0.097629,0.1593,0.18338,0.20248,0.20831,-0.04675,-0.040134,0.1693,0.12528,1,0.27701,0.27316,0.16005,0.17491,0.2483,0.21001,0.46029,0.39127,0.38776,0.44176,0.35686,0.44156,0.28949,0.37083,0.52492,0.26134,0.17047,0.11466,0.38466,0.16124,0.069954,0.30571,0.2137,0.28893,0.29741,0.31787,0.36133,0.36972,0.32951,0.31385,0.26249,0.29418,0.22651,0.26692,0.29619,-0.040622,0.22319,0.17189,0.095043,0.084337,0.074887,0.47212,0.35093,0.28898,0.30915,0.31133,0.27542,0.32907,0.27064,0.17171,0.25535,0.33999,0.20171,0.16855,0.33653,0.26688,0.44829,0.38759,0.46346,0.3547,0.37038,0.24263,0.14526,0.073387,0.041363,0.20911,0.062942,0.14297,0.16179,0.20464,0.13987,0.25378,0.060272,0.027452,0.13582,0.013605,0.059789,0.11649,0.1253,0.19717,0.077344,0.14625,0.12039,0.21583,0.20293,0.25414,0.17844,0.1346,0.07454,0.1151,0.10948,0.13591,0.011349,0.14114,0.0004173,-0.095778,0.21246,0.22251,0.012142,0.13657,0.05739,0.3055,0.06267,0.020301,0.20592,0.22034,0.30465,0.23373,0.22619,0.32285,0.31275,0.26311,0.40877,0.11817,0.037817,0.065162,0.064151,0.00031412,0.028283,0.01995,0.24794,0.28933,0.24476,-0.081871,0.13787,0.090517,0.29774,-0.013807,-0.047079,0.36132,0.24678,0.16497,0.22283,0.023731,0.14998,0.081441,0.16593,0.11522,0.1015,0.12389,0.29419,0.32544,0.24417,0.26856,0.20068,0.089509,0.26458,0.38828,0.37241,0.17855,0.11958,0.25221,0.20407,0.18395,0.078112,0.16913,0.01496,0.29279,0.20581,0.18592,0.10597,0.32877,0.22277,0.34481,0.36136,0.21389,0.080155,0.050427,0.080754,0.047463,0.16115,-0.024662,0.11811,0.21985,0.22815,0.071449,0.067506,0.049855,0.28768,0.29578,0.38091,-0.04132,0.12029,0.1485,0.14508,0.052292,0.40423,0.1534,0.30195,0.41944,0.41696,0.43346,0.43197,0.42868,0.49771,0.30206,0.32302,0.25081,0.29592,0.093976,0.078452,0.18942,0.22399,0.45315,0.33926,0.28684,0.35712,0.22221,0.19687,0.40954,0.17779,0.18923,0.10587,0.31153,0.047215,0.044661,0.14054,0.16488,-0.031086,0.079806,0.23627,0.23345,0.2269,0.34216,0.23315,0.28495,0.30766,0.23728,0.22233,0.15537,0.09588,0.1437,0.25054,0.23861,0.18468,0.22581,0.35102,0.33159,0.48934,0.32252,0.33423,0.23672,0.17615,0.17682,0.32199,0.32995,0.21819,0.32296,0.18842,0.14538,0.22337,0.22125,0.22091,0.234,0.13024,0.11802,0.20897,0.098861,0.21119,0.16315,0.21394,0.18205,0.17671,0.31616,0.15096,0.23819,0.18637,0.2682,0.29954,0.12812,0.24408,0.30801,0.10303,0.16794,0.14068,0.17032,0.2001,0.19397,-0.027865,0.10684,0.3465,0.18079,0.33052,0.12832,0.25709,0.37641,0.2305,0.30507,0.16827,0.18971,0.17665,0.057351,0.35735,0.29923,0.23914,0.067541,0.2945,0.081484,0.076643,0.17645,0.093016,0.2521,0.35386,0.1189,0.25214,0.13608,0.24186,0.086082,0.11052,0.16956,0.19497,0.23317,0.085974,0.22571,0.31477,0.25443,0.24925,0.083842,0.17271,0.20061,0.15417,0.078891,0.17831,0.27873,0.31505,0.27837,0.092001,0.32044,0.31815,0.21319,0.16759,0.27453,0.22677,0.14773,0.24957,0.21821,0.19292,0.20539,0.22071,0.24574,0.18503,0.38578,0.25262,0.3207,0.19299,0.054131,0.172,0.23652,0.32373,0.1139,0.26293,0.16155,0.23432,0.19534,0.22114,0.16383,0.2032,0.20053,0.26473,0.29018,0.34945,0.26059,0.0052735,0.25642,0.26346,0.33057
0.035527,0.031139,0.081017,0.089396,0.044015,0.026219,0.16824,0.14147,-0.0094887,0.049951,0.091996,0.076171,0.27701,1,0.22773,0.10462,0.14038,0.21279,0.19478,0.29999,0.18222,0.31217,0.29255,0.2873,0.31691,0.18081,0.33893,0.29871,0.23053,0.23374,0.082179,0.27811,0.16871,0.12154,0.25014,0.21798,0.20358,0.26528,0.2536,0.2511,0.23803,0.17043,0.19127,0.17045,0.12012,0.16415,0.086541,0.18006,0.0041444,0.077459,0.18051,0.058035,0.1076,0.054644,0.30212,0.16251,0.16272,0.19289,0.19566,0.15258,0.16514,0.12419,0.14686,0.16423,0.2032,0.17382,0.22075,0.23052,0.26398,0.29185,0.22639,0.30302,0.18067,0.16188,0.19644,0.12752,0.047961,0.12389,0.085523,0.069619,0.073985,0.075418,0.11881,0.088547,0.12028,0.030675,0.0072114,0.031585,0.076765,0.081212,0.14147,0.125,0.06282,0.013641,0.095482,0.064957,0.17156,0.18403,0.20127,0.16399,0.15061,0.10204,0.095542,0.081554,0.10857,0.059074,0.090618,0.05326,0.025855,0.1164,0.050283,0.033406,0.07942,0.17901,0.18634,0.061331,0.066089,0.09557,0.14664,0.14323,0.13763,0.20146,0.16891,0.12638,0.12472,0.21993,0.088776,0.027708,0.07741,0.0709,0.06641,-0.00125,0.023149,0.080175,0.18459,0.22782,-0.0044284,0.10755,0.025225,0.20101,0.027993,0.029163,0.16089,0.076368,0.081036,0.057847,0.06727,0.017937,0.045277,0.060737,0.028092,0.11793,0.091602,0.10577,0.11384,0.12148,0.25229,0.042821,0.044338,0.17342,0.24535,0.21402,0.17861,0.1714,0.24627,0.13437,0.15625,0.12167,0.081249,0.026311,0.19767,0.090878,0.11884,0.090454,0.17867,0.20356,0.29364,0.2346,0.10308,0.081612,0.13038,0.10184,0.07287,0.067628,0.031867,0.091218,0.12051,0.073799,0.071207,0.090031,0.042775,0.24572,0.15711,0.15021,-0.0028982,0.10573,0.063851,0.10091,0.12882,0.32063,0.088923,0.28412,0.27795,0.31571,0.28389,0.26657,0.27032,0.28184,0.24649,0.1774,0.10407,0.23464,0.12111,0.075933,0.21325,0.26082,0.21705,0.23571,0.2173,0.26929,0.22419,0.087793,0.24815,0.12972,0.095222,0.051122,0.1139,0.036092,0.02129,0.035569,0.1269,-0.0095005,0.064887,0.04644,0.16651,0.15448,0.19387,0.16269,0.23234,0.15481,0.12219,0.22346,0.088516,0.063755,0.19451,0.14489,0.21158,0.20949,0.18298,0.2109,0.19831,0.28527,0.13328,0.18795,0.11063,0.12645,0.11015,0.17709,0.181,0.14578,0.12889,0.13226,0.11059,0.11226,0.060422,0.12024,0.016798,0.083417,0.086364,0.1041,0.037012,0.071689,0.082661,0.083593,0.049801,0.072336,0.12956,0.018603,0.10236,0.054284,0.067905,0.071673,0.03193,0.10953,0.10903,0.094241,0.036673,0.074713,0.10299,0.13016,0.10742,0.03195,0.021039,0.2285,0.10801,0.074276,0.062817,0.16929,0.1921,0.10937,0.1927,0.062244,0.19432,0.1457,0.10795,0.12888,0.12084,0.092834,0.06623,0.069205,-0.0013089,0.0067209,0.075197,-0.019842,0.15058,0.17916,0.087416,0.067512,0.073312,0.086803,0.048729,0.049272,0.08369,0.051324,0.060224,0.014021,0.029133,0.14725,0.13378,0.107,0.081483,0.076146,0.12298,0.13746,0.056588,0.074827,0.24931,0.1596,0.12625,0.027427,0.19336,0.20025,0.10691,0.061899,0.1903,0.12119,0.05308,0.14531,0.091648,0.054613,0.22184,0.071003,0.058764,-0.055012,0.25488,0.21429,0.26924,0.14354,0.10412,0.052395,0.075218,0.19368,0.0062922,0.055625,0.077366,0.15915,0.15132,0.081809,0.074175,0.082228,0.11806,0.13273,0.18581,0.14845,0.10048,0.025391,0.11531,0.14644,0.21103
0.054248,0.080624,0.1607,0.21188,0.12189,0.071341,0.19599,0.16304,0.012047,-0.006058,0.086764,0.073286,0.27316,0.22773,1,0.11765,0.12365,0.17706,0.20676,0.27521,0.27086,0.32186,0.31721,0.25548,0.3183,0.25922,0.29684,0.32578,0.20162,0.20377,0.1307,0.29691,0.071084,0.026465,0.28397,0.23125,0.24243,0.24688,0.25412,0.29532,0.21605,0.24752,0.16541,0.20871,0.14298,0.16151,0.20883,0.1678,0.0045424,0.095341,0.13621,0.053808,0.047187,0.00078079,0.29978,0.16043,0.15094,0.17057,0.24701,0.12752,0.12945,0.18721,0.11334,0.17218,0.13972,0.17392,0.22337,0.25814,0.23278,0.30593,0.24489,0.33507,0.16518,0.19612,0.20305,0.13164,0.073814,0.034795,0.078687,0.049449,0.082593,0.077748,0.13929,0.10163,0.15973,0.045115,0.036425,0.072491,0.098904,0.094335,0.089014,0.14902,0.08553,0.035219,0.098905,0.054329,0.2083,0.17771,0.23539,0.12381,0.11698,0.11933,0.068072,0.080232,0.050884,0.059778,0.0079294,0.025181,-0.071594,0.08911,0.10706,-0.042947,0.056281,0.14044,0.20184,0.033503,0.10033,0.17188,0.16987,0.20861,0.14868,0.11885,0.22413,0.16573,0.13638,0.27238,0.091425,-0.0059847,0.10058,0.092862,0.049305,-0.029059,-0.055637,0.1144,0.1936,0.17057,0.037233,0.13316,0.12382,0.1779,-0.021237,0.034284,0.22024,0.20171,0.15361,0.091263,0.050326,0.14083,0.019827,0.080397,0.047665,0.095938,0.052454,0.17944,0.18086,0.09884,0.23785,0.12501,0.095239,0.17688,0.22037,0.21679,0.11778,0.10554,0.24744,0.14677,0.12708,0.05953,0.116,0.014531,0.19874,0.16288,0.15016,0.10631,0.23861,0.22093,0.30689,0.30527,0.12129,0.047384,0.057387,0.057161,0.02617,0.11781,-0.009301,0.11912,0.16723,0.10934,0.05392,0.083954,0.069496,0.20769,0.24978,0.28694,-0.020341,0.097663,0.093409,0.063491,0.10288,0.29223,0.086855,0.29016,0.32827,0.33001,0.28351,0.24944,0.29995,0.34828,0.2234,0.17282,0.15687,0.27797,0.097646,0.02133,0.22336,0.24221,0.25098,0.2739,0.24564,0.25702,0.19657,0.099722,0.26174,0.18004,0.17282,0.013791,0.20299,0.010488,0.016947,0.062312,0.088591,0.021205,0.082064,0.1005,0.22816,0.15069,0.19068,0.15148,0.20755,0.17389,0.10434,0.18239,0.10974,0.031187,0.15763,0.11895,0.17418,0.23667,0.21327,0.28949,0.20392,0.34052,0.20168,0.20309,0.21883,0.11733,0.079882,0.20061,0.1706,0.16963,0.20558,0.1634,0.16908,0.11228,0.10632,0.13897,0.1239,0.10594,0.17068,0.19171,0.14767,0.15816,0.13441,0.15583,0.12982,0.14425,0.14983,0.078303,0.10507,0.088986,0.12451,0.18665,0.017084,0.1802,0.1604,0.13142,0.041805,0.098029,0.18922,0.1748,0.10189,-3.1833e-05,0.026575,0.21218,0.12725,0.16152,0.14133,0.21102,0.27047,0.16849,0.14916,0.085051,0.17934,0.077988,0.095074,0.24228,0.16455,0.10589,0.061365,0.16607,-0.0041218,0.0099758,0.070091,0.049629,0.14124,0.18977,0.11574,0.093947,0.13416,0.17814,0.12015,0.098607,0.1759,0.16467,0.15735,0.055382,0.13788,0.22917,0.16087,0.19005,0.12317,0.1094,0.15973,0.1527,0.066538,0.039699,0.24479,0.23239,0.20113,0.041043,0.19892,0.22189,0.096066,0.091531,0.16413,0.11146,0.025478,0.17648,0.16485,0.12331,0.21948,0.1558,0.1654,0.030522,0.29197,0.22589,0.26698,0.19652,0.16109,0.12655,0.036236,0.16986,0.035917,0.080266,0.12787,0.13395,0.18876,0.12441,0.14779,0.15764,0.14382,0.23684,0.25942,0.27703,0.13553,0.0036393,0.20644,0.22722,0.16135
0.046601,0.029137,0.04127,0.065638,0.067941,0.14905,0.088176,0.15089,-0.021505,-0.0071617,0.079258,0.06823,0.16005,0.10462,0.11765,1,0.10124,0.13748,0.11278,0.25467,0.14447,0.19681,0.21084,0.18579,0.20851,0.14841,0.12747,0.2311,0.13077,0.061618,-0.028612,0.19812,0.15623,0.096398,0.13902,0.10933,0.13823,0.15838,0.14411,0.13343,0.19618,0.11435,0.14794,0.086077,0.09597,0.13923,0.067712,0.11162,0.10145,0.16384,0.12188,0.11212,0.069755,0.12935,0.18488,0.15478,0.085889,0.1308,0.068443,0.040663,0.16048,0.09926,0.047133,0.12937,0.14052,0.09664,0.086643,0.16492,0.1552,0.16969,0.15924,0.18865,0.15228,0.10124,0.10205,0.017817,0.01841,-0.0044585,0.087848,-0.010211,0.057301,0.078626,0.061858,0.067652,0.051081,0.086843,0.10175,0.066134,0.043364,0.058173,0.11392,0.033265,0.042112,0.0030272,0.067589,0.098187,0.062698,0.058438,0.10616,0.036376,0.050725,0.047437,0.054423,0.026077,0.056422,0.058954,0.13533,0.085131,0.052914,0.071437,0.076354,0.067854,0.085515,0.054595,0.13177,0.1107,0.032925,0.073722,0.068928,0.093881,0.055261,0.11739,0.11174,0.070775,0.086141,0.13404,0.0058972,0.03199,-0.0021746,-0.01898,-0.0074413,0.045089,0.078052,0.10547,0.10594,0.119,-0.024707,0.12682,0.052849,0.15902,0.034475,-0.041328,0.1474,0.10393,0.059373,0.11238,0.049471,0.06261,0.10302,0.11695,0.12943,0.1316,0.13519,0.13503,0.20679,0.10146,0.11436,0.13782,0.12618,0.17537,0.18619,0.14636,0.097713,0.13719,0.12944,0.062808,0.017351,0.074765,0.16117,0.10223,0.19001,0.10136,0.085405,0.03038,0.11658,0.12053,0.18654,0.16784,0.12823,0.098657,0.07022,0.055022,0.0077075,0.012429,-0.03621,0.030121,0.080851,0.030074,0.07552,0.043352,0.053524,0.13091,0.081404,0.15076,0.099003,0.10056,0.079366,0.074929,-0.0059063,0.20395,0.043014,0.16117,0.19521,0.18434,0.22802,0.20816,0.15468,0.19428,0.14536,0.087537,0.047593,0.14668,0.033541,0.10162,0.10674,0.080448,0.19077,0.1667,0.16075,0.15798,0.13829,0.088241,0.20246,0.064793,0.033155,0.077695,0.1642,0.065623,0.13293,0.14712,0.087411,0.078767,0.034275,0.19981,0.044127,0.11915,0.12735,0.075829,0.089743,0.15524,0.11313,0.084963,0.03703,0.065718,0.06699,0.09063,0.088667,0.072916,0.12858,0.12002,0.13261,0.20744,0.11415,0.093026,0.052187,0.11567,0.080896,0.086058,0.12973,0.098977,0.16896,0.066596,0.092706,0.14393,0.15537,0.12782,0.19508,0.10147,0.037484,0.09749,0.13715,0.14537,0.042068,0.067248,0.093345,0.11595,0.092616,0.056352,0.079798,0.090106,0.083136,0.15087,0.048789,0.12533,0.12926,0.057451,0.12523,0.13185,0.12021,0.09266,0.11426,0.06589,0.072119,0.14412,0.092694,0.17561,0.043639,0.10398,0.1108,0.066915,0.16276,0.054739,0.10413,0.11799,-0.020648,0.12875,0.10036,0.059566,0.037559,0.086539,0.067465,0.026275,0.073075,0.019858,0.070222,0.10821,0.033035,0.13662,0.045765,0.10529,0.048781,0.076104,0.048187,0.081618,0.078121,0.054561,0.076312,0.090406,0.14958,0.13956,0.11153,0.1445,0.072192,0.052449,0.052949,0.027127,0.15178,0.097135,0.040865,-0.012693,0.17073,0.15118,0.10986,0.13577,0.10765,0.071748,0.00065779,0.15024,0.16715,0.20181,0.11207,0.076657,0.093208,0.088141,0.17798,0.10145,0.18679,0.088834,-0.027265,0.11522,0.15495,0.16328,0.091818,0.14742,0.073825,0.090735,0.054468,0.11274,0.13997,0.078715,0.04046,0.041646,0.098708,0.13395,0.15167,0.053943,0.098377,0.12459,0.17827
0.0085399,0.012227,0.08539,0.1114,0.064853,0.079108,0.1005,0.13083,0.0047939,-0.0018222,0.067264,0.063389,0.17491,0.14038,0.12365,0.10124,1,0.16653,0.10094,0.19109,0.1364,0.1565,0.15545,0.12652,0.16088,0.084631,0.17222,0.21815,0.091639,0.063837,0.070165,0.14877,0.08937,0.062577,0.121,0.060464,0.090862,0.12843,0.11969,0.13758,0.13266,0.12806,0.1986,0.13142,0.10709,0.10913,0.10696,0.097535,-0.018039,0.11257,0.12313,0.06824,0.087765,0.071031,0.19956,0.15196,0.15907,0.12273,0.12818,0.13807,0.11541,0.076952,0.087741,0.087102,0.10459,0.088039,0.059764,0.11256,0.048688,0.16305,0.12767,0.19908,0.1267,0.16819,0.077515,0.088605,0.020488,0.042459,0.081611,0.028383,0.1309,0.12721,0.17686,0.10067,0.16571,0.082656,0.040878,0.076977,0.089111,0.064695,0.11669,0.14195,0.067164,0.019389,0.14315,0.1154,0.077564,0.086046,0.09425,0.12932,0.067577,0.12312,0.078754,0.10936,0.099604,0.067592,0.066532,0.020614,-0.0066231,0.17433,0.096835,0.04519,0.07107,0.015139,0.10808,0.052084,0.048341,0.095104,0.10529,0.10831,0.12099,0.11292,0.13043,0.10752,0.12505,0.18407,0.060183,-0.0011658,0.08877,0.1136,0.10807,-0.0066357,0.01065,0.060448,0.086884,0.048307,-0.0051471,0.10482,0.035002,0.15361,0.017942,0.0064421,0.14619,0.086808,0.11206,0.056534,-0.0346,0.051768,0.084187,0.034587,0.027065,0.099976,0.05349,0.083771,0.1237,0.078441,0.077135,0.077443,-0.011168,0.089167,0.16066,0.11178,0.10312,0.070881,0.095326,0.072588,0.097946,0.13125,0.064927,0.029378,0.087724,0.078781,0.069104,0.041435,0.083987,0.048286,0.13357,0.15668,0.081081,0.082319,0.070903,0.072272,0.0133,0.10766,0.014837,0.081834,0.088733,0.11729,0.15844,0.12502,-0.0065098,0.15579,0.17777,0.15316,-0.040456,0.11759,0.084895,0.053627,0.10969,0.17392,0.022618,0.12001,0.14445,0.16666,0.1395,0.16808,0.16864,0.18504,0.078032,0.098668,0.085828,0.12851,0.06181,0.057369,0.074593,0.061041,0.17554,0.13985,0.10677,0.13949,0.063082,0.021287,0.17572,0.055895,0.066653,0.029219,0.09581,-0.013063,-0.0094483,0.074798,0.10891,-0.034016,0.063696,0.10142,0.10159,0.13273,0.14668,0.072945,0.088847,0.15978,0.062765,0.1129,0.073413,0.033031,0.034157,0.067405,0.081325,0.054844,0.072053,0.096832,0.097452,0.20454,0.1151,0.099859,0.066209,0.10845,0.11401,0.18214,0.14193,0.18419,0.16525,0.08602,0.10745,0.12348,0.094443,0.065716,0.074184,0.039191,0.061604,0.11117,0.027343,0.07298,0.015478,0.041252,0.040581,0.057603,0.097249,0.039695,0.07896,0.046078,0.082725,0.084335,0.052139,0.092978,0.11904,0.042337,0.055207,0.053509,0.077514,0.11235,0.14498,0.020467,0.049657,0.11008,0.024135,0.10408,0.056225,0.1103,0.17559,0.1121,0.11109,0.00088517,0.047422,0.099759,0.060481,0.12803,0.12566,0.12754,0.015838,0.15616,0.074073,0.043766,0.10613,-0.033017,0.052322,0.063909,0.077474,0.09395,0.067661,0.081229,0.037716,-0.012666,0.084479,0.051002,0.1308,0.049624,0.059486,0.10349,0.095347,0.068633,0.02467,0.082702,0.043585,0.094766,-0.018423,0.037962,0.10055,0.12764,0.11958,0.011293,0.12042,0.14167,0.053621,0.053058,0.092899,0.089435,0.073112,0.12159,0.049702,0.060702,0.095125,0.088074,0.085479,0.07305,0.12881,0.081322,0.1486,0.10465,0.083171,0.061178,0.075596,0.12734,0.056506,0.086668,0.08531,0.04596,0.058379,0.11845,0.093227,0.080097,0.072939,0.11371,0.15,0.1395,0.099087,0.021332,0.091275,0.15191,0.18197
0.0092836,-0.049818,-0.027405,0.042511,0.050731,0.18485,0.19373,0.28026,0.049131,0.02748,0.18681,0.15664,0.2483,0.21279,0.17706,0.13748,0.16653,1,0.30932,0.39181,0.080224,0.19734,0.30961,0.32535,0.29691,0.19384,0.0025483,0.17646,0.25581,0.10554,0.090717,0.19085,0.35571,0.45709,0.13396,0.1367,0.11392,0.16781,0.15983,0.14308,0.31219,0.096126,0.23958,0.35388,0.26127,0.26349,0.18766,0.42231,0.22102,0.19906,0.36339,0.12388,0.25806,0.36458,0.086804,0.24584,0.31697,0.10009,0.056897,0.064888,0.25273,0.22058,0.35313,0.28041,0.42912,0.19729,0.048666,0.23422,0.20258,0.090463,0.21464,0.12868,0.18693,0.13757,0.13214,0.1662,0.12738,0.086611,0.22985,0.034255,0.32099,0.39671,0.33517,0.086265,0.13092,0.44802,0.27097,0.043146,0.25735,0.25425,0.28452,0.4917,0.25561,-0.020424,0.25997,0.48616,0.31521,0.23674,0.21703,0.30959,0.24786,0.44288,0.47979,0.45852,0.45771,0.25586,0.12078,0.39805,0.24578,0.46073,0.16671,0.21018,0.097923,0.21471,0.2745,0.41157,0.37099,0.065425,0.02851,0.099382,0.065774,0.18563,0.07635,0.088168,0.09727,0.17486,0.1763,0.17031,-0.012286,0.33672,0.11386,0.089218,0.0798,0.10821,0.1449,0.2179,-0.11593,0.18508,0.062808,0.15968,0.00086587,-0.11886,0.077771,0.012502,0.10099,0.14374,-0.044063,0.10893,0.40039,0.05192,0.10043,0.43044,0.27128,0.19199,0.24718,0.22813,0.09815,0.28752,0.16039,0.10659,0.34712,0.22484,0.50191,0.47171,0.21117,0.13329,0.32913,0.65714,0.23836,0.36035,0.24165,0.13159,0.089819,0.020296,0.0046868,0.064441,0.18374,0.18192,0.12817,0.36355,0.27659,0.13161,-0.034251,0.019155,-0.033699,0.10165,0.047397,0.28235,0.60334,0.39614,0.089831,0.21333,0.11929,0.096852,9.3163e-05,0.39508,0.12543,0.2604,0.16906,0.29302,0.13245,0.1927,0.21037,0.2726,0.31272,0.27635,0.04628,0.15352,0.17002,0.20953,-0.11363,0.13761,0.19844,0.33147,0.069727,0.18312,0.21776,0.21557,0.20433,0.1563,0.1932,0.13048,0.29335,0.027672,-0.15157,0.18349,0.13101,0.13334,0.090837,0.073754,0.23089,-0.11117,0.074805,0.16786,-0.0025112,0.28146,0.25459,0.0034328,0.053597,0.13417,0.24545,0.15533,0.18402,0.15668,0.16776,0.23525,0.20442,0.13672,0.292,0.041768,0.21642,0.16657,0.19286,0.11759,0.11907,0.21935,0.16413,0.25079,0.21901,0.17743,0.25184,0.16462,0.023668,0.1091,0.057769,0.050937,0.15512,-0.11129,-0.063255,0.019704,0.00099445,0.32653,-0.11224,-0.1306,-0.064396,0.14388,0.24845,0.0026996,0.030593,0.036613,0.11466,0.41127,0.369,0.40223,0.40536,-0.038651,0.04126,0.26444,0.13487,0.3656,0.16825,0.13338,-0.037826,0.31614,0.1629,0.15754,0.14732,0.16808,0.11465,0.049909,0.15531,0.10761,0.070622,0.10529,-0.03076,0.072255,0.35572,0.19971,-0.018566,0.25791,0.1022,0.13185,0.15023,0.074276,0.19727,0.27044,-0.080621,0.13785,0.020772,0.13973,0.027136,-0.016424,0.022487,-0.091709,0.065851,-0.0050781,-0.042676,-0.012822,0.12551,0.0077245,-0.05033,0.21521,0.16431,0.062921,0.031694,0.10721,0.20061,-0.00027121,0.17113,0.031911,0.25281,0.19945,0.37088,0.32018,0.18525,0.27589,0.23,0.38372,0.067818,0.0946,0.15122,0.14736,0.12549,0.030801,0.16406,0.098409,0.24418,0.057459,-0.0025399,0.11242,0.18494,0.26149,0.050959,0.1339,0.072618,0.16336,0.042827,0.27014,0.32127,0.15264,0.0076328,0.057736,0.11764,0.043065,0.020198,0.090326,0.076789,0.27207,0.34837
-0.019682,0.078468,0.10782,0.071604,0.035004,0.0080475,0.29065,0.11869,0.065352,0.0091994,0.10987,0.036245,0.21001,0.19478,0.20676,0.11278,0.10094,0.30932,1,0.20705,0.097481,0.13004,0.1541,0.2324,0.20112,0.051666,0.15828,0.20894,0.062764,0.032339,0.11511,0.075336,0.10902,0.00074482,0.089787,0.11412,0.099569,0.081501,0.099295,0.16473,0.20756,0.087961,0.10902,0.044796,0.10948,0.1779,0.058798,0.098191,0.10867,0.19602,0.12696,0.13274,0.16909,0.11411,0.12935,0.0098965,-0.025405,0.14098,0.078281,0.014673,0.051553,-0.0077745,-0.027496,0.03665,0.049409,0.12494,0.15966,0.089283,0.11445,0.16621,0.18278,0.19403,0.13644,0.058283,0.11029,0.047106,0.032907,0.029618,-0.030601,0.025985,0.0093152,0.0094369,0.02015,0.09729,0.12127,0.16336,0.11488,0.14942,0.19809,0.23499,0.16808,0.13888,-0.079688,0.1093,0.22544,0.11936,0.01366,0.040787,0.11374,0.18388,0.055448,0.096545,-0.07316,-0.019997,-0.017423,0.19252,0.13441,0.081113,0.098413,-0.061244,0.079344,0.09861,0.035643,0.084689,0.026264,0.12913,0.14823,0.028559,0.11325,0.077118,0.043578,0.10679,0.091347,0.028157,0.010422,0.08013,-0.077951,-0.12456,0.075062,-0.032285,0.079823,-0.050394,-0.012023,0.073687,0.13272,0.093456,-0.0029454,0.055898,0.01753,0.096166,0.012324,0.028303,0.075418,0.04904,0.0057903,0.010494,0.10989,0.072184,0.095161,0.13561,0.15749,0.15823,0.14935,0.1196,0.12679,0.063651,0.22833,0.10158,0.12514,0.15645,0.08485,0.12593,0.050446,0.16913,0.12628,-0.0038491,-0.055423,0.048496,0.22099,0.14436,0.067854,0.085429,0.042049,0.086229,0.10586,0.15885,0.12895,0.079899,-5.2984e-05,0.11304,0.10764,0.038549,0.048212,0.092164,-0.054205,0.030686,0.079917,-0.027367,0.061088,0.10694,0.044387,0.16916,0.10139,0.062957,0.089662,0.11522,0.0022941,-0.01135,0.046454,0.16375,0.1137,0.12526,0.10866,0.12591,0.15367,0.13014,0.18657,0.17522,0.15801,0.17601,0.31684,0.048295,0.14256,0.093889,0.062267,0.1338,0.15761,0.082518,0.11546,0.13284,0.21681,0.083904,0.14652,0.2589,0.3484,0.076918,0.27045,0.21401,0.23534,0.18783,0.16863,0.16467,0.21356,0.19925,0.10541,0.078142,0.15017,0.12884,0.14436,0.042031,0.044488,0.17743,0.062159,0.01229,0.086718,0.1418,0.13281,0.075915,0.15249,0.18361,0.21816,0.19411,0.19616,0.10548,0.15051,0.174,0.10287,0.086602,0.10026,0.16921,0.2749,0.40815,0.28841,0.25068,0.23431,0.4652,0.29748,0.30232,0.44073,0.4312,0.38424,0.43451,0.30042,0.37312,0.3174,0.44949,0.18574,0.3664,0.20621,0.29647,0.29164,0.33799,0.028069,0.38531,0.23238,0.47828,0.21937,0.39808,0.33397,0.16443,0.15583,0.19507,0.15418,0.18972,0.091946,0.32558,0.31271,0.095103,0.11757,0.062092,0.096824,0.052807,0.10963,0.019803,0.048768,0.066355,0.13271,0.028526,-0.022068,0.11251,0.0039397,-0.025468,0.028888,-0.0092035,0.13059,0.15637,0.05681,0.07933,0.079584,0.035574,0.087887,0.086355,-0.0025382,0.098805,0.05713,0.071237,0.12665,0.24954,0.42689,0.22342,0.33877,0.46861,0.29025,0.19262,0.16343,0.1733,0.3057,0.27591,0.1132,0.010968,0.08871,0.10423,0.23218,0.31276,0.16507,0.1042,0.12484,0.47002,0.40067,0.38026,0.10314,0.077392,0.029203,0.010027,0.17581,0.11764,0.1355,0.10216,0.11096,0.2401,0.17548,0.13943,0.052989,0.12407,0.095389,0.095871,0.14105,0.27465,0.2965,0.46025,0.18563,0.056464,0.13741,0.072175,0.2452,0.18055,0.07114,0.24686,0.12246
0.16767,0.036317,0.034868,0.13046,0.16592,0.26739,0.15591,0.2053,-0.028242,-0.046171,0.11185,0.11949,0.46029,0.29999,0.27521,0.25467,0.19109,0.39181,0.20705,1,0.44111,0.6431,0.84061,0.67263,0.7232,0.51511,0.42902,0.62213,0.44483,0.28595,0.070799,0.67735,0.32713,0.25209,0.493,0.28022,0.45103,0.52125,0.5202,0.45374,0.54353,0.40926,0.39956,0.3497,0.31845,0.41975,0.26495,0.42243,0.056782,0.31785,0.25623,0.15366,0.18575,0.18308,0.54639,0.45025,0.3531,0.34191,0.26884,0.20717,0.37939,0.34597,0.24423,0.3695,0.45141,0.28949,0.22737,0.50494,0.40206,0.51748,0.47997,0.52407,0.41158,0.31896,0.33479,0.17855,0.086051,0.11651,0.3213,0.0078794,0.14773,0.25258,0.23602,0.07728,0.16838,0.10046,0.095184,0.076489,0.034329,0.030125,0.17511,0.15185,0.24571,-0.029833,0.1811,0.19759,0.29735,0.30019,0.28246,0.24255,0.22679,0.16895,0.22112,0.19099,0.23761,0.080487,0.14272,0.055454,0.03361,0.26039,0.22545,0.079642,0.13986,0.14612,0.36059,0.19718,0.038445,0.27724,0.24388,0.28034,0.27687,0.30333,0.30731,0.2061,0.22959,0.39799,0.15513,0.15099,0.034194,0.11065,0.044918,0.10754,0.12189,0.22539,0.29619,0.33196,-0.078032,0.26391,0.14986,0.52282,0.071911,-0.095261,0.36639,0.24778,0.14983,0.26959,0.030725,0.20491,0.17338,0.099269,0.14,0.2239,0.19046,0.32481,0.44876,0.22881,0.34849,0.29831,0.16786,0.43706,0.62741,0.48243,0.31645,0.25533,0.43855,0.19102,0.23459,0.2504,0.2494,0.10539,0.56525,0.32252,0.30379,0.073949,0.38875,0.30258,0.58422,0.54803,0.3226,0.16285,0.14188,0.21183,0.03104,0.051266,-0.00099338,0.17357,0.2516,0.26878,0.20666,0.12432,0.041225,0.39445,0.25536,0.41176,0.041491,0.15794,0.18857,0.22246,0.049942,0.81892,0.096468,0.55815,0.78133,0.73982,0.74965,0.64219,0.40816,0.51146,0.47465,0.34459,0.10606,0.55461,0.14165,0.18379,0.41195,0.3131,0.5392,0.56741,0.50163,0.56438,0.46932,0.20794,0.51236,0.19867,0.04895,0.21041,0.33746,0.060545,0.08538,0.22299,0.16222,0.00049855,0.031822,0.26778,0.23155,0.32825,0.37056,0.14767,0.33268,0.31887,0.29289,0.26972,0.13123,0.1716,0.26108,0.24116,0.29945,0.28631,0.41376,0.30252,0.34501,0.53531,0.27952,0.27718,0.1423,0.2295,0.20827,0.31229,0.36538,0.17792,0.28683,0.14401,0.11502,0.26153,0.24759,0.17582,0.21695,0.077829,0.0044388,0.1506,0.081246,0.27508,0.10592,0.13623,0.15179,0.1835,0.30278,0.10434,0.23608,0.20372,0.26385,0.31994,0.14471,0.2619,0.31018,0.050806,0.15592,0.2402,0.18785,0.21858,0.27221,0.052441,0.086847,0.44447,0.20261,0.2862,0.050136,0.3485,0.3594,0.1703,0.41131,0.19929,0.29412,0.25736,-0.0092868,0.30955,0.33714,0.21526,0.079413,0.24291,0.10644,0.10637,0.22151,0.098273,0.22045,0.33343,0.0081605,0.28343,0.03674,0.35711,0.090285,0.14911,0.13943,0.18739,0.18427,0.056664,0.18174,0.2219,0.30498,0.24244,0.049316,0.19245,0.17187,0.09436,0.10779,0.090092,0.40842,0.24693,0.18271,-0.02718,0.5123,0.47979,0.31405,0.24167,0.37405,0.25569,0.095059,0.29113,0.23574,0.19644,0.4327,0.33064,0.31035,0.15856,0.52029,0.25433,0.62876,0.23425,0.11713,0.14867,0.25187,0.46618,0.11337,0.2182,0.1646,0.23321,0.15837,0.28097,0.19142,0.1587,0.1136,0.19869,0.23797,0.34566,0.25965,0.057453,0.2071,0.26091,0.43041
0.16479,0.033712,0.15229,0.091227,0.14421,0.18755,0.09817,0.16325,-0.057738,-0.052634,0.038837,0.10606,0.39127,0.18222,0.27086,0.14447,0.1364,0.080224,0.097481,0.44111,1,0.51502,0.503,0.31967,0.53224,0.40887,0.52334,0.55189,0.35818,0.3452,0.089091,0.54876,0.033058,-0.085102,0.51319,0.3319,0.53064,0.50999,0.48666,0.5392,0.37145,0.73243,0.1739,0.32541,0.19555,0.34934,0.3926,0.23476,-0.034475,0.14962,0.06139,0.10913,0.056434,0.011388,0.49744,0.2607,0.14748,0.28546,0.39818,0.23183,0.21459,0.31055,0.068588,0.18484,0.18615,0.27358,0.36641,0.46425,0.3793,0.53259,0.42855,0.52608,0.38201,0.34746,0.36403,0.097943,0.056744,-0.014576,0.12962,-0.036469,0.024155,0.092019,0.14012,0.12061,0.22131,-0.037139,-0.017396,0.10501,0.014909,-0.017919,0.050758,0.025891,0.15146,0.054373,0.093101,0.062499,0.21943,0.26758,0.28244,0.14943,0.126,0.06318,-0.015938,0.085993,0.002026,-0.054598,0.030481,-0.060607,-0.19296,0.11966,0.16696,-0.079586,0.12304,0.079713,0.32038,0.023638,-0.072523,0.23266,0.25825,0.29254,0.24427,0.13957,0.33085,0.25337,0.23514,0.34209,0.055946,0.021994,0.10842,0.028294,0.028363,-0.020628,0.017237,0.28759,0.33406,0.31784,-0.012524,0.11029,0.059687,0.32681,-0.01103,0.0171,0.36607,0.43965,0.19572,0.20681,0.081134,0.24524,-0.018141,0.11452,0.085433,0.015917,0.048146,0.31609,0.45661,0.17525,0.46555,0.27598,0.31402,0.56062,0.31639,0.36724,0.026557,0.053432,0.35663,0.17652,0.11092,-0.076113,0.16026,-0.071176,0.33247,0.22415,0.24854,0.09233,0.73708,0.59795,0.46626,0.64937,0.19558,-0.0092757,-0.024675,0.067444,0.034532,0.15013,-0.00086608,0.14933,0.26858,0.18708,-0.011428,0.01197,0.05252,0.24067,0.2749,0.59606,0.025323,-0.056577,0.14194,0.069975,0.022359,0.41461,0.1309,0.48994,0.57196,0.52469,0.52671,0.50893,0.53284,0.50719,0.44254,0.31488,0.2508,0.46706,0.036253,-0.063321,0.3824,0.28542,0.57663,0.45827,0.46319,0.57631,0.30649,0.22873,0.33912,0.31665,0.20145,0.082859,0.37595,-0.057266,0.026205,0.10662,0.048353,0.021333,0.038935,0.19642,0.34742,0.12615,0.24913,0.20693,0.38066,0.24839,0.1113,0.21897,0.061715,-0.038843,0.16841,0.1418,0.30204,0.30359,0.32217,0.40588,0.29435,0.50282,0.24617,0.28591,0.22667,0.11516,0.092831,0.21061,0.2587,0.14197,0.1603,0.036813,0.1051,0.24033,0.15025,0.16053,0.14648,0.1,0.11002,0.18592,0.082833,0.10996,0.21288,0.25275,0.18954,0.13318,0.23786,0.080973,0.25096,0.17977,0.2255,0.18121,-0.05969,0.12922,0.11802,0.061215,0.0998,0.08679,0.19057,0.088973,0.18908,-0.012562,0.10293,0.32052,0.15135,0.2293,0.045856,0.28063,0.37514,0.23893,0.23457,0.15684,0.20042,0.18696,0.03765,0.39876,0.1599,0.13385,0.039609,0.1916,0.063311,0.022187,0.14841,0.10478,0.19511,0.28743,0.10561,0.24181,0.1108,0.25694,0.14709,0.22191,0.23255,0.39462,0.22251,0.10495,0.33708,0.38965,0.20807,0.30524,0.10942,0.1257,0.13664,0.14827,0.050241,0.078241,0.32085,0.46509,0.4119,-0.020326,0.31654,0.27755,0.11155,0.084239,0.2585,0.17174,-0.0070001,0.10199,0.25252,0.13804,0.3449,0.26562,0.29039,0.16015,0.62958,0.4649,0.41246,0.34536,0.16305,0.12806,0.12227,0.34644,0.086116,0.19986,0.15397,0.12126,0.23968,0.094628,0.1306,0.15774,0.17212,0.26064,0.22658,0.46539,0.29943,-0.039472,0.32146,0.13308,0.19889
0.13856,0.062122,0.092307,0.13217,0.12777,0.16175,0.12829,0.1818,-0.038153,-0.025307,0.092141,0.1174,0.38776,0.31217,0.32186,0.19681,0.1565,0.19734,0.13004,0.6431,0.51502,1,0.70403,0.49552,0.64283,0.49016,0.49916,0.53167,0.49952,0.42752,0.1491,0.82061,0.17243,0.0815,0.71641,0.43431,0.4982,0.67778,0.61242,0.52557,0.39162,0.50543,0.29833,0.35365,0.24741,0.36253,0.23926,0.28439,-0.072774,0.161,0.14049,0.05705,0.059549,-0.01937,0.50045,0.35793,0.31586,0.27928,0.33454,0.19713,0.25656,0.33286,0.21905,0.30701,0.31311,0.33701,0.41947,0.59001,0.51471,0.51697,0.4193,0.50201,0.35082,0.3111,0.34954,0.14697,0.058601,0.12664,0.26198,0.0085627,0.058837,0.11678,0.12876,0.10841,0.14119,-0.1032,-0.05989,0.0036986,-0.017822,-0.047545,0.058039,0.043517,0.19698,0.012802,0.074301,0.033174,0.32022,0.3196,0.34769,0.1814,0.21076,0.059061,0.094355,0.08977,0.14893,-0.060295,0.036227,-0.064426,-0.12846,0.14047,0.13433,-0.06594,0.068201,0.20787,0.33679,0.011201,-0.072857,0.22459,0.21405,0.25502,0.24225,0.23332,0.31958,0.17965,0.22451,0.3832,0.14949,0.10331,0.11995,0.091672,0.074682,0.090141,0.083549,0.19453,0.28824,0.36829,-0.018773,0.19798,0.097689,0.43729,0.0067298,0.034115,0.32792,0.28343,0.15719,0.15071,0.05663,0.13371,-0.024704,0.026812,0.013383,0.069051,0.050791,0.2265,0.33337,0.18731,0.47958,0.1791,0.13654,0.40147,0.52027,0.45064,0.18825,0.16173,0.52062,0.20861,0.2368,0.04029,0.062975,-0.096577,0.62221,0.26767,0.29729,0.076276,0.49694,0.46076,0.70245,0.69646,0.25849,-0.016259,0.06851,0.13124,0.05077,0.074736,0.015855,0.18769,0.24538,0.23252,0.029386,0.023797,0.066704,0.32069,0.27143,0.47425,0.0011802,-0.0067458,0.15988,0.14255,0.090779,0.70003,0.092846,0.71695,0.74019,0.71067,0.6135,0.57997,0.43592,0.47317,0.5462,0.35339,0.15338,0.72784,0.085089,0.021219,0.64599,0.4754,0.51077,0.6278,0.51181,0.61091,0.39745,0.25215,0.42895,0.24384,0.14903,0.10948,0.25556,-0.044039,-0.032658,0.078688,0.091709,-0.038825,0.018413,0.11143,0.25204,0.23686,0.34286,0.18322,0.34322,0.28151,0.24204,0.28758,0.09388,0.11798,0.41774,0.15409,0.36706,0.44133,0.47217,0.3274,0.27522,0.47225,0.21631,0.2583,0.1463,0.14335,0.12845,0.28882,0.31471,0.11902,0.14357,0.091286,0.10632,0.14746,0.14264,0.090786,0.041973,0.03288,0.03255,0.11353,0.036562,0.097064,0.16081,0.16153,0.12742,0.073778,0.21194,0.054302,0.24298,0.14555,0.21241,0.13566,-0.010216,0.12697,0.174,0.018673,0.020493,0.10195,0.10109,0.1146,0.18917,-0.026723,0.065453,0.4306,0.16669,0.17155,-0.00055456,0.29273,0.31673,0.16635,0.29341,0.13611,0.26991,0.19406,0.067814,0.30981,0.22328,0.16687,0.080134,0.18287,0.038891,0.052461,0.14815,0.031488,0.13269,0.27298,0.088723,0.16492,0.086933,0.29314,0.080257,0.17151,0.1906,0.26739,0.15604,0.062343,0.18892,0.26869,0.19094,0.22463,0.050093,0.10153,0.10556,0.13273,0.10645,0.077904,0.44654,0.29273,0.23894,-0.028417,0.47482,0.46178,0.15158,0.10156,0.41661,0.15661,0.0051722,0.094687,0.13767,0.063309,0.61743,0.24856,0.25786,0.087384,0.60095,0.44369,0.67046,0.43401,0.19603,0.052373,0.099808,0.37255,0.030863,0.14446,0.11492,0.21827,0.20131,0.15175,0.10602,0.096798,0.15522,0.23034,0.28086,0.39409,0.19926,-0.024697,0.25129,0.19046,0.29315
0.19296,0.042563,0.083767,0.15169,0.17749,0.24832,0.15591,0.20523,-0.02379,-0.049375,0.12352,0.12393,0.44176,0.29255,0.31721,0.21084,0.15545,0.30961,0.1541,0.84061,0.503,0.70403,1,0.75748,0.80144,0.55484,0.50523,0.62741,0.44397,0.32919,0.083152,0.73525,0.26978,0.18644,0.58454,0.35649,0.51562,0.58827,0.60363,0.56103,0.6013,0.46423,0.32752,0.33864,0.26783,0.42706,0.27497,0.41512,0.0044535,0.29402,0.21597,0.15347,0.15316,0.11228,0.58234,0.43948,0.33029,0.35686,0.35157,0.23792,0.3552,0.36267,0.2061,0.365,0.42569,0.34619,0.29902,0.5339,0.44979,0.57322,0.51616,0.55484,0.42736,0.35504,0.37977,0.18326,0.079581,0.091865,0.30131,0.0066258,0.10942,0.17454,0.20097,0.064806,0.17626,-0.0012282,0.074534,0.058306,-0.021496,-0.014135,0.10096,0.073274,0.2284,-0.025617,0.096873,0.090401,0.3171,0.32166,0.31118,0.17361,0.23728,0.10607,0.16992,0.16281,0.18272,0.020047,0.04462,-0.0029706,-0.063508,0.21612,0.23109,-0.022574,0.092511,0.19988,0.36622,0.10122,-0.0074386,0.29372,0.28597,0.30905,0.26864,0.27265,0.33869,0.21789,0.23431,0.41691,0.16074,0.15322,0.068391,0.080699,0.053655,0.096412,0.097548,0.25296,0.30998,0.36272,-0.062705,0.23653,0.13837,0.4964,0.036557,-0.035031,0.39449,0.30834,0.16307,0.23507,0.048616,0.21047,0.081928,0.066968,0.072514,0.13836,0.12421,0.31704,0.43146,0.21178,0.44602,0.26921,0.16896,0.44721,0.60895,0.49514,0.25128,0.20503,0.48515,0.21282,0.21647,0.14512,0.192,0.023945,0.58278,0.32602,0.31537,0.081131,0.48432,0.36908,0.66031,0.60481,0.31762,0.095628,0.128,0.2027,0.023222,0.054136,-0.0078508,0.18118,0.28482,0.25309,0.13157,0.076314,0.071783,0.36948,0.28863,0.44878,0.02571,0.087503,0.19435,0.18715,0.058848,0.81822,0.13045,0.63003,0.84865,0.84548,0.82762,0.65857,0.47727,0.53179,0.50455,0.34483,0.13145,0.62551,0.11509,0.12142,0.47357,0.38644,0.56717,0.60413,0.57425,0.64953,0.53956,0.24366,0.47736,0.24363,0.10525,0.17556,0.3388,0.010999,0.025459,0.2048,0.1312,-0.015552,0.030658,0.22525,0.2919,0.30676,0.35186,0.1867,0.37427,0.33606,0.28403,0.26775,0.1473,0.1734,0.3175,0.23564,0.32965,0.34714,0.445,0.37437,0.36273,0.55066,0.29874,0.3006,0.18689,0.20476,0.17284,0.31331,0.34989,0.16309,0.24054,0.086912,0.1512,0.23973,0.22394,0.12571,0.19563,0.080359,0.00019052,0.14467,0.075675,0.17307,0.11461,0.17227,0.15565,0.11703,0.26961,0.051501,0.23949,0.15562,0.24818,0.24589,0.10437,0.19093,0.28519,0.027333,0.090866,0.15576,0.15329,0.21783,0.24263,0.02152,0.06814,0.41932,0.22324,0.24121,0.033348,0.35917,0.3976,0.21826,0.3923,0.20193,0.31244,0.2412,0.0091675,0.37351,0.30233,0.19662,0.084545,0.2108,0.061055,0.079888,0.19489,0.090223,0.2274,0.33334,0.033738,0.2431,0.089089,0.34877,0.090531,0.15629,0.20783,0.25248,0.20213,0.076519,0.21041,0.27333,0.24641,0.24707,0.047453,0.1374,0.15934,0.11709,0.12906,0.096013,0.44263,0.28296,0.21958,0.018564,0.51265,0.50137,0.2403,0.16886,0.39825,0.22687,0.052229,0.20246,0.2134,0.16053,0.48426,0.32929,0.33755,0.12917,0.59679,0.34235,0.68066,0.30203,0.16552,0.11917,0.19363,0.4459,0.090382,0.20476,0.15003,0.21833,0.21726,0.18807,0.16252,0.11923,0.14397,0.23861,0.26385,0.40912,0.2573,0.015257,0.25506,0.2406,0.37782
0.12021,0.041178,0.056005,0.12594,0.09717,0.22657,0.16563,0.12603,-0.0021892,-0.0086804,0.11433,0.064385,0.35686,0.2873,0.25548,0.18579,0.12652,0.32535,0.2324,0.67263,0.31967,0.49552,0.75748,1,0.78728,0.35915,0.3875,0.47594,0.29929,0.24216,0.071351,0.50681,0.25398,0.20756,0.40394,0.30279,0.37364,0.45271,0.49176,0.50038,0.70833,0.24501,0.26159,0.24514,0.1899,0.35332,0.16537,0.35047,0.034178,0.23453,0.18161,0.13545,0.17113,0.12374,0.45141,0.32952,0.25384,0.32995,0.27428,0.18771,0.30956,0.22697,0.14757,0.31979,0.38263,0.26071,0.23534,0.38388,0.38507,0.42922,0.38922,0.42764,0.34744,0.25651,0.27563,0.13986,0.063566,0.084428,0.24697,0.029333,0.053808,0.10959,0.14376,0.059321,0.10538,0.023855,0.10594,0.0083814,0.0055531,0.017577,0.12898,0.057831,0.13044,-0.044042,0.068637,0.053127,0.24092,0.24062,0.26505,0.15169,0.23543,0.10619,0.14661,0.14254,0.16196,0.044842,0.066511,0.03892,-0.011873,0.14124,0.18849,0.036294,0.060398,0.25434,0.25433,0.11402,0.039743,0.22123,0.21414,0.23363,0.19495,0.24699,0.23202,0.13855,0.1469,0.31201,0.10818,0.092915,0.037359,0.033496,0.080666,0.056327,0.097561,0.17184,0.2248,0.31801,-0.055542,0.18504,0.11542,0.32543,0.039359,-0.028384,0.29018,0.1663,0.082638,0.1241,0.061054,0.13127,0.06644,0.033176,0.049815,0.14296,0.12232,0.20121,0.30201,0.12941,0.41571,0.16658,0.13466,0.28114,0.44064,0.35719,0.24974,0.26939,0.40149,0.16115,0.1615,0.16348,0.16264,0.067154,0.42951,0.1966,0.17795,0.038691,0.30439,0.29683,0.53257,0.36814,0.16282,0.11247,0.15591,0.15221,0.0066928,0.053728,-0.0064352,0.12764,0.24445,0.15459,0.12897,0.082139,0.046664,0.28207,0.21794,0.24727,0.030809,0.099669,0.14268,0.14157,0.069586,0.65621,0.1115,0.45032,0.60824,0.71597,0.74757,0.46954,0.36059,0.38234,0.34765,0.2447,0.12446,0.3998,0.11683,0.13147,0.3141,0.32859,0.37231,0.39358,0.47276,0.53023,0.57402,0.16685,0.351,0.2152,0.11951,0.15673,0.24263,0.062661,0.055006,0.16669,0.11195,0.0014958,0.030548,0.17684,0.22602,0.26809,0.25684,0.17617,0.29997,0.26142,0.26116,0.21785,0.15362,0.17329,0.28289,0.1798,0.25978,0.2438,0.34938,0.24745,0.26872,0.39654,0.205,0.2563,0.11441,0.21332,0.15537,0.22872,0.26473,0.13523,0.18497,0.11037,0.14358,0.16567,0.18175,0.12685,0.14781,0.088887,0.035677,0.15931,0.089444,0.17268,0.10511,0.14259,0.11956,0.14556,0.19212,0.038494,0.18327,0.11575,0.18167,0.21525,0.11113,0.19633,0.25262,0.079501,0.077319,0.14848,0.091801,0.16746,0.17868,0.042873,0.044853,0.33454,0.17032,0.15439,0.092622,0.28002,0.27484,0.133,0.32955,0.14489,0.23066,0.18036,-0.0082684,0.24284,0.22598,0.10684,0.056054,0.11437,0.025733,0.068153,0.10239,0.031755,0.17473,0.24901,0.014823,0.13825,0.061426,0.20335,0.056826,0.081799,0.098888,0.15587,0.10666,0.032057,0.13095,0.18369,0.22068,0.14774,0.055703,0.14202,0.13578,0.10353,0.11165,0.10997,0.36105,0.21589,0.1365,0.019001,0.35085,0.35342,0.23929,0.19575,0.32628,0.15829,0.079109,0.23431,0.19136,0.15886,0.34039,0.19029,0.21943,0.067332,0.43975,0.27942,0.53115,0.17656,0.11648,0.09939,0.15697,0.36252,0.028752,0.14229,0.082946,0.18596,0.1779,0.13468,0.1272,0.13607,0.093727,0.14526,0.19903,0.24631,0.1667,0.063412,0.14602,0.22444,0.32774
0.14903,0.047754,0.1104,0.13169,0.14084,0.22864,0.16034,0.17245,-0.021156,-0.019241,0.098595,0.072464,0.44156,0.31691,0.3183,0.20851,0.16088,0.29691,0.20112,0.7232,0.53224,0.64283,0.80144,0.78728,1,0.52262,0.51529,0.59001,0.44243,0.39629,0.11782,0.66672,0.25263,0.15732,0.61311,0.47197,0.55638,0.6365,0.67652,0.66644,0.69439,0.4743,0.30555,0.3086,0.25768,0.42978,0.26105,0.39471,0.020815,0.26896,0.19452,0.14795,0.16598,0.10688,0.55602,0.37483,0.28201,0.34222,0.34406,0.21691,0.28023,0.3018,0.16309,0.34157,0.40943,0.30866,0.38039,0.56129,0.53762,0.5417,0.44222,0.5536,0.38848,0.31421,0.38594,0.15737,0.091071,0.074747,0.2261,0.017023,0.062379,0.11918,0.19298,0.13581,0.1814,0.0069922,0.10056,0.03698,-0.0062032,0.012057,0.15691,0.078921,0.17094,-0.021942,0.077555,0.065152,0.29661,0.34874,0.34866,0.19761,0.24786,0.11438,0.10939,0.12602,0.128,0.0093279,0.081394,0.010644,-0.11077,0.17262,0.20058,-0.021266,0.074344,0.26228,0.3502,0.10585,0.02597,0.24158,0.2696,0.27726,0.27291,0.25919,0.3146,0.16647,0.21205,0.39281,0.11504,0.075681,0.083351,0.05219,0.07495,0.025196,0.065728,0.22119,0.3318,0.40574,-0.02937,0.19768,0.11142,0.42049,0.040383,-0.016862,0.37781,0.28595,0.15247,0.2098,0.073314,0.18218,0.035705,0.085649,0.06535,0.1312,0.1129,0.2806,0.42591,0.20847,0.56801,0.24871,0.18139,0.44678,0.54868,0.50872,0.2237,0.23881,0.55748,0.17861,0.16386,0.10791,0.20268,0.027481,0.51794,0.26636,0.29398,0.10959,0.52372,0.43716,0.71212,0.6172,0.26667,0.10838,0.14342,0.2076,0.028278,0.10983,-0.0088837,0.15286,0.28987,0.20882,0.10428,0.043773,0.060568,0.33399,0.28956,0.42039,0.027308,0.067746,0.16017,0.16469,0.076185,0.70997,0.12375,0.588,0.73785,0.78301,0.81451,0.62545,0.50826,0.51913,0.49954,0.33021,0.21095,0.56282,0.1345,0.090869,0.47192,0.46205,0.55883,0.59162,0.6069,0.67821,0.58947,0.24324,0.42311,0.28391,0.19266,0.14848,0.31378,0.0041388,0.03622,0.18726,0.13166,0.0031021,0.044429,0.22371,0.30716,0.25359,0.33077,0.22498,0.39193,0.27987,0.24213,0.26058,0.10654,0.13377,0.36073,0.21651,0.39076,0.38069,0.46611,0.36957,0.32622,0.53923,0.25897,0.28367,0.19135,0.20291,0.16239,0.26867,0.32707,0.16261,0.20993,0.089361,0.16736,0.26023,0.18907,0.14349,0.15726,0.098407,0.065355,0.18204,0.087157,0.16357,0.15167,0.20557,0.13985,0.14522,0.22569,0.049338,0.24603,0.16019,0.2041,0.22148,0.033934,0.20405,0.25492,0.070533,0.093798,0.12194,0.13617,0.16052,0.21898,-0.014494,0.063477,0.43715,0.20032,0.2143,0.053337,0.28844,0.37614,0.17099,0.35713,0.17192,0.29182,0.17952,0.017493,0.34881,0.26297,0.13361,0.080491,0.15196,0.044432,0.039352,0.14501,0.065439,0.21147,0.32498,0.073165,0.2067,0.11812,0.2814,0.1034,0.15322,0.17259,0.24318,0.19347,0.094873,0.20182,0.30645,0.24887,0.24159,0.0984,0.11865,0.1753,0.15221,0.10808,0.09827,0.4754,0.35038,0.23309,0.020926,0.45534,0.49405,0.21227,0.1623,0.42613,0.16193,0.019291,0.19784,0.23892,0.16574,0.43801,0.29344,0.3213,0.11742,0.61801,0.42464,0.69053,0.33651,0.20272,0.13393,0.17061,0.45465,0.075791,0.20255,0.12595,0.21292,0.25858,0.13894,0.13272,0.12453,0.17354,0.22271,0.26917,0.37634,0.24108,0.029602,0.24117,0.24038,0.35695
0.13413,0.04755,0.069916,0.09782,0.12803,0.15237,0.076414,0.17698,-0.015998,-0.024722,0.074935,0.097958,0.28949,0.18081,0.25922,0.14841,0.084631,0.19384,0.051666,0.51511,0.40887,0.49016,0.55484,0.35915,0.52262,1,0.34718,0.41904,0.35747,0.27978,0.096064,0.54445,0.13891,0.1501,0.47101,0.31032,0.45274,0.46241,0.47289,0.40853,0.33266,0.39815,0.19561,0.25876,0.14333,0.29074,0.20781,0.28531,-0.026148,0.15655,0.11536,0.054779,0.076986,0.060672,0.37464,0.30415,0.22326,0.22076,0.24554,0.16129,0.19768,0.30696,0.18903,0.25985,0.32466,0.24637,0.23217,0.42358,0.39195,0.38076,0.33011,0.39481,0.26431,0.2526,0.27575,0.10708,0.06944,0.038606,0.21635,0.0063936,0.11088,0.10024,0.15917,0.084656,0.12883,-0.021564,0.018377,-0.041427,-0.029565,-0.046863,0.080472,0.053716,0.18567,-0.023924,0.032835,0.065055,0.27888,0.26352,0.26422,0.11273,0.19469,0.11454,0.13538,0.13368,0.10913,-0.056341,0.0049548,0.017722,-0.097845,0.13644,0.13951,-0.055052,0.048505,0.21017,0.31843,0.085212,0.021101,0.19455,0.21971,0.20717,0.17793,0.1537,0.21494,0.17273,0.17873,0.30215,0.17411,0.12958,0.062638,0.077162,0.053721,0.10531,0.052279,0.19632,0.25384,0.272,-0.035392,0.15354,0.10532,0.30036,0.0099672,0.0008002,0.26556,0.26544,0.1724,0.1821,0.033272,0.16647,0.029548,0.045327,0.031445,0.14512,0.10851,0.23755,0.34561,0.19399,0.32659,0.22914,0.14354,0.32004,0.4327,0.38985,0.20048,0.16763,0.38748,0.15675,0.17202,0.11481,0.098528,0.030203,0.43051,0.24096,0.27734,0.091652,0.37254,0.28502,0.49099,0.52671,0.23817,0.049808,0.068169,0.18457,0.0045764,0.089194,0.020578,0.12328,0.20256,0.18315,0.10725,0.062066,0.06659,0.20396,0.19701,0.37727,0.02021,0.060633,0.10559,0.14322,0.029245,0.53471,0.099348,0.46568,0.58576,0.55205,0.524,0.45734,0.3487,0.40314,0.3847,0.24948,0.081309,0.489,0.052172,0.060544,0.37165,0.32183,0.43423,0.46585,0.44351,0.46013,0.33612,0.19447,0.33264,0.16995,0.067297,0.089455,0.21745,0.011273,-0.02001,0.089279,0.065599,-0.033581,-0.022457,0.11521,0.21231,0.19596,0.27106,0.14406,0.26529,0.20991,0.18089,0.1973,0.093905,0.086922,0.26731,0.13098,0.2474,0.31605,0.34835,0.28014,0.24334,0.40999,0.21501,0.20798,0.168,0.086236,0.072777,0.22271,0.23078,0.091417,0.081927,0.015594,0.023902,0.13724,0.12688,0.015076,0.093903,-0.037598,-0.03148,0.031125,0.027246,0.10992,0.066564,0.10476,0.075696,0.021628,0.17441,0.016658,0.15436,0.064827,0.14885,0.18652,0.066903,0.14233,0.19461,-0.049421,0.021417,0.055664,0.099545,0.15954,0.14077,-0.021843,0.0075929,0.2832,0.16763,0.15563,0.025732,0.22966,0.27853,0.17713,0.2472,0.12508,0.20553,0.1335,-0.0026384,0.29535,0.20294,0.1326,0.048076,0.14982,0.022428,0.044538,0.124,0.082887,0.14437,0.24427,0.011853,0.19419,0.070135,0.25669,0.10509,0.13959,0.16108,0.20743,0.14214,0.064324,0.17088,0.21172,0.13929,0.20152,0.0037156,0.063538,0.09596,0.088489,0.05176,0.048877,0.33098,0.22296,0.13899,0.012551,0.3715,0.35441,0.17296,0.11383,0.29703,0.13902,-0.0055929,0.10309,0.1005,0.042825,0.34267,0.2356,0.28464,0.079748,0.42556,0.28012,0.51323,0.26466,0.12284,0.073303,0.089359,0.29733,0.083829,0.14409,0.1005,0.15665,0.14109,0.07592,0.12265,0.059547,0.088248,0.18311,0.19449,0.32536,0.16716,0.031681,0.20243,0.14315,0.22889
0.09721,0.12542,0.17988,0.14698,0.091101,0.095724,0.1178,0.099591,0.020682,-0.001524,0.060174,0.072666,0.37083,0.33893,0.29684,0.12747,0.17222,0.0025483,0.15828,0.42902,0.52334,0.49916,0.50523,0.3875,0.51529,0.34718,1,0.72919,0.38294,0.31627,0.21837,0.45839,0.0055266,-0.17567,0.38709,0.32142,0.44131,0.41269,0.47982,0.51124,0.37991,0.45256,0.29053,0.25999,0.18099,0.28749,0.27116,0.17858,-0.10317,0.13026,0.092478,0.092907,0.037358,-0.1159,0.64774,0.21742,0.14788,0.38348,0.49962,0.30507,0.21224,0.23303,0.06308,0.15899,0.070625,0.30747,0.37298,0.38816,0.34024,0.81315,0.56769,0.78646,0.50794,0.42707,0.46898,0.14582,0.029087,0.10928,0.07307,-0.023735,-0.04946,-0.012543,0.059158,0.096262,0.19024,-0.099067,-0.016608,0.13136,0.13199,0.038001,-0.0043541,0.041472,0.11504,0.12973,0.070236,-0.074166,0.21881,0.23462,0.34451,0.20041,0.1352,0.039527,-0.048746,-0.0085708,-0.027205,0.023742,-0.029392,-0.13883,-0.18916,0.013705,0.13362,-0.067437,0.070123,0.12048,0.28084,-0.029443,-0.090391,0.31939,0.4687,0.41275,0.30908,0.20807,0.39931,0.26814,0.25597,0.39655,0.056974,-0.058207,0.23726,-0.011825,0.055345,0.036388,-0.0072292,0.26278,0.37487,0.31023,0.042766,0.083253,0.040868,0.32232,0.0090222,0.13526,0.44259,0.42965,0.12974,0.091907,0.11559,0.28097,-0.029901,0.052192,0.035652,-0.010795,-0.010272,0.17257,0.25694,0.11332,0.48126,0.16636,0.18698,0.388,0.28305,0.37986,-0.040225,0.049526,0.41757,0.26053,0.10669,-0.1511,0.10537,-0.15415,0.22998,0.1873,0.22478,0.099379,0.52148,0.39603,0.49097,0.48272,0.15881,-0.07282,0.051713,0.079289,0.072025,0.14453,0.014158,0.17146,0.36909,0.092461,-0.10285,0.027753,0.061692,0.40938,0.35609,0.56679,0.075467,-0.055442,0.11532,0.017436,0.10455,0.47815,0.15666,0.45021,0.53449,0.50816,0.48013,0.44812,0.78221,0.67966,0.42719,0.29834,0.35199,0.4011,0.0075305,-0.1458,0.33358,0.30433,0.4587,0.39874,0.32917,0.54155,0.37498,0.14956,0.36738,0.36945,0.36286,0.053555,0.38147,-0.10459,-0.067877,0.056426,0.072267,0.00060438,0.051083,0.037772,0.46879,0.16314,0.24104,0.3231,0.48345,0.35933,0.10421,0.36048,0.11054,0.014491,0.23798,0.17503,0.31381,0.28535,0.22411,0.6112,0.42513,0.69289,0.30064,0.40761,0.31848,0.17205,0.11728,0.2326,0.23228,0.15322,0.1146,0.058488,0.21134,0.13894,0.066137,0.16522,0.011972,0.20777,0.19196,0.20836,0.047801,-0.036921,0.33864,0.39633,0.2642,0.10801,0.22512,0.093059,0.27924,0.17416,0.27454,0.032631,-0.095923,-0.0091892,0.041646,0.18562,0.079163,-0.016309,0.12437,0.00059486,0.15129,0.011774,0.084735,0.28919,0.16218,0.12094,0.015654,0.48689,0.57425,0.32634,0.35906,0.091129,0.34071,0.29514,0.16626,0.36057,0.11317,0.1261,0.05822,0.032255,-0.03612,-0.010053,0.14564,0.068763,0.25852,0.24627,0.17223,0.09772,0.13824,0.16698,0.16775,0.17513,0.2769,0.51304,0.22012,0.1066,0.33737,0.51784,0.25511,0.30873,0.16816,0.11628,0.11698,0.23137,0.11743,0.12922,0.38682,0.54371,0.36097,0.049279,0.2937,0.33557,-0.046632,-0.057017,0.31682,0.18745,0.041594,0.028908,0.25769,0.071011,0.31449,0.22662,0.18191,0.075633,0.52655,0.40172,0.45047,0.29072,0.32194,0.080983,0.036661,0.34859,-0.052464,0.099657,0.11039,0.13935,0.36915,0.042544,-0.038132,0.14194,0.19096,0.29399,0.3287,0.55588,0.28416,-0.059974,0.31364,0.10933,0.13955
0.17383,0.070229,0.13693,0.13677,0.17748,0.2063,0.18492,0.20749,-0.010225,-0.02706,0.11304,0.13215,0.52492,0.29871,0.32578,0.2311,0.21815,0.17646,0.20894,0.62213,0.55189,0.53167,0.62741,0.47594,0.59001,0.41904,0.72919,1,0.37438,0.2296,0.16291,0.52335,0.14779,-0.018276,0.37134,0.26058,0.45377,0.41692,0.45235,0.51032,0.4885,0.46804,0.43921,0.30373,0.29463,0.33344,0.3303,0.29809,-0.07933,0.25799,0.19742,0.11415,0.094108,0.030753,0.73941,0.41877,0.29461,0.45627,0.49175,0.3481,0.37945,0.33959,0.1488,0.27416,0.28563,0.2987,0.25026,0.42121,0.3169,0.8019,0.60477,0.83883,0.5417,0.48011,0.39842,0.1879,0.076138,0.074513,0.22502,-0.011926,0.082579,0.14503,0.18597,0.10351,0.25102,0.004245,0.0083234,0.14788,0.048112,0.02912,0.057318,0.10088,0.23551,0.071696,0.14322,0.063978,0.24924,0.26289,0.32645,0.21893,0.13896,0.033982,0.072562,0.055471,0.10093,0.045597,0.06743,-0.083913,-0.16232,0.15396,0.23391,-0.0015432,0.13193,0.066034,0.3418,0.057677,-0.059602,0.37234,0.48724,0.45148,0.35939,0.31872,0.4362,0.33886,0.32578,0.52516,0.10002,0.03872,0.12083,0.038834,-0.0099288,0.061339,0.051216,0.3609,0.36624,0.27292,-0.049155,0.173,0.072581,0.41761,0.0067673,0.0089794,0.54474,0.44727,0.18409,0.23374,0.058869,0.30595,0.089525,0.1003,0.10856,0.1023,0.095253,0.33595,0.42812,0.21731,0.38153,0.28252,0.13585,0.40713,0.47446,0.45822,0.10126,0.079521,0.37008,0.23413,0.15813,0.0092864,0.19091,-0.051875,0.34111,0.25425,0.24618,0.09018,0.48913,0.32626,0.47738,0.49618,0.25132,0.038162,0.068907,0.10853,0.061408,0.18035,-0.0042629,0.19838,0.37168,0.23289,0.038508,0.047802,0.038975,0.46637,0.42526,0.57595,0.022093,0.072924,0.19342,0.13726,0.055574,0.57822,0.15126,0.4481,0.62807,0.58949,0.60011,0.56548,0.69896,0.80661,0.43234,0.35599,0.32833,0.42428,0.04201,-0.017441,0.27142,0.25362,0.58417,0.43917,0.40118,0.56793,0.36249,0.18391,0.55137,0.29527,0.27079,0.12294,0.47271,-0.013839,0.0018226,0.15701,0.1431,-0.026591,0.038634,0.20755,0.44154,0.26369,0.37405,0.33805,0.45513,0.43488,0.19822,0.33229,0.14389,0.084138,0.18691,0.21514,0.28784,0.19778,0.26207,0.57944,0.45749,0.80436,0.40018,0.40752,0.28777,0.23971,0.19758,0.37582,0.39579,0.21464,0.30138,0.14552,0.17999,0.25695,0.22584,0.24026,0.23244,0.1785,0.14265,0.23855,0.084824,0.16469,0.27193,0.34867,0.31163,0.2015,0.32565,0.19464,0.33122,0.23778,0.36236,0.23773,0.053824,0.15214,0.25965,0.12592,0.17587,0.11992,0.19037,0.1466,0.24639,-0.005397,0.11731,0.39855,0.20654,0.3424,0.089658,0.48727,0.64834,0.36535,0.46957,0.18817,0.34522,0.29902,0.10038,0.46259,0.28755,0.24359,0.082384,0.24337,0.055373,0.039182,0.24606,0.13795,0.28981,0.33857,0.11495,0.26144,0.13913,0.27971,0.14792,0.1595,0.30287,0.41832,0.27249,0.1095,0.34914,0.49316,0.33497,0.33494,0.11023,0.21707,0.20263,0.1685,0.1371,0.14845,0.4024,0.49517,0.30622,0.048633,0.37371,0.40219,0.13915,0.11936,0.34858,0.28488,0.092735,0.20989,0.29451,0.19955,0.30209,0.28467,0.28237,0.18117,0.55421,0.32584,0.47367,0.23571,0.16362,0.15033,0.20048,0.43271,0.09406,0.2456,0.17157,0.24416,0.30894,0.23653,0.10358,0.22301,0.18315,0.34023,0.37628,0.58066,0.35593,0.0014863,0.33608,0.23134,0.35258
0.059874,0.0074533,-0.02073,0.014498,0.034448,0.1504,0.046654,0.15707,0.014829,-0.019301,0.13224,0.13287,0.26134,0.23053,0.20162,0.13077,0.091639,0.25581,0.062764,0.44483,0.35818,0.49952,0.44397,0.29929,0.44243,0.35747,0.38294,0.37438,1,0.56184,0.29563,0.52483,0.14088,0.13512,0.47494,0.40967,0.38295,0.50822,0.42816,0.36318,0.30858,0.38006,0.21914,0.46399,0.25556,0.34635,0.2348,0.37494,-0.11833,0.0096122,0.056648,-0.050541,-0.020583,-0.07699,0.29266,0.25549,0.33709,0.11651,0.1871,0.10478,0.20069,0.44719,0.45842,0.34051,0.3812,0.21916,0.32746,0.47748,0.55162,0.41162,0.27585,0.38968,0.22305,0.16613,0.3872,0.16839,0.089775,0.24548,0.33981,-0.078585,0.004068,0.14361,0.039517,0.040662,0.053797,-0.064877,-0.04464,-0.18678,-0.13424,-0.16059,-0.022519,0.067578,0.35041,-0.021661,-0.041091,0.001617,0.50153,0.48392,0.45312,0.25678,0.36721,0.20293,0.33042,0.23722,0.36079,-0.08223,-0.05142,-0.052716,-0.1485,0.14872,0.10866,0.012611,-0.013793,0.37634,0.44975,0.1739,-0.089544,0.25427,0.1998,0.14195,0.16512,0.19338,0.17612,0.13918,0.15786,0.29436,0.28346,0.23575,0.1163,0.23015,0.12865,0.20411,0.14543,0.16588,0.32137,0.53426,-0.071095,0.17662,0.025055,0.27134,0.031375,0.017131,0.18994,0.21759,0.13086,0.096396,0.044842,0.17663,0.0030956,-0.020681,-0.082906,0.14578,-0.0031869,0.15066,0.2806,0.32023,0.36515,0.23716,0.23145,0.36186,0.42228,0.48443,0.35687,0.27467,0.55264,0.29111,0.44834,0.20011,-0.029979,-0.097817,0.42494,0.14982,0.17133,0.034321,0.30393,0.27835,0.48764,0.5155,0.17527,-0.042366,0.12784,0.13905,0.0068613,0.022487,0.021042,0.14246,0.13957,0.35888,0.14697,0.092708,0.06382,0.23479,0.12908,0.36397,0.018236,-0.065382,0.12306,0.20504,0.038663,0.43682,0.032782,0.46924,0.48291,0.46012,0.4237,0.40859,0.33847,0.3691,0.60629,0.42327,-0.0022266,0.45946,0.060654,-0.034377,0.37872,0.43874,0.38891,0.45918,0.32054,0.40569,0.30576,0.21429,0.3113,0.1769,-0.038813,0.14119,0.19066,-0.026214,-0.1321,-0.073214,-0.005056,-0.10345,-0.13637,-0.043547,0.18677,0.26642,0.29373,0.028233,0.24015,0.19544,0.2196,0.40896,0.19701,0.099259,0.38649,0.13546,0.35455,0.39024,0.45902,0.29385,0.24482,0.38641,0.12642,0.21627,0.1632,0.17988,0.15376,0.29302,0.31245,-0.054953,-0.0092971,0.053113,-0.073925,0.029098,0.011721,-0.10182,-0.091149,-0.14393,-0.11763,-0.1038,-0.12756,0.014996,0.12411,0.010208,0.056251,-0.035359,0.34087,-0.019444,0.25055,0.073035,0.27864,0.15963,0.19437,0.1359,0.17259,-0.1513,-0.067741,0.030331,-0.073193,0.085984,0.092135,-0.012926,-0.086431,0.46068,0.29394,0.10368,-0.067658,0.33,0.25046,0.084928,0.26661,0.13164,0.2344,0.22807,0.10709,0.19771,0.31027,0.21117,0.099593,0.093867,-0.017101,0.081079,0.19807,0.088711,0.21663,0.39553,-0.012187,0.069118,-0.01958,0.20791,0.05952,0.13295,0.10645,0.23376,0.070781,0.0092049,0.13216,0.17683,0.064041,0.098687,-0.10368,0.043492,-0.0094275,0.049146,0.10227,0.21722,0.41852,0.19085,0.20278,0.097957,0.32525,0.33427,0.23371,0.067723,0.41376,0.26211,0.20662,0.0098527,-0.0057947,-0.10278,0.36307,0.20678,0.12526,0.02347,0.35739,0.32782,0.45119,0.2637,0.091681,-0.080185,-0.0022337,0.33248,-0.009086,0.069609,0.032213,0.18692,0.16532,0.14709,0.031271,0.015454,0.0045037,0.13802,0.1286,0.31876,0.063674,-0.060026,0.16236,0.10699,0.24372
0.03597,0.027251,0.039769,0.058618,0.012904,0.050848,0.014032,0.091664,0.010139,-0.035132,0.053291,0.080453,0.17047,0.23374,0.20377,0.061618,0.063837,0.10554,0.032339,0.28595,0.3452,0.42752,0.32919,0.24216,0.39629,0.27978,0.31627,0.2296,0.56184,1,0.15497,0.4299,0.064556,0.019532,0.49262,0.50781,0.36946,0.51465,0.43635,0.35945,0.23638,0.3699,0.10415,0.29081,0.053089,0.23714,0.13553,0.18692,-0.061399,0.003982,0.014693,-0.048302,0.0037842,-0.10705,0.20873,0.075186,0.13487,0.057297,0.15026,0.033976,0.020431,0.25767,0.18349,0.16987,0.2079,0.17254,0.4414,0.42036,0.5736,0.29354,0.17395,0.26424,0.13044,0.038286,0.36049,0.066365,0.070462,0.13597,0.096375,-0.044422,-0.051638,0.10604,0.0087789,0.057491,0.063091,-0.07635,-0.055469,-0.15449,-0.027376,-0.10969,0.040736,0.08645,0.12653,-0.061313,0.041084,0.04661,0.42564,0.50497,0.49065,0.31805,0.37168,0.23007,0.041871,0.16049,0.055562,-0.047904,-0.029294,-0.042941,-0.14285,0.018751,0.030707,-0.05404,0.0010928,0.40675,0.32016,0.13445,-0.09664,0.11957,0.14967,0.052969,0.12142,0.12487,0.096875,0.033472,0.057988,0.16026,0.14543,0.1212,0.148,0.15515,0.089561,0.086526,0.051646,0.084821,0.31543,0.51247,0.015254,0.10032,0.024407,0.17786,0.042617,0.086573,0.09982,0.1516,0.10216,0.060484,0.10064,0.034893,-0.074531,-0.0022592,-0.054159,0.15516,-0.024458,0.096359,0.20833,0.21757,0.4474,0.10947,0.20733,0.33763,0.24823,0.37585,0.25696,0.24771,0.56041,0.13787,0.27119,0.066538,-0.0025618,-0.091563,0.32511,0.086167,0.1674,0.10374,0.33292,0.37881,0.48182,0.49815,0.099576,-0.11008,0.078851,0.1078,0.026683,-0.0015195,0.042093,0.056436,0.12256,0.20817,0.0098136,0.10766,0.06145,0.15064,0.064677,0.29557,0.043245,-0.090964,0.030021,0.088545,0.040459,0.30738,0.020466,0.42563,0.35745,0.35693,0.33163,0.25977,0.26821,0.24056,0.51719,0.32242,-0.010624,0.38523,0.065485,-0.074913,0.40631,0.49502,0.28487,0.39376,0.34574,0.34752,0.28461,0.19437,0.21257,0.14838,-0.0052617,0.034603,0.10169,-0.057318,-0.065731,-0.042483,-0.021107,-0.023732,-0.042082,-0.055638,0.15085,0.11101,0.1651,0.030911,0.21245,0.058235,0.077414,0.22975,0.013487,-0.034121,0.36431,0.050567,0.39716,0.39133,0.486,0.2034,0.11798,0.25505,0.029261,0.11843,0.10466,0.04602,0.054384,0.095481,0.10019,-0.045999,-0.10125,0.081686,-0.043488,0.069834,0.039166,-0.055104,-0.14451,-0.083227,-0.0093854,-0.030716,0.016921,0.051868,0.089477,0.021991,0.022525,0.056912,0.13796,0.0305,0.24866,0.13857,0.16792,0.078683,-0.091636,0.084893,-0.098536,-0.060525,-0.051899,0.047823,-0.012884,0.0077884,0.065409,0.027344,-0.024043,0.38519,0.18918,0.034081,-0.012311,0.14721,0.12438,0.044317,0.12954,0.095636,0.1864,0.12899,0.082365,0.094446,0.064298,0.033115,0.074117,0.0073515,-0.048176,-0.037903,0.046921,0.0066826,0.12492,0.2653,0.028681,0.016171,-0.022809,0.11172,0.077296,0.14319,0.067926,0.18915,0.054252,0.048326,0.060374,0.10891,0.034227,0.12256,0.022644,0.036097,0.026139,0.059448,0.097879,0.11577,0.40424,0.16348,0.16021,0.0091461,0.22135,0.22697,0.14364,0.085714,0.35008,0.037784,-0.021494,-0.0056663,0.038995,-0.052051,0.33713,0.13155,0.047922,-0.014481,0.30823,0.41058,0.39861,0.30233,0.14051,-0.04395,-0.023691,0.19289,-0.030928,0.024323,0.067598,0.11661,0.13452,0.033861,0.007052,0.067619,0.04723,0.11488,0.10215,0.20909,0.03276,-0.029454,0.12876,-0.038703,0.053641
-0.032635,0.029653,0.024765,-0.054747,0.031329,-0.045054,0.10794,0.12239,0.023004,0.0085576,0.062119,0.082299,0.11466,0.082179,0.1307,-0.028612,0.070165,0.090717,0.11511,0.070799,0.089091,0.1491,0.083152,0.071351,0.11782,0.096064,0.21837,0.16291,0.29563,0.15497,1,0.13733,-0.18739,-0.15492,0.1615,0.11529,0.087748,0.17161,0.14848,0.18919,0.13492,0.10864,0.03373,0.32278,0.35431,0.058135,0.27618,0.074277,-0.26747,-0.19006,-0.0076639,-0.15856,-0.1536,-0.25939,0.13685,0.042087,0.10049,-0.014961,0.16196,0.063469,-0.071568,0.14419,0.19014,0.027931,0.015112,0.030094,0.061141,0.11797,0.10933,0.15764,0.037217,0.22095,-0.0075348,0.061636,0.16044,0.062065,0.050344,0.062574,0.068144,-0.063273,-0.04496,0.078275,-0.081822,-0.017331,0.071464,-0.059919,-0.19801,-0.013602,0.025471,-0.072285,-0.17458,0.19163,0.34117,0.39579,0.042217,-0.10752,0.27359,0.24064,0.24994,0.25896,0.17455,0.084547,0.082674,0.092991,0.21844,0.025455,-0.11784,-0.16373,-0.20948,0.044809,0.078408,-0.030175,-0.012519,0.094863,0.076886,-0.0042584,-0.021723,0.13577,0.076467,0.088031,0.049527,-0.0052088,0.14751,0.12303,0.1047,0.11841,0.14557,-0.0081545,0.1359,0.14202,0.018518,0.028466,-0.053977,0.01775,0.042983,0.07417,-0.037684,-0.034684,-0.11291,-0.024268,-0.091827,0.098809,0.089064,0.19757,0.097544,-0.040939,0.022058,0.33276,-0.053121,-0.091328,-0.2054,-0.097919,-0.17115,-0.0040022,0.023706,0.050542,0.10359,0.1793,0.0018923,0.046941,0.036673,0.1378,0.05891,-0.057337,0.15138,0.095871,0.214,-0.014488,-0.18224,-0.26557,0.0064635,0.067692,0.08669,0.030862,0.069941,-0.045498,0.13322,0.17339,0.0085384,-0.13384,0.00613,0.010503,0.035127,0.1199,0.059952,0.095831,0.096196,0.27772,0.018819,0.1157,0.09627,0.097385,0.15754,0.17619,-0.11425,-0.10367,0.010886,0.023887,0.076895,0.13602,-0.063141,0.15668,0.14584,0.17256,0.097056,0.06397,0.23484,0.17554,0.17212,0.18796,0.3275,0.198,-0.093135,-0.24676,0.10688,0.13058,0.11221,0.16174,0.091845,0.13537,0.10648,-0.078371,0.042969,0.24559,0.25619,-0.06198,0.15421,-0.10505,-0.30643,-0.27221,-0.01502,-0.22478,-0.11258,-0.25532,0.16868,0.02247,0.14057,0.075142,0.078136,0.0058313,-0.070287,0.18625,0.16601,-0.035466,0.10661,-0.043174,0.028943,0.12556,0.06159,0.16528,0.05034,0.20875,0.027231,0.050136,0.18107,0.020469,0.046139,0.15396,0.12828,-0.0342,-0.0049378,0.16344,0.04,-0.11406,-0.10625,-0.051197,-0.20964,-0.065547,0.081797,-0.023664,-0.20151,-0.0058028,0.28825,0.22636,0.1236,0.079399,0.20524,0.17156,0.072912,0.06491,0.16763,0.058259,0.046364,0.089188,0.17458,0.054404,-0.12285,-0.035749,-0.093349,0.015435,-0.019586,-0.09083,-0.028808,0.11391,0.027917,0.017735,0.073995,0.17256,0.16215,0.081783,-0.0031356,0.029951,0.02579,-0.012238,0.07315,0.13206,0.2205,0.12852,-0.02209,0.10838,-0.081372,0.018819,0.040873,0.011556,0.051304,0.10951,0.073957,-0.058264,0.054878,0.018676,0.05079,0.03279,0.10316,0.15986,0.075847,0.049114,0.12524,0.29868,0.022383,-0.013416,-0.15973,-0.022367,0.0068026,0.089484,0.013325,0.11339,0.094246,0.29067,0.10859,0.091799,0.02878,0.12314,0.0032307,-0.072902,0.13494,0.094044,0.15751,-0.0064374,-0.076482,-0.27497,0.13334,0.07511,0.047831,-0.0090355,0.10413,0.05029,0.090199,0.096184,0.11544,-0.10474,-0.20133,0.059727,-0.071261,0.019352,0.014616,0.03705,0.11344,0.093037,-0.11035,0.1577,0.068452,0.18021,0.17066,0.23405,-0.044854,-0.15936,0.15232,0.083978,-0.039625
0.1646,0.062128,0.091692,0.12172,0.12614,0.17557,0.10873,0.18518,-0.059884,-0.033433,0.10355,0.12685,0.38466,0.27811,0.29691,0.19812,0.14877,0.19085,0.075336,0.67735,0.54876,0.82061,0.73525,0.50681,0.66672,0.54445,0.45839,0.52335,0.52483,0.4299,0.13733,1,0.16853,0.087107,0.78973,0.44589,0.51694,0.72336,0.6329,0.53001,0.40379,0.56138,0.29291,0.38506,0.2377,0.38342,0.25438,0.30129,-0.10191,0.14058,0.12633,0.052694,0.044051,-0.025636,0.50536,0.39148,0.32758,0.2736,0.3109,0.1938,0.27984,0.36956,0.24386,0.34271,0.36066,0.35045,0.39757,0.63472,0.5411,0.48574,0.40322,0.49697,0.33317,0.30674,0.33835,0.15229,0.079686,0.13772,0.28779,-0.0074243,0.081654,0.13579,0.13494,0.068326,0.13594,-0.1078,-0.078369,-0.030142,-0.053391,-0.089066,0.036129,0.028158,0.21841,-0.017027,0.045798,0.035904,0.33481,0.34267,0.33495,0.15484,0.21174,0.06726,0.13189,0.11544,0.16483,-0.068564,-0.0037454,-0.050254,-0.14294,0.16486,0.15465,-0.088922,0.06748,0.20916,0.36164,0.033979,-0.070967,0.23134,0.21265,0.23183,0.22904,0.22765,0.31501,0.18989,0.21058,0.38418,0.19655,0.13668,0.12636,0.10227,0.070302,0.10176,0.10547,0.19975,0.26659,0.36371,-0.036444,0.20019,0.10921,0.4532,0.0057466,0.03687,0.33142,0.29876,0.1803,0.17179,0.026662,0.15403,-0.035468,0.029609,0.01514,0.077708,0.050765,0.25301,0.35093,0.21012,0.46432,0.20265,0.16183,0.43173,0.53752,0.47685,0.21893,0.15398,0.54257,0.21063,0.2584,0.052121,0.042473,-0.099149,0.69371,0.28536,0.29963,0.075873,0.5278,0.47281,0.74165,0.75994,0.27088,-0.040204,0.043163,0.16073,0.017199,0.030863,0.020375,0.17644,0.24965,0.25909,0.038017,0.031228,0.047596,0.30637,0.26272,0.49451,-0.010039,-0.0028238,0.1584,0.17767,0.071516,0.72066,0.065144,0.72663,0.7842,0.75485,0.65661,0.58894,0.4336,0.4721,0.54282,0.35853,0.12869,0.79866,0.074676,0.014498,0.68367,0.49559,0.52309,0.6923,0.55517,0.64009,0.41557,0.26974,0.4309,0.22775,0.10759,0.13634,0.25412,-0.026333,-0.051294,0.065321,0.058287,-0.080677,-0.014171,0.10087,0.27207,0.25927,0.35906,0.16785,0.31092,0.27474,0.26812,0.27175,0.11921,0.1276,0.43384,0.15006,0.35686,0.46246,0.50728,0.29451,0.23777,0.48298,0.18204,0.24292,0.13479,0.12949,0.12112,0.29688,0.34218,0.090114,0.12402,0.043097,0.034137,0.12476,0.12444,0.041528,0.049397,-0.015743,-0.019947,0.073098,0.013179,0.095207,0.13795,0.12343,0.097403,0.057846,0.21025,0.02191,0.22797,0.12766,0.20704,0.15876,0.029257,0.13116,0.19771,-0.052283,0.0064688,0.082613,0.070912,0.14172,0.17889,-0.030827,0.06304,0.44756,0.16918,0.17505,0.0025403,0.30048,0.30126,0.15665,0.3041,0.16371,0.28295,0.18589,0.043873,0.33794,0.24204,0.18139,0.099407,0.18109,0.049364,0.074094,0.17633,0.037459,0.12725,0.27609,0.067886,0.20974,0.080411,0.33573,0.089522,0.20203,0.20779,0.27694,0.15401,0.056341,0.20304,0.257,0.15366,0.23078,0.0040176,0.084697,0.088789,0.099456,0.098954,0.071571,0.44892,0.28809,0.22439,-0.022818,0.48594,0.48121,0.1939,0.11341,0.42825,0.15925,-0.011393,0.069015,0.10389,0.033562,0.64332,0.27282,0.27313,0.081312,0.61867,0.42362,0.69909,0.42989,0.1687,0.02754,0.092372,0.37369,0.044406,0.15343,0.13336,0.21171,0.18244,0.1362,0.11512,0.067618,0.11949,0.23714,0.27011,0.42091,0.18364,-0.030556,0.27476,0.18238,0.2939
0.048901,-0.018673,-0.026543,0.10592,0.0019404,0.16032,0.011521,0.029443,-0.02956,-0.01925,0.036644,0.01909,0.16124,0.16871,0.071084,0.15623,0.08937,0.35571,0.10902,0.32713,0.033058,0.17243,0.26978,0.25398,0.25263,0.13891,0.0055266,0.14779,0.14088,0.064556,-0.18739,0.16853,1,0.61005,0.080804,0.052894,0.17939,0.098937,0.13046,0.080106,0.20118,0.070058,0.20667,0.053021,0.042914,0.27003,-0.039899,0.30014,0.41606,0.46442,0.35475,0.35533,0.3983,0.50084,0.087995,0.1929,0.18227,0.13458,-0.026815,0.010953,0.23111,0.069013,0.12099,0.20484,0.37183,0.07814,0.00022017,0.11986,0.1146,0.086773,0.15029,0.083701,0.13945,0.044158,0.072242,0.03633,0.080159,0.12812,0.18435,0.10786,0.18023,0.16614,0.24395,0.12729,0.012793,0.32825,0.38968,0.0068727,0.036796,0.15061,0.3766,0.10997,0.016477,-0.14739,0.017672,0.24977,-0.00060782,0.033982,-0.00092399,0.015956,0.022216,0.15195,0.17244,0.10532,0.13502,0.091346,0.19996,0.30691,0.26002,0.16617,0.051173,0.18724,0.044932,0.096768,0.11243,0.31474,0.20245,0.039203,0.059663,0.038094,0.070258,0.23216,0.03104,-0.0078078,0.026775,0.12437,-0.0073688,0.10959,-0.072178,0.051766,0.073327,0.079841,0.15706,0.051535,0.077566,0.13827,-0.079729,0.25493,0.1366,0.21429,0.12001,-0.09095,0.081894,-0.037013,0.01561,0.1394,0.099909,0.0073483,0.30539,0.17522,0.21067,0.36722,0.26598,0.15697,0.20662,0.11977,0.11599,0.17996,0.13809,0.13125,0.42356,0.18537,0.34993,0.42706,0.17875,0.029564,0.030042,0.41211,0.39742,0.4638,0.32975,0.084724,0.055461,0.053786,0.02708,0.13783,0.21273,0.096566,0.15158,0.45033,0.25637,0.096988,-0.027772,-0.053957,-0.094881,0.049342,0.011822,-0.0033882,0.31407,0.019753,-0.031091,0.13325,0.0021887,-0.031997,0.20339,0.26615,0.069543,0.19106,0.06238,0.24877,0.083424,0.13766,0.18164,0.18127,0.28627,0.28466,0.0079007,0.11469,0.14255,0.033774,-0.15641,0.075631,0.33764,0.5838,0.11235,0.088771,0.15514,0.16573,0.19084,0.18731,0.18315,0.12393,0.25427,0.0057856,-0.1669,0.23121,0.11475,0.14925,0.32731,0.36931,0.20021,0.15774,0.17396,0.34756,-0.069236,0.24212,0.11388,0.012473,0.14455,0.13151,0.24256,0.084175,-0.0053889,0.11535,0.071478,0.15246,0.11325,0.046165,0.26226,0.017604,0.16259,0.11993,0.11064,0.097069,-0.11518,0.21116,0.11635,0.079516,0.15985,0.13113,0.17394,0.037353,0.043669,0.27209,0.16956,0.091479,0.22175,0.063088,-0.12106,-0.020388,0.16197,0.22795,-0.12602,-0.104,-0.059051,-0.0095011,-0.026664,-0.096672,-0.003196,0.065921,-0.049218,0.21054,0.10766,0.20515,0.15877,-0.0089745,0.2059,0.20557,0.14303,0.17246,0.13954,0.099519,-0.0012561,0.27388,0.081717,0.093626,-0.013201,0.038602,0.045177,-0.018199,0.26664,0.092281,0.14607,0.1708,-0.089474,-0.025008,0.14104,-0.020002,0.021156,0.049587,0.10397,0.093945,0.071682,0.025565,0.069521,0.080775,-0.059439,0.13713,-0.00067186,0.15757,-0.029489,0.019497,-0.02661,-0.087358,-0.019044,-0.024845,-0.064011,-0.068231,0.17978,0.089861,0.11803,0.14802,0.096954,-0.015103,0.06746,-0.056793,0.21147,-0.079925,0.0010199,-0.045791,0.28478,0.20401,0.28677,0.33886,0.14564,0.086444,-0.0022838,0.30067,0.21932,0.31691,0.09886,0.10095,0.10876,0.070358,0.18293,0.070128,0.29004,0.011198,-0.024783,0.21109,0.26794,0.23488,0.05769,0.10526,-0.0015443,0.15413,-0.022182,0.11845,0.25205,-0.021315,0.052874,-0.022016,0.0002192,-0.069042,0.12759,0.13687,-0.047387,0.13267,0.38093
0.027531,-0.076208,-0.088299,0.026306,-0.001266,0.15532,-0.055748,0.065616,-0.0054973,-0.045214,0.051297,0.068018,0.069954,0.12154,0.026465,0.096398,0.062577,0.45709,0.00074482,0.25209,-0.085102,0.0815,0.18644,0.20756,0.15732,0.1501,-0.17567,-0.018276,0.13512,0.019532,-0.15492,0.087107,0.61005,1,0.00026924,-0.015363,0.077951,0.041357,0.043054,-0.018108,0.16276,-0.009764,0.14191,0.20108,0.048769,0.24129,0.0007081,0.39545,0.38585,0.34354,0.35234,0.22782,0.31109,0.52269,-0.06196,0.19797,0.28996,0.065252,-0.11513,-0.032904,0.25646,0.10318,0.29608,0.29157,0.49768,0.082198,-0.10884,0.066474,0.09607,-0.097658,0.046433,-0.076181,0.041111,-0.0037786,-0.049849,0.10315,0.094707,0.13854,0.26205,0.11342,0.29782,0.20045,0.33035,0.10674,-0.020966,0.30681,0.33979,-0.077899,-0.063383,0.1058,0.36378,0.16659,0.1432,-0.12989,-0.028135,0.23976,0.070764,0.098255,-0.059811,-0.031513,0.054432,0.19358,0.3938,0.20725,0.3442,0.096372,0.16514,0.36228,0.33765,0.29448,0.051519,0.16467,0.040972,0.2107,0.16466,0.27179,0.2246,0.010884,-0.040992,-0.048751,-0.016091,0.19821,-0.069667,-0.045225,0.0076195,0.053059,0.11958,0.21663,-0.12889,0.19078,0.094282,0.14199,0.17304,0.012036,-0.0070905,0.12502,-0.088536,0.19539,0.096927,0.077749,0.058157,-0.13927,-0.038915,-0.10036,0.020288,0.10516,0.068693,0.020771,0.39465,0.091601,0.10021,0.37845,0.24959,0.082954,0.14357,0.17425,-0.015031,0.24349,0.13435,0.027469,0.47195,0.17657,0.54019,0.51071,0.15225,0.025984,0.20077,0.63204,0.31226,0.49505,0.327,0.049757,0.021104,-0.046524,-0.14874,0.0084217,0.089307,0.025994,0.10327,0.48915,0.28604,0.093215,-0.07679,-0.10924,-0.041206,0.029852,-0.061017,0.10766,0.45866,0.042965,0.0034807,0.056602,-0.016711,-0.12277,0.12664,0.2778,0.053259,0.27528,0.063169,0.17602,0.098495,0.043125,0.10678,0.12943,0.20652,0.16735,-0.16929,-0.028457,0.075781,0.0072482,-0.32138,0.039282,0.35077,0.73067,0.022413,0.073437,0.059449,0.10128,0.14679,0.065855,0.11427,0.13435,0.16416,-0.064565,-0.30795,0.256,-0.011825,0.21672,0.22009,0.23399,0.19107,0.03121,0.062336,0.24524,-0.12235,0.25779,0.15693,-0.057584,-0.006783,0.081922,0.31568,0.045273,0.13027,0.24428,0.12566,0.1273,0.029389,0.048009,0.23678,-0.1353,0.067305,-0.038223,0.067143,0.038784,-0.11765,0.19432,0.086833,0.14386,0.14126,0.072394,0.13329,-0.015668,-0.077252,0.057157,0.066925,-0.10013,0.13856,-0.12355,-0.27565,-0.18335,-0.012369,0.20672,-0.24662,-0.28648,-0.1839,-0.17449,-0.0016633,-0.1966,-0.12299,-0.094064,-0.080911,0.24316,0.33017,0.24458,0.30019,-0.1656,0.034158,0.14485,0.030646,0.254,0.12464,0.071806,-0.075087,0.26343,0.14174,-0.0083476,-0.055548,-0.021096,-0.085448,-0.043369,0.17459,0.094268,0.055171,0.12058,-0.1186,-0.084771,0.22434,0.049127,0.010528,0.10034,0.12349,0.12562,0.08457,0.024462,0.04882,0.095142,-0.18271,0.13142,-0.026848,0.14734,-0.058976,-0.081982,-0.061,-0.23201,-0.071945,-0.053496,-0.16291,-0.19647,0.021418,-0.1128,-0.10301,0.007947,0.054949,-0.10842,-0.0065927,-0.0033504,0.10805,-0.27125,-0.032908,0.079504,0.27613,0.18552,0.38794,0.36401,0.11042,0.11511,0.11966,0.26965,0.018163,0.11887,0.056913,0.041622,0.082281,0.011484,0.02109,-0.032929,0.1872,-0.024397,-0.11291,0.1524,0.24109,0.13488,0.06256,0.057937,-0.050669,0.113,-0.10705,0.093356,0.32518,-0.13733,-0.05831,-0.04098,-0.044242,-0.16552,-0.04268,0.12956,-0.10309,0.14207,0.37589
0.12108,0.04964,0.13305,0.11057,0.11304,0.10872,0.10382,0.1664,-0.036908,-0.053939,0.089153,0.13331,0.30571,0.25014,0.28397,0.13902,0.121,0.13396,0.089787,0.493,0.51319,0.71641,0.58454,0.40394,0.61311,0.47101,0.38709,0.37134,0.47494,0.49262,0.1615,0.78973,0.080804,0.00026924,1,0.59319,0.48346,0.75398,0.6439,0.57168,0.36771,0.51775,0.17316,0.27637,0.1823,0.3295,0.21835,0.21313,-0.080893,0.082639,0.089221,0.036371,0.030043,-0.063681,0.37358,0.26229,0.18165,0.16604,0.25902,0.12465,0.067486,0.26587,0.10207,0.20704,0.25432,0.28003,0.5108,0.62544,0.5995,0.35453,0.26771,0.38522,0.21659,0.19134,0.29797,0.072025,0.049031,0.068967,0.16232,0.008487,0.021564,0.052608,0.11568,0.12465,0.16259,-0.11397,-0.082645,-0.015112,-0.044422,-0.060022,0.060659,0.023892,0.13902,-0.0004033,0.044328,0.00085703,0.27976,0.35838,0.3336,0.14202,0.16358,0.052353,-0.01682,0.065812,0.059958,-0.069622,-0.0051817,-0.044185,-0.2003,0.10884,0.10636,-0.13435,0.032255,0.24493,0.25958,-0.006198,-0.04205,0.16226,0.12972,0.16348,0.16712,0.14489,0.25739,0.11118,0.15947,0.28822,0.13603,0.054578,0.11034,0.046234,0.057455,0.026569,0.017936,0.12824,0.21558,0.32417,0.0040391,0.13281,0.067429,0.33204,-0.015569,0.055379,0.24878,0.29488,0.19191,0.11964,0.026181,0.12174,-0.095082,0.021742,-0.0049547,0.042,-0.0014806,0.19767,0.32,0.12811,0.55889,0.15861,0.13464,0.40179,0.41203,0.43257,0.11719,0.096493,0.57871,0.096845,0.13267,-0.035584,0.039429,-0.11455,0.61531,0.2327,0.27759,0.10183,0.52207,0.49131,0.76242,0.75732,0.20572,-0.04944,0.030362,0.12648,0.040705,0.070955,0.023899,0.12037,0.21468,0.19586,-0.022299,0.0028261,0.055658,0.22111,0.22452,0.42962,-0.034594,-0.03905,0.11379,0.074936,0.088218,0.56705,-0.0064261,0.65526,0.61879,0.63159,0.55183,0.46778,0.37196,0.35379,0.48109,0.26097,0.17206,0.70692,0.054186,-0.06388,0.68557,0.57843,0.44861,0.65427,0.55052,0.57664,0.36316,0.20981,0.31746,0.23158,0.18264,0.050926,0.20685,-0.060364,-0.042313,0.025554,0.045774,-0.048911,0.023312,0.078182,0.25677,0.14561,0.26221,0.15307,0.23605,0.15055,0.10469,0.17595,-0.0071414,0.013694,0.42452,0.047106,0.36451,0.5077,0.51962,0.22284,0.12578,0.36889,0.071572,0.11707,0.10001,0.043868,0.059799,0.19103,0.23207,0.086783,0.057876,0.03384,0.089746,0.1576,0.098511,0.079853,-0.0050007,0.019683,0.099633,0.12012,0.066332,0.0613,0.11828,0.16344,0.075764,0.073398,0.067686,0.035683,0.16953,0.11422,0.098464,0.081212,-0.12856,0.085387,0.082992,-0.0015117,-0.0083747,0.04292,0.095659,0.084815,0.12354,-0.052658,0.067843,0.3631,0.057508,0.13357,0.020255,0.15677,0.18676,0.090565,0.17856,0.14102,0.21224,0.029019,0.027071,0.30062,0.11307,0.082428,0.068036,0.10718,-0.010727,-0.018694,0.077461,-0.022646,-0.0068824,0.16658,0.10045,0.17506,0.099446,0.23429,0.09702,0.18998,0.16814,0.23729,0.17255,0.070917,0.18187,0.25709,0.15065,0.21133,0.080389,0.051205,0.10419,0.1205,0.054578,-0.011752,0.42192,0.28231,0.17216,-0.076242,0.39977,0.42402,0.086518,0.046057,0.38467,0.00024123,-0.16201,0.033599,0.12398,0.042553,0.59502,0.21219,0.23584,0.079768,0.55516,0.45673,0.64519,0.46818,0.20073,0.045241,0.053997,0.28317,0.055034,0.12749,0.11995,0.14174,0.18993,0.049837,0.071143,0.088743,0.13742,0.21622,0.24115,0.34139,0.18107,-0.039976,0.2556,0.13309,0.1867
0.037754,0.017427,0.097393,0.063506,0.046129,0.024862,0.10521,0.1537,0.0085155,-0.012289,0.095823,0.10503,0.2137,0.21798,0.23125,0.10933,0.060464,0.1367,0.11412,0.28022,0.3319,0.43431,0.35649,0.30279,0.47197,0.31032,0.32142,0.26058,0.40967,0.50781,0.11529,0.44589,0.052894,-0.015363,0.59319,1,0.42151,0.61666,0.55384,0.48919,0.34721,0.36652,0.063753,0.1713,0.12614,0.25302,0.037286,0.14307,-0.044188,-0.014475,0.088294,-0.017916,0.072404,-0.050075,0.21115,0.080883,0.061919,0.058861,0.18366,0.019817,-0.051702,0.16812,0.071982,0.14594,0.20988,0.23442,0.57509,0.54045,0.67373,0.25172,0.16042,0.27553,0.11816,0.088992,0.25456,0.03398,0.066877,0.10961,0.043098,0.042548,0.010295,-0.056779,0.070595,0.15834,0.076409,-0.098393,-0.06805,-0.040044,-0.003692,0.044865,0.12421,0.0036708,0.035262,-0.013787,0.033173,-0.032342,0.24386,0.33582,0.30903,0.14876,0.19829,0.081401,-0.026338,0.034215,0.070867,0.022006,0.0098273,0.0473,-0.13492,0.030493,0.023025,-0.05884,0.0089599,0.40224,0.19478,0.002878,-0.021079,0.12093,0.11086,0.043878,0.083654,0.11484,0.10315,-0.02256,0.039553,0.15954,0.084235,0.067071,0.13131,0.031651,0.088818,0.01569,0.0035882,0.042569,0.26056,0.40791,0.023154,0.093501,0.013954,0.17873,-0.016946,0.088781,0.14011,0.14214,0.14237,0.013211,0.087657,0.013053,-0.10049,0.012739,-0.030623,0.045434,0.0044931,0.061869,0.20438,0.10043,0.58687,0.041567,0.094679,0.29074,0.25135,0.31908,0.09381,0.16178,0.56932,0.057035,0.10525,-0.033535,-0.013326,-0.11075,0.37742,0.11627,0.23568,0.094716,0.36071,0.42878,0.62664,0.54608,0.089293,-0.047789,0.060954,0.16472,0.031645,0.058962,-0.011483,-9.5943e-05,0.081535,0.088966,-0.021364,0.031087,0.037034,0.14618,0.11614,0.25474,-0.02294,-0.014642,0.045221,0.056103,0.13066,0.33872,-0.010809,0.42659,0.34132,0.39562,0.38966,0.26591,0.30026,0.23455,0.40168,0.20108,0.12465,0.4208,0.10826,-0.0721,0.49514,0.59856,0.29872,0.47511,0.49065,0.40824,0.38411,0.13662,0.15901,0.18678,0.20016,-0.026961,0.10496,-0.083651,-0.0040941,-0.04211,0.048346,0.021018,0.027638,0.024107,0.22058,0.052289,0.18074,0.10446,0.18837,0.029577,0.024011,0.13556,-0.088587,-0.13097,0.31371,0.050497,0.40751,0.43855,0.49192,0.16295,0.079474,0.28417,-0.002712,0.036848,0.067288,0.047992,0.047679,0.10057,0.13139,0.042899,0.012736,0.029361,0.075824,0.13329,0.020902,0.046721,-0.07631,0.057441,0.17147,0.13821,0.10313,0.023335,0.10494,0.12457,0.036959,0.071804,0.017865,-0.0088773,0.096537,0.074,0.021752,0.010545,-0.16587,0.069471,0.0018504,0.071449,-0.0017645,0.0012539,0.10444,0.03533,0.053955,0.024809,0.02807,0.2678,0.04425,0.017377,0.028245,0.099171,0.089996,0.041376,0.12691,0.050637,0.16845,-0.012306,0.062248,0.13523,0.048914,0.0078007,0.049666,-0.032384,-0.064293,-0.034994,-0.023258,-0.050675,0.037881,0.1376,0.064218,0.050943,0.063757,0.073233,0.067863,0.11903,0.05457,0.13772,0.069252,0.046486,0.051561,0.18522,0.089547,0.098634,0.14266,0.042669,0.1443,0.1103,0.07184,0.022402,0.42925,0.23909,0.061255,-0.097339,0.18259,0.18358,0.036728,0.028891,0.32207,-0.034906,-0.14674,0.025488,0.1028,0.014006,0.40145,0.11563,0.12707,-0.039669,0.34171,0.44545,0.47534,0.3308,0.17009,0.047173,-0.053083,0.20064,-0.019209,0.039104,0.11274,0.065439,0.18909,-0.033386,0.0075959,0.047964,0.14288,0.11971,0.14337,0.18204,0.10703,0.008081,0.10514,0.1053,0.080709
0.11941,0.066347,0.07099,0.096335,0.082034,0.16195,0.038219,0.13055,-0.035644,-0.052244,0.046364,0.063527,0.28893,0.20358,0.24243,0.13823,0.090862,0.11392,0.099569,0.45103,0.53064,0.4982,0.51562,0.37364,0.55638,0.45274,0.44131,0.45377,0.38295,0.36946,0.087748,0.51694,0.17939,0.077951,0.48346,0.42151,1,0.50914,0.54532,0.50056,0.398,0.51269,0.13603,0.23978,0.17024,0.33581,0.19071,0.29822,0.049322,0.20719,0.12693,0.15452,0.12232,0.11187,0.41155,0.20956,0.14496,0.24491,0.2818,0.14008,0.20858,0.23322,0.10082,0.23175,0.25617,0.31184,0.36485,0.44704,0.46009,0.48451,0.38522,0.42999,0.32606,0.2381,0.37417,0.059931,0.087464,0.073213,0.09285,-0.031862,0.021658,0.044782,0.082826,0.11973,0.076053,0.04048,0.10857,0.027056,0.027821,0.058138,0.11045,0.0082929,0.11606,0.035335,0.039111,0.034423,0.20326,0.31568,0.28863,0.17419,0.19716,0.08396,0.029517,0.028663,0.027846,0.024186,0.034493,0.061886,-0.070759,0.013294,0.12731,-0.029584,0.076738,0.25795,0.29129,0.12121,-0.003991,0.15335,0.25963,0.19439,0.16237,0.21518,0.21358,0.099891,0.10614,0.25382,0.078526,0.066087,0.1024,-0.00088064,0.056362,0.032913,0.069636,0.21136,0.31281,0.39177,0.0060262,0.15701,0.079085,0.30583,0.058588,0.060748,0.27666,0.35075,0.11853,0.17402,0.18458,0.22683,0.058385,0.13228,0.09717,0.12689,0.10886,0.23674,0.43293,0.21865,0.5411,0.25064,0.27906,0.4939,0.39555,0.41224,0.12984,0.22176,0.4821,0.14396,0.096633,0.030228,0.21117,0.054801,0.39376,0.18518,0.26842,0.11146,0.55464,0.48238,0.52559,0.56138,0.2273,0.091546,0.11247,0.17776,-0.017426,0.052775,-0.030596,0.069272,0.20781,0.10927,0.045759,0.014119,0.051073,0.21773,0.13914,0.4055,0.14816,0.010114,0.079082,0.11497,-0.016378,0.47593,0.16441,0.48442,0.5711,0.53208,0.56155,0.49327,0.45386,0.44387,0.46186,0.29668,0.16964,0.4278,0.11622,0.057503,0.42333,0.38248,0.55102,0.48157,0.49197,0.5766,0.47174,0.25725,0.27987,0.2784,0.15519,0.14868,0.30453,0.01865,0.055015,0.14256,0.043928,0.065381,0.044546,0.1569,0.25856,0.16883,0.24513,0.15664,0.3736,0.19661,0.18461,0.22126,0.055575,0.0303,0.28584,0.19021,0.37491,0.30784,0.44422,0.37766,0.28191,0.44544,0.20413,0.23951,0.17201,0.12868,0.079334,0.16113,0.22246,0.058014,0.088262,0.061061,0.062947,0.20723,0.11126,0.13654,0.13157,0.079609,0.064024,0.10919,0.10137,0.11643,0.18737,0.20235,0.14645,0.085817,0.16331,0.031478,0.2309,0.16413,0.19278,0.17013,-0.032954,0.14993,0.098675,0.071511,0.073427,0.10779,0.14543,0.062477,0.12494,0.027733,0.051907,0.36635,0.2073,0.1286,0.049504,0.22413,0.2938,0.16766,0.30952,0.12787,0.25876,0.19302,-0.0013561,0.24887,0.13323,0.0022617,0.074864,0.045619,-0.00024064,0.010571,0.067002,0.067431,0.22288,0.26803,0.054307,0.13451,0.056195,0.20019,0.11301,0.19689,0.139,0.31511,0.13887,0.099574,0.2129,0.32973,0.23266,0.26371,0.12612,0.1218,0.13746,0.10018,0.12513,0.11002,0.47968,0.35131,0.23413,0.013054,0.35575,0.35843,0.17245,0.16663,0.36114,0.097486,-0.010427,0.15426,0.25402,0.14855,0.35194,0.23947,0.25995,0.081895,0.53967,0.4281,0.54804,0.36087,0.23374,0.13514,0.10187,0.36984,0.01614,0.12734,0.072638,0.12668,0.22821,0.056209,0.10898,0.11387,0.1647,0.1368,0.16516,0.35558,0.25275,0.052952,0.18144,0.088851,0.17133
0.10441,0.019354,0.094634,0.074237,0.1195,0.14647,0.12052,0.17684,-0.036645,-0.029952,0.10215,0.13414,0.29741,0.26528,0.24688,0.15838,0.12843,0.16781,0.081501,0.52125,0.50999,0.67778,0.58827,0.45271,0.6365,0.46241,0.41269,0.41692,0.50822,0.51465,0.17161,0.72336,0.098937,0.041357,0.75398,0.61666,0.50914,1,0.65399,0.60118,0.43923,0.53082,0.18445,0.29446,0.1998,0.30785,0.19575,0.22972,-0.11285,0.053736,0.12251,-0.0042067,0.028081,-0.064059,0.39148,0.2752,0.20704,0.1672,0.2874,0.13393,0.092797,0.29029,0.13783,0.21749,0.26123,0.27003,0.47905,0.61309,0.60579,0.37789,0.29985,0.41637,0.2498,0.18825,0.32838,0.07452,0.059313,0.093704,0.18281,-0.014198,0.023462,0.040447,0.09601,0.11786,0.14102,-0.14369,-0.11761,-0.05499,-0.052774,-0.074377,0.039357,0.01991,0.17451,-0.011374,0.026103,-0.0074873,0.3015,0.38418,0.34542,0.15189,0.21056,0.059565,0.026231,0.083963,0.11696,-0.045842,-0.0024709,-0.04623,-0.20122,0.1378,0.11789,-0.10893,0.022525,0.29342,0.27249,-0.011724,-0.082561,0.20041,0.16114,0.1912,0.16891,0.14965,0.23888,0.11936,0.15172,0.28288,0.17623,0.10197,0.12841,0.079125,0.058017,0.050601,0.039813,0.14777,0.24553,0.37471,-0.023965,0.12752,0.03327,0.29669,-0.020399,0.056173,0.25348,0.2527,0.17425,0.11734,0.041385,0.11765,-0.10085,-0.014669,-0.052542,0.058512,-0.0088684,0.18015,0.33777,0.11742,0.55513,0.17647,0.11893,0.38934,0.41916,0.41587,0.15029,0.11274,0.6042,0.10707,0.18992,0.0015893,-0.012828,-0.15147,0.52991,0.21314,0.27996,0.085162,0.50959,0.44478,0.71699,0.72398,0.19946,-0.056722,0.035175,0.14936,0.013922,0.062869,0.023936,0.13497,0.18579,0.21511,0.0020138,0.025704,0.044383,0.2597,0.22267,0.40989,-0.039981,-0.015193,0.095863,0.11217,0.089078,0.55842,0.0066529,0.63058,0.60591,0.63201,0.58741,0.47092,0.39422,0.38188,0.49952,0.30833,0.13001,0.64633,0.085169,-0.039661,0.60514,0.55323,0.45852,0.63285,0.56207,0.58691,0.4245,0.18251,0.31133,0.2249,0.15678,0.028664,0.19447,-0.091591,-0.085539,-0.011829,0.069111,-0.064602,-0.0005317,0.060788,0.25086,0.15255,0.27793,0.13109,0.26178,0.14552,0.10257,0.19677,0.017777,-0.013419,0.38632,0.068277,0.37023,0.45997,0.51604,0.25968,0.16577,0.41013,0.094541,0.12117,0.10917,0.070193,0.07523,0.21142,0.25682,0.062433,0.052769,0.017813,0.074577,0.12469,0.066063,0.034746,-0.031391,-0.0098782,0.059886,0.098235,0.037937,0.048297,0.11294,0.12384,0.06787,0.051324,0.10913,0.033793,0.17856,0.092157,0.11754,0.067352,-0.10358,0.073611,0.10156,-0.010253,-0.033957,0.030161,0.06134,0.08016,0.1347,-0.043565,0.040441,0.38129,0.089172,0.10832,-0.0021587,0.20322,0.22125,0.097344,0.20646,0.12995,0.21763,0.080793,0.019824,0.28987,0.15395,0.080334,0.041471,0.095017,-0.020295,0.024437,0.10039,0.0058451,0.044836,0.20622,0.082755,0.14292,0.072333,0.19219,0.07033,0.156,0.15449,0.22079,0.12033,0.049454,0.14382,0.24006,0.1294,0.15808,0.03852,0.051821,0.10574,0.11593,0.080902,0.035778,0.46208,0.2741,0.16072,-0.06594,0.34965,0.38698,0.10519,0.068307,0.38279,0.035764,-0.1183,0.042502,0.094243,0.0029628,0.5263,0.21205,0.24438,0.023535,0.51484,0.47611,0.61904,0.40499,0.17924,0.025144,0.0021638,0.29479,0.01394,0.12274,0.13541,0.15339,0.18688,0.034973,0.057231,0.06073,0.12888,0.21911,0.22835,0.33641,0.13361,-0.044195,0.22534,0.13334,0.19122
0.1033,0.054067,0.062254,0.06996,0.10871,0.14734,0.10171,0.15362,-0.030786,-0.023651,0.058203,0.076163,0.31787,0.2536,0.25412,0.14411,0.11969,0.15983,0.099295,0.5202,0.48666,0.61242,0.60363,0.49176,0.67652,0.47289,0.47982,0.45235,0.42816,0.43635,0.14848,0.6329,0.13046,0.043054,0.6439,0.55384,0.54532,0.65399,1,0.61894,0.4662,0.47797,0.16858,0.26349,0.19022,0.34425,0.19141,0.26514,-0.0072705,0.14132,0.12355,0.085515,0.096365,-0.0038609,0.41434,0.21215,0.15722,0.2217,0.29546,0.16309,0.10573,0.21978,0.094378,0.19432,0.22799,0.27347,0.45532,0.55254,0.53931,0.45296,0.35812,0.44467,0.30282,0.2094,0.3385,0.083296,0.063847,0.096552,0.14105,0.00062304,0.029691,0.039399,0.13301,0.13955,0.13545,-0.038035,0.031743,0.0040307,0.046354,0.019154,0.087804,0.065159,0.11988,0.016488,0.071172,0.015269,0.24621,0.31526,0.3364,0.18244,0.18998,0.10578,0.012143,0.084705,0.054153,0.011091,-0.0080164,0.0017483,-0.12882,0.089687,0.10739,-0.070767,0.062349,0.26469,0.26485,0.06894,0.0040813,0.16877,0.21252,0.18884,0.17905,0.18904,0.26902,0.079481,0.13082,0.28006,0.077069,0.020978,0.15457,0.03706,0.075729,-0.0076993,0.012971,0.13591,0.25334,0.36166,0.015176,0.15706,0.021633,0.34482,0.032485,0.081475,0.27181,0.27026,0.12828,0.14382,0.10448,0.16911,-0.01799,0.028146,-0.0019232,0.07324,0.039345,0.16234,0.32146,0.12581,0.58093,0.18915,0.16355,0.3975,0.42093,0.42613,0.12698,0.18538,0.57857,0.12252,0.11118,0.021322,0.093306,-0.051222,0.48762,0.22516,0.27282,0.11515,0.56113,0.46062,0.70289,0.67713,0.21793,0.043429,0.11324,0.16892,-0.0076796,0.086799,0.0092565,0.093562,0.21908,0.12542,0.035112,0.050308,0.064963,0.25401,0.22586,0.3949,0.034199,0.0020979,0.11947,0.098704,0.11358,0.56668,0.072852,0.5767,0.62058,0.62836,0.62076,0.52126,0.45604,0.41435,0.4629,0.27449,0.19288,0.56495,0.11485,-0.016815,0.52635,0.50931,0.48225,0.57897,0.5598,0.6226,0.52116,0.20346,0.29496,0.2743,0.20017,0.094486,0.2534,-0.057201,-0.036574,0.072424,0.063942,-0.031505,0.041534,0.059799,0.26146,0.13744,0.24228,0.17772,0.34195,0.14981,0.12276,0.18632,0.010656,0.035626,0.36857,0.11038,0.39814,0.39232,0.46249,0.32256,0.2318,0.43809,0.13726,0.19789,0.11415,0.091498,0.087328,0.16615,0.22437,0.099177,0.069951,0.027448,0.12826,0.16469,0.047459,0.066926,0.023994,0.060326,0.079412,0.10483,0.034222,0.049267,0.14907,0.18734,0.081183,0.066648,0.10265,0.020322,0.21944,0.12082,0.13206,0.082848,-0.096823,0.078623,0.087343,0.054361,0.024039,0.042768,0.096482,0.05196,0.13752,-0.058324,0.03069,0.3774,0.13073,0.097923,0.019786,0.22591,0.26368,0.11298,0.25691,0.12289,0.26451,0.12251,0.01796,0.26649,0.13562,0.01598,0.054638,0.058775,-0.020616,0.0034552,0.055158,-0.0042066,0.10419,0.21349,0.094099,0.12725,0.043871,0.19206,0.10631,0.17882,0.12727,0.26233,0.13244,0.079788,0.16186,0.30753,0.15974,0.19102,0.079901,0.052767,0.109,0.14078,0.10625,0.054874,0.48096,0.32695,0.21326,-0.029723,0.38612,0.43468,0.091227,0.071372,0.42666,0.064829,-0.081714,0.077558,0.16469,0.03644,0.46968,0.24813,0.26203,0.035437,0.56812,0.45645,0.65349,0.39525,0.2557,0.065261,0.035331,0.36878,-0.0051387,0.097372,0.10721,0.12438,0.2399,0.022255,0.02526,0.077328,0.14332,0.21476,0.23582,0.3418,0.17538,0.024925,0.22433,0.12507,0.17883
0.10632,0.053765,0.15601,0.075171,0.12531,0.13695,0.13798,0.14704,0.019221,-0.0092894,0.073645,0.084212,0.36133,0.2511,0.29532,0.13343,0.13758,0.14308,0.16473,0.45374,0.5392,0.52557,0.56103,0.50038,0.66644,0.40853,0.51124,0.51032,0.36318,0.35945,0.18919,0.53001,0.080106,-0.018108,0.57168,0.48919,0.50056,0.60118,0.61894,1,0.59414,0.51105,0.18013,0.26817,0.24101,0.3239,0.26518,0.22439,-0.069882,0.14755,0.12088,0.064767,0.091889,-0.023301,0.45652,0.24781,0.13057,0.25454,0.35869,0.22657,0.14377,0.24204,0.062248,0.17671,0.21686,0.23364,0.38933,0.49469,0.46235,0.48709,0.34616,0.50355,0.28914,0.26261,0.30774,0.095077,0.057913,0.026675,0.11241,0.037688,0.017617,0.017416,0.15425,0.16107,0.23574,-0.10211,-0.014344,0.09667,-0.022165,-0.0039927,0.060578,0.026503,0.18252,0.094629,0.026619,-0.063314,0.21152,0.29391,0.28727,0.13178,0.12364,0.0044505,-0.031116,0.0355,0.063391,-0.0040749,-0.012046,-0.070514,-0.18686,0.10579,0.16332,-0.097906,0.067435,0.20328,0.241,-0.041419,-0.035877,0.20301,0.23052,0.26964,0.18167,0.18546,0.28212,0.16431,0.17776,0.34617,0.059899,-0.012118,0.15563,0.034246,0.052734,-0.027678,0.0093274,0.20701,0.24093,0.29551,-0.027861,0.061674,0.0053691,0.26892,-0.045275,0.048325,0.32014,0.33485,0.17968,0.10944,0.078443,0.2336,-0.058986,0.057328,-0.0038974,-0.026179,-0.0068794,0.23112,0.3609,0.1015,0.59557,0.19471,0.14194,0.38877,0.37713,0.41281,0.045904,0.073902,0.48794,0.12285,0.07796,-0.066237,0.102,-0.10958,0.38227,0.17461,0.23206,0.12626,0.59365,0.41717,0.61789,0.60453,0.18811,0.0041181,0.056375,0.12954,0.018372,0.16325,-0.020649,0.12698,0.25358,0.16153,-0.028474,-0.032257,0.060985,0.27785,0.2739,0.42242,-0.01749,-0.014757,0.1165,0.079204,0.11425,0.50458,0.07475,0.50203,0.56272,0.60512,0.62653,0.4923,0.497,0.46579,0.40203,0.27508,0.29898,0.47561,0.085135,-0.036296,0.42568,0.42282,0.50135,0.50962,0.52629,0.63572,0.47203,0.16805,0.30473,0.30625,0.30256,0.027657,0.30569,-0.13769,-0.052286,0.059724,0.096366,-0.032061,0.035918,0.12917,0.30631,0.1352,0.25252,0.20641,0.335,0.22791,0.093642,0.19032,0.047264,-0.011321,0.25506,0.098113,0.29597,0.35511,0.35809,0.36963,0.25286,0.4829,0.18805,0.22322,0.19924,0.11246,0.084122,0.2353,0.2539,0.1365,0.15189,0.055012,0.18206,0.2004,0.12453,0.11812,0.056895,0.1378,0.14575,0.17107,0.055808,0.04051,0.22733,0.30124,0.17503,0.087298,0.15845,0.076632,0.17576,0.13655,0.15464,0.097116,-0.074475,0.10396,0.20515,0.10489,0.076094,0.0065672,0.13413,0.11957,0.14561,-0.055981,0.044359,0.32283,0.083401,0.14339,0.021195,0.26978,0.34525,0.18529,0.24985,0.1293,0.19632,0.13615,0.043578,0.35556,0.17983,0.10474,0.029617,0.15593,-0.001295,0.014439,0.1062,0.045659,0.10383,0.21109,0.14809,0.15027,0.15205,0.1906,0.12325,0.12891,0.18787,0.29114,0.20448,0.08371,0.25568,0.37376,0.16217,0.20559,0.095789,0.019485,0.15958,0.18287,0.0581,0.033197,0.39478,0.4147,0.26743,0.010451,0.34042,0.38512,0.036784,0.021389,0.32016,0.10118,-0.034289,0.073961,0.20282,0.06261,0.36842,0.24517,0.26818,0.08994,0.56095,0.433,0.5482,0.34221,0.21321,0.11622,0.04449,0.33874,0.034393,0.15786,0.10626,0.12855,0.2711,0.060612,0.05049,0.11437,0.18513,0.26221,0.28323,0.37554,0.22966,-0.02957,0.25992,0.19014,0.21574
0.1039,0.0013471,0.044513,0.050051,0.14695,0.21151,0.14513,0.1855,0.00048823,-0.0035399,0.12252,0.12003,0.36972,0.23803,0.21605,0.19618,0.13266,0.31219,0.20756,0.54353,0.37145,0.39162,0.6013,0.70833,0.69439,0.33266,0.37991,0.4885,0.30858,0.23638,0.13492,0.40379,0.20118,0.16276,0.36771,0.34721,0.398,0.43923,0.4662,0.59414,1,0.32164,0.23108,0.26708,0.28649,0.32041,0.21784,0.31031,-0.01027,0.20964,0.2061,0.099274,0.14792,0.11093,0.44769,0.30532,0.20835,0.27834,0.27244,0.20674,0.21663,0.26258,0.13348,0.2414,0.35239,0.17361,0.19951,0.3599,0.36016,0.41327,0.34145,0.44125,0.30893,0.21654,0.26709,0.098509,0.065551,0.032229,0.20444,0.013676,0.06827,0.12951,0.19529,0.11558,0.17063,0.030168,0.076155,0.052409,-0.032801,0.020365,0.12579,0.091666,0.21535,0.055111,0.085134,0.044877,0.23597,0.295,0.26879,0.16537,0.19563,0.069593,0.11936,0.11354,0.1905,0.067004,0.075735,0.041136,-0.077843,0.17655,0.19051,0.022504,0.086674,0.22663,0.22641,0.081182,0.028461,0.21058,0.23924,0.2184,0.20819,0.20868,0.22961,0.15642,0.15033,0.3319,0.082445,0.0721,0.032255,0.068616,0.04345,0.026707,0.078847,0.20339,0.2056,0.27892,-0.069816,0.11867,0.047385,0.26562,0.0046067,-0.052987,0.30844,0.22701,0.13837,0.13472,0.03462,0.19453,0.098905,0.049855,0.067553,0.11962,0.109,0.23095,0.3687,0.13699,0.43661,0.24274,0.12398,0.2975,0.41306,0.37094,0.21973,0.18413,0.38614,0.12512,0.12688,0.15241,0.16338,0.025801,0.32435,0.18718,0.166,0.081961,0.34087,0.24097,0.44444,0.37458,0.16323,0.11947,0.11705,0.14209,0.002504,0.13424,-0.029208,0.089076,0.21494,0.21296,0.12968,0.05611,0.046516,0.27891,0.22077,0.28646,0.0050662,0.082325,0.14959,0.13171,0.062846,0.52573,0.046664,0.34993,0.49662,0.59855,0.70065,0.43618,0.3973,0.43895,0.3046,0.24395,0.211,0.29938,0.080265,0.086094,0.22119,0.28167,0.41386,0.35778,0.43329,0.51004,0.55321,0.08894,0.33591,0.23141,0.18168,0.10892,0.30353,-0.019869,0.0088927,0.11189,0.1257,-0.059949,0.040878,0.19962,0.25504,0.19645,0.25437,0.17619,0.29142,0.23099,0.14958,0.19477,0.10858,0.078684,0.16103,0.12664,0.22059,0.18856,0.30515,0.30167,0.25892,0.46028,0.20794,0.22679,0.1545,0.1836,0.12383,0.25179,0.30035,0.14805,0.21153,0.085063,0.12823,0.2017,0.15772,0.11143,0.15524,0.10578,0.065854,0.13074,0.037731,0.15836,0.10523,0.19282,0.12043,0.13253,0.20804,0.065425,0.16003,0.12218,0.16913,0.22154,0.078179,0.19796,0.29841,0.073851,0.10373,0.11237,0.084122,0.18721,0.17307,-0.015742,0.046916,0.32681,0.12759,0.16937,0.06336,0.26834,0.3179,0.13974,0.29954,0.1635,0.19709,0.14659,-0.029169,0.29339,0.26395,0.12998,0.026266,0.1791,0.062707,0.067634,0.14325,0.05509,0.16061,0.25785,0.016328,0.19179,0.060978,0.15239,0.038808,0.083183,0.13808,0.17538,0.15278,0.028656,0.17391,0.26807,0.2151,0.13957,0.029674,0.0926,0.17981,0.11489,0.04999,0.090586,0.31624,0.27508,0.13581,0.02191,0.2746,0.30251,0.20391,0.13927,0.27059,0.16455,0.065753,0.23289,0.20086,0.10645,0.24046,0.17416,0.22518,0.10095,0.38491,0.2517,0.41067,0.13253,0.05457,0.15647,0.14634,0.34527,0.06937,0.21314,0.13634,0.15326,0.19449,0.12667,0.093023,0.12929,0.14839,0.16999,0.20476,0.29551,0.1915,0.025133,0.18267,0.22315,0.32062
0.13421,0.028614,0.098181,0.075391,0.098155,0.15083,0.0575,0.15403,-0.05438,-0.048556,0.02853,0.073659,0.32951,0.17043,0.24752,0.11435,0.12806,0.096126,0.087961,0.40926,0.73243,0.50543,0.46423,0.24501,0.4743,0.39815,0.45256,0.46804,0.38006,0.3699,0.10864,0.56138,0.070058,-0.009764,0.51775,0.36652,0.51269,0.53082,0.47797,0.51105,0.32164,1,0.13664,0.30523,0.1578,0.34187,0.29492,0.23946,-0.0060907,0.1607,0.072407,0.10018,0.067411,0.031339,0.41378,0.21797,0.1287,0.22357,0.30321,0.16268,0.14911,0.27105,0.070855,0.18419,0.2125,0.23349,0.32705,0.46209,0.39336,0.46048,0.33501,0.44884,0.2782,0.25793,0.31984,0.064893,0.081254,0.026153,0.11218,-0.026154,0.033163,0.10251,0.1211,0.13035,0.17717,-0.019615,0.023068,0.049085,0.016721,-0.00017093,0.061804,0.035193,0.1377,0.031462,0.087542,0.082545,0.20283,0.28288,0.27457,0.15083,0.11555,0.071396,-0.0044619,0.060653,0.013518,-0.037076,0.02598,-0.015643,-0.15071,0.095365,0.12486,-0.061569,0.086433,0.12835,0.29261,0.051546,-0.037658,0.18168,0.22921,0.19745,0.19087,0.13361,0.26733,0.14697,0.18684,0.28834,0.06147,0.030035,0.10295,0.047484,0.032113,0.0003121,0.029628,0.21406,0.27035,0.30766,-0.019211,0.11561,0.049587,0.30467,-0.025199,0.038677,0.29824,0.34874,0.15769,0.16261,0.082084,0.21008,-0.002256,0.073643,0.08538,0.088577,0.072408,0.26841,0.40335,0.19354,0.42889,0.27218,0.26809,0.49578,0.35048,0.40694,0.093787,0.10339,0.41579,0.1471,0.12115,-0.012444,0.1641,-0.022837,0.37758,0.19916,0.21928,0.078844,0.63559,0.48836,0.47523,0.68459,0.19489,0.021743,0.027205,0.071678,0.0058039,0.11366,-0.016644,0.12367,0.20329,0.16747,-0.0082741,0.01333,0.038036,0.20403,0.20633,0.52285,0.049231,-0.032942,0.10474,0.082658,0.020139,0.40641,0.070056,0.47406,0.53594,0.47989,0.48696,0.46874,0.45934,0.44345,0.4303,0.27864,0.21884,0.44756,0.067747,-0.021801,0.41483,0.31595,0.52019,0.47849,0.43753,0.54807,0.27575,0.21016,0.2899,0.27689,0.18591,0.058625,0.34429,-0.045911,0.032614,0.096247,0.055522,0.023445,0.060202,0.18891,0.27193,0.11393,0.21758,0.14294,0.32176,0.18283,0.079767,0.21976,0.015367,-0.047329,0.19504,0.082821,0.2863,0.30742,0.35248,0.3592,0.23349,0.45162,0.18731,0.21649,0.15633,0.082564,0.090837,0.1721,0.20513,0.098751,0.13795,0.054812,0.085613,0.2092,0.12158,0.12922,0.12521,0.077681,0.087684,0.1362,0.076511,0.12285,0.20765,0.22882,0.15835,0.099085,0.17717,0.090362,0.22183,0.18508,0.19985,0.1772,-0.084175,0.12882,0.10179,0.04603,0.072459,0.11118,0.15157,0.092404,0.16522,0.0018291,0.083258,0.35635,0.11704,0.20469,0.036489,0.22282,0.29791,0.1764,0.24073,0.16201,0.19263,0.14916,0.019708,0.32147,0.15828,0.092922,0.027169,0.15934,0.049422,0.030112,0.13746,0.074291,0.11506,0.23296,0.079378,0.20278,0.067886,0.21625,0.1255,0.19761,0.17191,0.34651,0.17448,0.059719,0.28917,0.34984,0.19617,0.27611,0.10855,0.11865,0.12384,0.10648,0.069354,0.058991,0.34119,0.41303,0.30827,-0.029858,0.30709,0.30126,0.13802,0.10495,0.26745,0.11613,-0.034507,0.12074,0.23875,0.12935,0.33859,0.25623,0.23896,0.12587,0.56153,0.41676,0.43457,0.33573,0.15021,0.10642,0.12663,0.29435,0.065895,0.16797,0.1414,0.13045,0.21199,0.087506,0.11388,0.15033,0.15061,0.20866,0.19634,0.40226,0.27884,-0.025905,0.27032,0.095678,0.18205
0.060554,0.014999,0.051973,0.094737,0.098287,0.15527,0.12891,0.14331,0.046644,0.02638,0.14171,0.078306,0.31385,0.19127,0.16541,0.14794,0.1986,0.23958,0.10902,0.39956,0.1739,0.29833,0.32752,0.26159,0.30555,0.19561,0.29053,0.43921,0.21914,0.10415,0.03373,0.29291,0.20667,0.14191,0.17316,0.063753,0.13603,0.18445,0.16858,0.18013,0.23108,0.13664,1,0.1917,0.21304,0.21796,0.16938,0.18613,-0.044878,0.16569,0.18443,0.030034,0.056187,0.05604,0.36671,0.33975,0.29868,0.24068,0.21271,0.19094,0.30962,0.20813,0.21505,0.24129,0.26895,0.15626,0.050973,0.22572,0.12686,0.33081,0.29909,0.38647,0.26283,0.28824,0.12491,0.19277,0.070604,0.11291,0.21773,0.021887,0.12584,0.21683,0.17417,0.060513,0.15061,0.041329,0.01846,0.053951,0.0067831,-0.032956,0.068858,0.13421,0.22597,-0.019138,0.13393,0.13568,0.18535,0.15926,0.12736,0.14684,0.072277,0.081771,0.17271,0.14157,0.20342,0.028009,0.096542,-0.016356,-0.022068,0.21766,0.16876,0.10013,0.081335,0.0063433,0.20514,0.077888,-0.021357,0.23688,0.18984,0.24179,0.23195,0.26591,0.30346,0.21119,0.2012,0.39683,0.10916,0.073947,0.002667,0.15418,-0.016529,0.087958,0.081213,0.1363,0.14924,0.11877,-0.061725,0.12727,0.084651,0.25451,0.0011075,-0.06484,0.31491,0.1573,0.11332,0.163,-0.013956,0.10035,0.11748,0.062429,0.024855,0.10785,0.052023,0.18635,0.20268,0.12124,0.097571,0.1341,0.0012062,0.13266,0.34271,0.25461,0.20479,0.10092,0.17139,0.1266,0.19303,0.18344,0.074096,0.012371,0.24781,0.16101,0.10405,0.015888,0.091191,0.085904,0.24901,0.2157,0.13241,0.1033,0.092889,0.086954,0.0551,0.10732,0.026978,0.15041,0.17599,0.25629,0.18058,0.069452,-0.0024752,0.42584,0.33371,0.2901,-0.03921,0.14171,0.19209,0.16437,0.10071,0.34407,0.06054,0.19091,0.29911,0.29373,0.26938,0.29584,0.2516,0.39562,0.19189,0.20348,0.080901,0.2307,0.062544,0.089754,0.14484,0.1271,0.25549,0.22607,0.16536,0.20079,0.096106,0.067328,0.44224,0.06735,0.0060519,0.15025,0.16029,0.05119,0.0082586,0.10126,0.11927,-0.086002,0.031441,0.11925,0.15429,0.23318,0.26691,0.15451,0.18615,0.26885,0.2059,0.17776,0.093743,0.12525,0.13289,0.13562,0.13702,0.11163,0.11971,0.15997,0.20129,0.39787,0.18337,0.17914,0.060461,0.16995,0.15383,0.28113,0.28255,0.16067,0.23779,0.097583,0.078801,0.15613,0.1817,0.091614,0.096186,0.045493,-0.044932,0.075343,-0.017239,0.12404,0.05583,0.072146,0.12329,0.090562,0.18461,0.06465,0.13546,0.10978,0.19156,0.1411,0.16032,0.11881,0.23381,-0.0061793,0.095234,0.10054,0.03809,0.14578,0.17612,-0.021294,0.079228,0.26429,0.081036,0.21785,0.019077,0.25402,0.30019,0.1603,0.2871,0.12011,0.19689,0.1838,0.07863,0.21479,0.26387,0.23404,0.085224,0.21975,0.13277,0.072127,0.17912,0.04941,0.15033,0.1967,0.035127,0.16852,0.061055,0.19757,0.051669,0.042164,0.17543,0.076639,0.13395,0.0084748,0.11615,0.16342,0.16262,0.10391,-0.0043276,0.10313,0.066551,0.050365,0.060744,0.0762,0.17368,0.14125,0.13242,0.0027488,0.2546,0.25828,0.13645,0.086088,0.18668,0.22163,0.11843,0.12552,0.063093,0.085385,0.18744,0.12469,0.14219,0.11498,0.21174,0.088468,0.26499,0.10181,0.021521,0.064943,0.17729,0.24321,0.079383,0.1589,0.11741,0.21831,0.094073,0.24487,0.12953,0.062239,0.036675,0.21716,0.2304,0.25526,0.14376,0.0039948,0.17399,0.21711,0.34476
0.030388,0.011014,-0.0052333,-0.021408,0.05483,0.11929,0.10555,0.18092,0.01553,-0.0037081,0.10803,0.14913,0.26249,0.17045,0.20871,0.086077,0.13142,0.35388,0.044796,0.3497,0.32541,0.35365,0.33864,0.24514,0.3086,0.25876,0.25999,0.30373,0.46399,0.29081,0.32278,0.38506,0.053021,0.20108,0.27637,0.1713,0.23978,0.29446,0.26349,0.26817,0.26708,0.30523,0.1917,1,0.28316,0.29387,0.43657,0.40401,-0.1667,-0.040615,0.14328,-0.1172,-0.03424,-0.09357,0.24375,0.31773,0.43963,0.11747,0.22938,0.16731,0.32443,0.34043,0.58058,0.48063,0.41602,0.25125,0.11608,0.34062,0.30506,0.30848,0.24206,0.31329,0.17619,0.27696,0.23909,0.22815,0.10936,0.16703,0.29175,-0.055767,0.10634,0.21025,0.12382,-0.029513,0.14262,-0.021484,-0.10682,-0.054455,-0.018875,-0.053565,-0.10255,0.2329,0.47058,0.1398,0.067581,0.046741,0.52454,0.40539,0.34219,0.27624,0.41267,0.20494,0.49776,0.27467,0.49181,0.074114,-0.082169,-0.079159,-0.071637,0.29829,0.14074,-0.009114,0.069932,0.27718,0.50201,0.05981,-0.017258,0.21079,0.13389,0.16096,0.11126,0.14733,0.21156,0.26863,0.19873,0.28784,0.33472,0.20248,0.14029,0.29816,0.070722,0.15591,0.065082,0.14864,0.2808,0.40249,-0.099738,0.10747,-0.058013,0.17197,-0.07251,-0.0053818,0.15925,0.1641,0.16011,0.088125,-0.010313,0.25852,0.15636,-0.084636,-0.1792,0.069229,-0.040969,0.1482,0.19571,0.40163,0.18047,0.29726,0.24814,0.22481,0.36371,0.4392,0.33192,0.16483,0.2946,0.35358,0.64174,0.31579,-0.076373,-0.12065,0.27306,0.11618,0.15217,0.0055079,0.16592,0.18835,0.28227,0.38983,0.10842,0.016651,0.13323,0.074804,-0.015276,0.059663,0.049978,0.19117,0.11881,0.41162,0.2137,0.16999,0.13605,0.22206,0.22019,0.37415,-0.11492,0.016045,0.13714,0.21124,0.094553,0.33329,0.1381,0.30704,0.37872,0.38658,0.32911,0.29697,0.24058,0.2564,0.32644,0.33396,-0.019543,0.34169,0.025533,0.053681,0.2092,0.29933,0.28094,0.28836,0.22168,0.28927,0.21645,0.18605,0.24435,0.11982,-0.060201,0.11184,0.1427,0.0099748,-0.23118,-0.18172,0.12128,-0.24159,-0.10724,-0.09239,0.17085,0.3059,0.3564,0.034168,0.1145,0.22467,0.30123,0.26308,0.40689,0.28659,0.35429,0.1838,0.20797,0.29161,0.2294,0.18211,0.14578,0.28093,0.12796,0.2245,0.19515,0.1835,0.17359,0.37532,0.25718,0.026411,0.076044,0.09417,-0.023614,-0.11658,-0.048691,-0.10046,-0.034266,-0.19027,-0.13561,-0.068144,-0.20966,0.023928,0.040997,-0.043985,0.017224,-0.070199,0.38769,-0.0094888,0.15929,0.0028469,0.26953,0.16013,0.41942,0.14105,0.33435,-0.1126,-0.17468,0.014858,-0.026264,0.23744,0.14018,-0.018426,-0.091009,0.33397,0.33201,0.058964,0.0039581,0.31605,0.2494,0.13604,0.10895,0.082455,0.11637,0.22377,0.11018,0.17446,0.35205,0.28058,0.045859,0.24106,0.013056,0.084156,0.16312,0.063923,0.27213,0.41044,-0.0023051,0.073424,0.027695,0.16551,0.056602,0.027276,0.15155,0.079203,0.12419,0.010387,0.053968,0.13684,-0.021357,-0.057841,-0.23308,-0.010446,0.015797,0.076544,0.038116,0.33855,0.2398,0.14233,0.38669,0.33228,0.26983,0.30316,0.18905,0.032371,0.2953,0.32887,0.43034,0.06433,-0.088379,-0.18651,0.24143,0.1413,0.13769,0.03296,0.23092,0.26146,0.24634,0.23545,0.073351,-0.036836,0.014138,0.23974,0.0035749,0.063498,0.059121,0.1254,0.14399,0.16491,0.12786,0.0020546,0.022275,0.15082,0.21636,0.23784,-0.042185,-0.10561,0.1566,0.18279,0.20685
0.050845,-0.016517,0.0097526,-0.0019858,0.11909,0.13176,0.18214,0.20317,0.0015257,0.0055385,0.13796,0.13671,0.29418,0.12012,0.14298,0.09597,0.10709,0.26127,0.10948,0.31845,0.19555,0.24741,0.26783,0.1899,0.25768,0.14333,0.18099,0.29463,0.25556,0.053089,0.35431,0.2377,0.042914,0.048769,0.1823,0.12614,0.17024,0.1998,0.19022,0.24101,0.28649,0.1578,0.21304,0.28316,1,0.18639,0.27391,0.16435,-0.12499,-0.020776,0.19842,-0.0049188,-0.024632,0.045595,0.26134,0.25159,0.25317,0.13237,0.18698,0.15477,0.16254,0.23967,0.23902,0.1427,0.18943,0.072271,0.086341,0.22058,0.10995,0.21243,0.17737,0.24793,0.17978,0.1674,0.12367,0.13833,0.054044,0.080118,0.20866,0.072272,0.14668,0.12826,0.17893,0.023139,0.10346,0.043232,-0.04563,0.31486,0.028276,0.16768,0.015723,0.16555,0.37829,0.40767,0.18119,-0.024699,0.17198,0.15597,0.070374,0.14443,0.027084,-0.047072,0.17166,0.022898,0.45126,0.19292,0.08661,-0.023297,0.03262,0.23443,0.2015,0.11797,0.2406,-0.042771,0.088201,-0.0061092,0.124,0.17432,0.040925,0.15059,0.17659,0.08935,0.17972,0.15204,0.1815,0.2644,0.12637,0.085379,-0.01413,0.11693,-0.0061815,0.052386,0.017637,0.12144,0.13774,0.071581,-0.061769,0.088535,-0.010833,0.13252,-0.04287,-0.033211,0.19639,0.14824,0.094526,0.11944,0.0071035,0.30002,0.19045,0.15703,0.064662,-0.097279,0.018627,0.15372,0.19794,0.04841,0.14898,0.1691,0.0087253,0.112,0.23146,0.1263,0.064773,-0.060737,0.082206,0.09038,0.15789,0.11181,0.020471,-0.13577,0.16587,0.12624,0.13173,0.021428,0.1759,0.039895,0.20529,0.21939,0.11792,0.10789,0.0059579,0.053845,0.064964,0.066268,0.018404,0.079485,0.10293,0.34429,0.0881,-0.020968,0.08435,0.18687,0.17835,0.20209,-0.088709,0.057433,0.093221,0.20871,0.11317,0.25107,-0.0023968,0.19621,0.26903,0.27862,0.25993,0.28129,0.19522,0.26945,0.16725,0.1978,0.26001,0.22161,0.031565,0.0019983,0.10726,0.074056,0.27918,0.22666,0.18761,0.21433,0.1524,-0.023869,0.25673,0.17347,0.22044,0.085629,0.22512,-0.034967,-0.070323,-0.072809,0.14309,-0.11347,-0.053456,0.090643,0.11853,0.15035,0.26345,0.10831,0.113,0.15095,0.10344,0.1771,0.14797,0.019349,0.012924,0.11858,0.075015,0.086865,0.078326,0.13567,0.1711,0.29658,0.17973,0.13092,0.14961,0.16117,0.11798,0.31482,0.34431,0.17207,0.35417,0.086382,0.15976,0.075259,0.0268,0.16201,0.086642,0.19627,0.12862,0.13049,-0.12976,0.070538,0.20327,0.20086,0.16253,0.081842,0.20731,0.054072,-0.042191,0.038197,0.077795,0.096501,0.18379,0.1033,0.43827,0.12003,0.13143,0.062665,0.084592,0.19687,0.094476,-0.074168,0.12471,0.16021,-0.0029525,0.10851,-0.0042934,0.17018,0.2309,0.10492,0.15118,0.11317,0.089875,0.047013,0.031027,0.19052,0.35248,0.2546,0.036785,0.28134,0.1319,0.10411,0.18294,0.088619,0.10405,0.12116,0.039727,0.13652,0.08569,0.12197,-0.011654,0.038592,0.091786,0.071454,0.1185,0.038282,0.15327,0.26352,0.16608,0.09742,-0.042345,-0.046793,0.06492,0.12646,-0.045497,0.016799,0.072295,0.2092,0.12542,-0.038487,0.13617,0.13976,0.068514,-0.089246,0.060553,0.1863,0.1213,0.12159,0.094449,-0.060482,0.16201,0.12713,0.17781,0.090182,0.18775,0.058167,0.18081,0.047583,0.0041268,0.078194,0.05198,0.22325,0.031197,0.11591,0.094925,0.13683,0.088527,0.25464,0.037029,0.036712,0.16971,0.18513,0.18474,0.20128,0.12452,-0.083486,0.19164,0.3231,0.30356
0.092053,0.013761,-0.0091713,0.11208,0.087696,0.16297,0.037106,0.070394,0.015914,-0.038753,0.05871,0.030051,0.22651,0.16415,0.16151,0.13923,0.10913,0.26349,0.1779,0.41975,0.34934,0.36253,0.42706,0.35332,0.42978,0.29074,0.28749,0.33344,0.34635,0.23714,0.058135,0.38342,0.27003,0.24129,0.3295,0.25302,0.33581,0.30785,0.34425,0.3239,0.32041,0.34187,0.21796,0.29387,0.18639,1,0.27146,0.40749,0.21561,0.32215,0.1643,0.24414,0.14883,0.22884,0.28078,0.23006,0.20207,0.22018,0.15648,0.084425,0.2283,0.18317,0.18945,0.31852,0.33322,0.23491,0.20891,0.34126,0.33308,0.31086,0.2748,0.29298,0.2275,0.13956,0.21164,0.11896,0.092808,0.13949,0.16563,-0.020511,0.091044,0.098467,0.16193,0.1029,0.075184,0.17442,0.30458,0.16069,0.042225,0.14733,0.2122,0.055184,0.15602,0.074609,0.10091,0.11294,0.14631,0.27337,0.17483,0.16002,0.14246,0.10704,0.13809,0.060541,0.17778,0.10566,0.13795,0.099062,0.099461,0.062157,0.15014,0.11799,0.094082,0.1557,0.25505,0.21843,0.093019,0.12767,0.159,0.11962,0.16636,0.22254,0.17,0.064852,0.13276,0.18312,0.061362,0.075141,0.093954,0.059083,0.10476,0.033192,0.13027,0.13139,0.20148,0.28812,-0.015008,0.20208,0.10824,0.32211,0.089014,0.0047572,0.17615,0.23239,0.073699,0.17399,0.16308,0.27183,0.25967,0.18587,0.19241,0.20266,0.16723,0.22319,0.31536,0.2631,0.31799,0.31186,0.35108,0.43421,0.44494,0.45368,0.19631,0.2609,0.40833,0.081464,0.11108,0.18161,0.38187,0.20605,0.39979,0.14705,0.16869,0.14652,0.33698,0.33464,0.39609,0.39055,0.16944,0.23083,0.24256,0.077169,0.022425,0.017022,-0.057651,0.074447,0.1425,0.13935,0.2017,-0.011882,0.04584,0.22121,0.11465,0.27458,0.24095,0.049099,0.094703,0.18563,0.031425,0.3625,0.11091,0.34571,0.40107,0.39559,0.43076,0.40293,0.2716,0.27663,0.36153,0.19018,0.08999,0.27989,0.15991,0.20866,0.24901,0.28909,0.3531,0.31151,0.32338,0.37155,0.31688,0.22487,0.29118,0.22444,0.049139,0.34372,0.33014,0.15876,0.18649,0.24255,0.081661,0.07572,0.074206,0.2144,0.15301,0.22273,0.23415,0.078887,0.22504,0.16354,0.22093,0.18128,0.11922,0.19185,0.25812,0.17724,0.273,0.23285,0.32957,0.18151,0.19963,0.32002,0.11735,0.15922,0.052836,0.22879,0.12715,0.14868,0.22018,0.11625,0.14475,0.075872,0.12791,0.2382,0.1145,0.18735,0.21316,0.15829,-0.0072957,0.083074,0.1025,0.15863,0.16809,0.14931,0.142,0.088792,0.14652,-0.0043296,0.17194,0.17168,0.20345,0.1845,0.10627,0.14649,0.20829,0.094695,0.15884,0.17623,0.14875,0.11521,0.15051,0.094179,0.060682,0.35436,0.21405,0.14393,0.0080855,0.1608,0.16611,0.06156,0.23484,0.13225,0.22266,0.185,-0.019113,0.15237,0.15691,0.04988,0.044677,0.078282,0.049315,0.038919,0.070125,0.030805,0.17581,0.22536,0.00029393,0.17416,-0.0023887,0.22007,0.10763,0.155,0.079428,0.19985,0.11744,0.070608,0.15211,0.21774,0.28895,0.24075,0.14523,0.12098,0.095689,0.069429,0.11224,0.13358,0.35074,0.20919,0.23092,0.096896,0.39811,0.42359,0.20161,0.1756,0.33736,0.10537,0.10646,0.20262,0.29492,0.21524,0.23993,0.18822,0.16781,0.077954,0.38928,0.23218,0.41094,0.2096,0.13176,0.14473,0.253,0.31474,0.049503,0.10405,0.061355,0.14901,0.11314,0.16911,0.18062,0.066335,0.10824,0.097561,0.11888,0.19236,0.25402,0.066952,0.11373,0.15341,0.2777
0.11053,0.017629,0.094464,0.029404,0.14417,0.12867,0.14502,0.15018,-0.01828,-0.039629,0.084198,0.12489,0.26692,0.086541,0.20883,0.067712,0.10696,0.18766,0.058798,0.26495,0.3926,0.23926,0.27497,0.16537,0.26105,0.20781,0.27116,0.3303,0.2348,0.13553,0.27618,0.25438,-0.039899,0.0007081,0.21835,0.037286,0.19071,0.19575,0.19141,0.26518,0.21784,0.29492,0.16938,0.43657,0.27391,0.27146,1,0.22101,-0.086602,0.081851,0.065814,0.0026615,-0.014776,-0.022892,0.27851,0.1964,0.19401,0.15576,0.2567,0.20221,0.16539,0.23252,0.17431,0.1725,0.14588,0.12804,0.068629,0.22515,0.097652,0.29016,0.24576,0.32296,0.19921,0.22182,0.18744,0.15584,0.059282,-0.028979,0.13561,-0.033632,0.034041,0.19286,0.15999,0.053522,0.23056,0.037457,-0.017311,0.20735,0.023109,0.0043685,-0.010208,0.17544,0.32186,0.24734,0.16626,0.050616,0.21817,0.29558,0.21133,0.24042,0.12519,0.083379,0.10632,0.093247,0.19395,0.062362,0.005782,-0.11737,-0.12967,0.19962,0.18817,-0.033384,0.11552,-0.035451,0.19584,0.011726,-0.031415,0.18592,0.1252,0.18914,0.17208,0.043708,0.25293,0.23538,0.25244,0.26121,0.11551,-0.0091593,0.11762,0.15697,-0.017953,0.0043742,-0.045347,0.14986,0.16456,0.11326,-0.065013,0.032657,-0.005653,0.16262,-0.071623,0.015935,0.26722,0.32628,0.15357,0.11436,0.03741,0.35204,0.147,0.062212,0.020515,0.035326,-0.032263,0.24255,0.22724,0.1599,0.11874,0.37576,0.2168,0.26815,0.2383,0.2758,0.073567,-0.016008,0.15924,0.14781,0.19861,0.088692,0.13967,-0.074976,0.13547,0.13541,0.14525,0.05101,0.28654,0.1174,0.17251,0.29501,0.085805,0.045586,0.013759,-0.019582,0.048468,0.17224,0.04184,0.1558,0.16804,0.32364,0.096382,0.077296,0.10264,0.1898,0.30241,0.40737,-0.024374,0.0034043,0.12014,0.069636,0.064381,0.23575,0.046807,0.20112,0.30877,0.30604,0.26668,0.25821,0.31276,0.30613,0.19751,0.2082,0.16123,0.23656,0.0017816,-0.00066781,0.066204,0.11596,0.28203,0.21798,0.16419,0.24187,0.094764,0.072004,0.23045,0.20582,0.075057,0.12849,0.30776,-0.014077,-0.094236,-0.023281,0.093833,-0.13418,-0.032274,0.064011,0.19436,0.10358,0.2368,0.12981,0.13827,0.19634,0.072836,0.1503,0.17451,0.10884,0.10965,0.10187,0.095444,0.16028,0.10551,0.25591,0.171,0.32235,0.18299,0.18806,0.22561,0.10788,0.11551,0.26987,0.20184,0.12948,0.18055,0.093684,0.077816,0.062416,0.088226,0.073415,0.082089,0.022061,-0.0037809,0.076993,-0.075542,0.094592,0.17182,0.1674,0.16824,0.064584,0.24468,0.11903,0.14706,0.11494,0.2353,0.1552,0.14855,0.087501,0.24208,0.022426,0.018145,0.075658,0.068242,0.17009,0.12789,-0.056068,0.036962,0.23106,0.11246,0.14958,0.010852,0.23769,0.31585,0.18399,0.082625,0.12264,0.10431,0.10216,0.038017,0.29306,0.21464,0.20971,0.00077722,0.28109,0.023414,0.018876,0.13911,0.10319,0.15868,0.22867,0.092514,0.15139,0.10283,0.1833,0.11809,0.070707,0.20852,0.2293,0.24874,0.10569,0.2488,0.27783,0.15875,0.17389,-0.056667,0.046819,0.091607,0.13106,0.0050697,0.12033,0.10182,0.26745,0.34216,0.15474,0.25139,0.2712,0.095857,0.02487,0.15935,0.19594,0.15644,0.10034,0.11399,-0.019608,0.11571,0.14929,0.1719,0.16413,0.26182,0.1462,0.16097,0.16221,0.072034,0.060581,0.12709,0.18385,0.078486,0.13145,0.10285,0.13288,0.12512,0.18198,0.10593,0.10229,0.122,0.23067,0.2453,0.31679,0.14287,-0.079962,0.24191,0.11552,0.15387
0.06387,-0.012607,-0.058507,0.017133,0.040145,0.20056,0.09155,0.10167,-0.024706,-0.061589,0.04831,0.053302,0.29619,0.18006,0.1678,0.11162,0.097535,0.42231,0.098191,0.42243,0.23476,0.28439,0.41512,0.35047,0.39471,0.28531,0.17858,0.29809,0.37494,0.18692,0.074277,0.30129,0.30014,0.39545,0.21313,0.14307,0.29822,0.22972,0.26514,0.22439,0.31031,0.23946,0.18613,0.40401,0.16435,0.40749,0.22101,1,0.15625,0.27149,0.2116,0.11067,0.14149,0.21019,0.24235,0.32859,0.38328,0.18599,0.14431,0.1286,0.41612,0.26668,0.43465,0.5648,0.66208,0.27748,0.094642,0.35753,0.36523,0.27974,0.2856,0.24008,0.2476,0.2417,0.20838,0.21601,0.12189,0.12783,0.25563,-0.078623,0.13378,0.18016,0.15295,0.022476,0.079622,0.22176,0.25204,-0.091858,0.0036164,0.055086,0.081191,0.15053,0.21193,-0.097431,-0.026713,0.15183,0.34276,0.26715,0.29843,0.14683,0.35221,0.26469,0.48947,0.23637,0.28748,-0.0017303,0.043114,0.1749,0.070963,0.21875,0.13951,0.079752,0.048897,0.28492,0.53437,0.33313,0.18557,0.15372,0.13845,0.13808,0.13124,0.23758,0.13359,0.13851,0.16398,0.25252,0.1927,0.16369,0.0037054,0.11954,0.069066,0.076544,0.1115,0.17639,0.25723,0.4112,-0.073369,0.15927,0.055217,0.27838,0.039535,-0.12393,0.15227,0.1388,0.084455,0.17337,0.043574,0.16383,0.18516,0.0093356,0.0093995,0.28754,0.1483,0.2482,0.32375,0.55397,0.22434,0.27437,0.29273,0.31048,0.52619,0.56452,0.4657,0.43777,0.39784,0.21501,0.39264,0.3909,0.20438,0.23471,0.37282,0.12653,0.16285,0.068318,0.20243,0.18256,0.28055,0.31265,0.17922,0.24273,0.32994,0.14549,-0.044196,0.02141,-0.039397,0.11445,0.11013,0.18843,0.32777,0.13297,0.063043,0.1999,0.12124,0.18907,0.029747,0.15606,0.10363,0.18832,-0.0037473,0.35468,0.28141,0.25554,0.39207,0.40367,0.41188,0.41425,0.18309,0.25935,0.31963,0.32681,-0.044055,0.25239,0.097211,0.28776,0.12826,0.34759,0.37531,0.29758,0.26026,0.31375,0.29873,0.33547,0.25917,0.094538,-0.087092,0.27104,0.2127,0.2126,0.043794,0.14759,0.10303,-0.076085,-0.018836,0.13055,0.081746,0.3162,0.34907,0.039757,0.17512,0.22685,0.43359,0.20772,0.34018,0.40114,0.39506,0.33685,0.28368,0.25043,0.415,0.17542,0.26296,0.26011,0.2167,0.22253,0.14717,0.26349,0.19213,0.26506,0.26533,0.078271,0.16636,0.13088,0.0084502,0.099738,0.06627,0.027607,0.25787,-0.11193,-0.11944,-0.037663,-0.019604,0.1835,-0.034212,-0.060727,-0.0094713,-0.0012685,0.36617,-0.0071173,0.25548,0.044524,0.29618,0.36393,0.4125,0.29772,0.34752,-0.076041,0.002599,0.1479,0.051121,0.24753,0.15939,0.023857,-0.094079,0.46323,0.47157,0.2558,0.1435,0.19926,0.19746,0.13014,0.25095,0.14555,0.15441,0.2187,0.0019142,0.16299,0.30845,0.14108,0.035229,0.1606,0.025027,0.088379,0.12347,0.090156,0.36066,0.49643,-0.043474,0.15193,0.0015304,0.22387,0.067972,0.033911,0.056055,0.033772,0.1153,0.058055,0.046445,0.074937,0.10399,0.017281,-0.076852,0.16196,0.13537,0.087734,0.15796,0.41447,0.38543,0.081553,0.29241,0.3947,0.42053,0.47001,0.39342,0.31155,0.44338,0.27369,0.40306,0.27616,0.094776,0.12718,0.16233,0.25069,0.17516,0.099775,0.30303,0.20437,0.34437,0.18942,0.10333,0.052383,0.20321,0.34895,0.050049,0.15986,0.033379,0.15624,0.094981,0.15489,0.24509,0.087221,0.042822,0.086655,0.10304,0.1408,0.081534,0.06425,0.058325,0.18402,0.30504
0.0085471,-0.012308,-0.0039457,0.11285,-0.058186,0.053478,-0.071848,-0.034646,0.0072145,-0.061456,-0.1045,-0.10268,-0.040622,0.0041444,0.0045424,0.10145,-0.018039,0.22102,0.10867,0.056782,-0.034475,-0.072774,0.0044535,0.034178,0.020815,-0.026148,-0.10317,-0.07933,-0.11833,-0.061399,-0.26747,-0.10191,0.41606,0.38585,-0.080893,-0.044188,0.049322,-0.11285,-0.0072705,-0.069882,-0.01027,-0.0060907,-0.044878,-0.1667,-0.12499,0.21561,-0.086602,0.15625,1,0.46773,0.22681,0.49716,0.36083,0.60487,-0.12635,-0.13172,-0.13641,0.012448,-0.14572,-0.16258,-0.038838,-0.19127,-0.17711,-0.067886,0.028748,-0.050724,-0.05813,-0.064692,-0.065024,-0.082076,-0.017834,-0.11037,-0.033746,-0.16315,-0.053314,-0.087077,0.03226,-0.010183,-0.10246,0.045926,0.09743,0.054096,0.17165,0.16143,-0.065614,0.54428,0.64441,0.22069,0.27623,0.37968,0.47056,0.1179,-0.26791,-0.098015,0.071305,0.30958,-0.24613,-0.12414,-0.14546,-0.0047543,-0.14296,0.17413,-0.052078,-0.044569,-0.14743,0.24215,0.28551,0.42194,0.39214,-0.015572,-0.0077979,0.23784,0.095008,-0.064736,-0.12725,0.37497,0.39279,-0.14057,-0.018882,-0.086145,-0.052639,0.12193,-0.089208,-0.17232,-0.1027,-0.11576,-0.22555,-0.056137,-0.038442,-0.12902,0.095223,-0.064377,0.064703,-0.037093,-0.056164,-0.048104,0.044515,0.17027,0.11723,0.0668,0.11125,-0.012834,-0.098265,-0.070041,-0.096976,0.063929,0.18763,0.021951,0.40098,0.27213,0.39646,0.38678,0.33473,0.041271,0.097174,-0.0091057,0.038864,0.16961,0.25175,0.11962,0.095556,-0.023866,0.10841,0.37924,0.012287,-0.12879,-0.25844,0.28587,0.66615,0.67063,0.06665,-0.045622,-0.017694,0.054027,0.0034776,0.11917,-0.021942,-0.081302,0.04288,0.53403,0.27486,-0.04284,-0.0082843,-0.071325,-0.062311,-0.05341,-0.046732,-0.31055,0.2488,0.038289,-0.034138,-0.037856,-0.17706,-0.13655,0.44527,0.25901,-0.057571,0.030637,-0.01055,-0.032069,0.009449,-0.019313,-0.050105,-0.068257,0.055608,0.059136,-0.080691,-0.089752,-0.035436,-0.19967,-0.12103,-0.17096,0.27394,0.49654,-0.047785,-0.11852,-0.0085659,-0.051266,0.049652,0.014355,0.05548,0.042906,0.020169,0.046145,-0.1037,0.22058,0.11299,0.20987,0.52703,0.4878,0.10586,0.39148,0.27078,0.40072,-0.11399,0.0043379,-0.12438,-0.058825,0.018754,-0.053401,-0.037449,-0.10724,-0.16709,-0.037445,-0.10545,-0.024659,-0.0043974,-0.12351,0.12498,-0.10105,0.010148,-0.085499,-0.053842,-0.063701,-0.16272,0.050776,-0.031498,-0.19483,-0.087945,0.15123,0.12685,0.019094,0.14015,0.33075,0.10041,0.23811,0.3015,0.24754,0.036308,0.11846,0.33335,0.24849,-0.09871,-0.036277,-0.040021,0.076884,-0.26069,-0.092808,-0.11307,0.098862,-0.17048,0.17023,-0.13655,0.14616,-0.082143,0.16305,0.26985,0.23654,0.25953,0.0075683,0.072561,0.19155,0.068493,0.020964,-0.064173,0.030928,0.021033,-0.11423,-0.12049,-0.1008,0.10668,0.022159,0.065472,0.030024,-0.15834,-0.13849,-0.14551,-0.24766,-0.031711,-0.16002,0.096028,-0.0038313,-0.085054,-0.024819,-0.066814,-0.15467,-0.059889,0.037963,-0.0087692,0.050855,0.024028,0.039611,-0.148,-0.049183,-0.027123,-0.011349,-0.041088,-0.089953,0.22572,0.16941,0.38326,0.16736,0.092274,0.008498,-0.0064841,-0.20042,0.037846,-0.082322,-0.092052,-0.14856,0.12857,0.0029901,0.12451,0.30023,-0.034357,-0.12775,-0.19829,0.31357,0.41157,0.48801,-0.10637,0.030996,-0.02279,0.0087639,0.054239,-0.017563,0.080286,-0.050427,0.022554,0.3366,0.27856,0.050861,0.032092,0.031945,-0.01299,-0.036782,-0.015093,-0.027247,0.26234,0.026665,0.039786,-0.12571,-0.14326,-0.19154,0.20716,0.21815,-0.10318,-0.0080806,0.12452
0.095437,2.4101e-05,0.085295,0.17913,0.080918,0.15172,0.0094355,-0.020832,-0.021826,-0.077377,-0.045275,-0.017934,0.22319,0.077459,0.095341,0.16384,0.11257,0.19906,0.19602,0.31785,0.14962,0.161,0.29402,0.23453,0.26896,0.15655,0.13026,0.25799,0.0096122,0.003982,-0.19006,0.14058,0.46442,0.34354,0.082639,-0.014475,0.20719,0.053736,0.14132,0.14755,0.20964,0.1607,0.16569,-0.040615,-0.020776,0.32215,0.081851,0.27149,0.46773,1,0.2369,0.42232,0.36449,0.48273,0.21727,0.16593,0.057532,0.21122,0.050184,0.045124,0.19389,-0.013521,-0.12663,0.090832,0.19589,0.071678,0.0050473,0.10523,0.056206,0.21589,0.22259,0.17892,0.19685,0.082884,0.078743,0.030513,0.060448,-0.0004665,0.038075,0.040841,0.095346,0.097738,0.28438,0.20303,0.16449,0.3763,0.53965,0.2167,0.12209,0.18042,0.42699,0.046821,-0.12338,-0.072237,0.098533,0.26532,-0.13367,0.0059732,0.01857,0.056456,-0.067572,0.085147,-0.080465,-0.028833,-0.16669,0.12145,0.25583,0.22856,0.16517,0.047463,0.10286,0.10793,0.099755,-0.055679,0.064306,0.29904,0.20032,0.013875,0.12249,0.13782,0.085938,0.20493,0.10168,0.062237,0.11995,0.14234,-0.1491,-0.079362,-0.020704,-0.11334,0.047505,-0.058438,0.08572,0.12149,0.08652,0.027715,-0.0099386,0.20969,0.145,0.34614,0.080633,-0.11649,0.177,0.093217,0.041698,0.21437,0.13353,0.1038,0.29399,0.28833,0.37215,0.35589,0.30551,0.24379,0.28454,0.17395,0.14875,0.25303,0.20751,0.29218,0.42746,0.29942,0.12281,0.32287,0.20717,-0.057777,-0.20219,0.16665,0.64998,0.54909,0.26346,0.086798,0.12284,0.11258,0.15528,0.16588,0.18323,0.1444,0.18179,0.37413,0.28353,0.060904,-0.0094155,0.053913,-0.10662,0.020565,0.10055,-0.11207,0.20651,-0.0098889,-0.013634,0.14805,0.077063,0.092481,0.32943,0.21723,0.049285,0.068699,-0.050027,0.22263,0.14669,0.11388,0.22615,0.18039,0.30884,0.33591,0.1304,0.20248,0.12804,0.0015434,0.045217,0.033303,0.26045,0.47177,0.061001,0.030792,0.26996,0.14302,0.20108,0.22011,0.15202,0.16242,0.2507,0.089715,0.035736,0.24946,0.28237,0.19509,0.42904,0.63396,0.15064,0.3309,0.2591,0.48838,0.0054371,0.13933,0.083432,0.070367,0.19767,0.15149,0.14999,0.028712,-0.05071,0.11665,0.015545,0.13758,0.10482,-0.0057845,0.20309,0.14595,0.22744,0.19881,0.1816,0.12998,-0.017621,0.13757,0.06958,0.028976,0.086002,0.25667,0.29223,0.10559,0.24462,0.43342,0.33323,0.29321,0.46942,0.27704,0.039487,0.17463,0.36864,0.30832,-0.005975,0.13315,0.14064,0.15036,-0.035456,0.063438,0.12518,0.22745,0.10065,0.27973,-0.051755,0.20818,0.098645,0.16174,0.32626,0.25232,0.28566,0.1146,0.21178,0.094396,0.10381,0.2277,0.097988,0.32265,0.06774,0.018134,0.13641,0.062943,0.29812,0.13163,0.16413,0.1365,-0.098912,0.11356,0.026577,-0.084268,-0.0085107,0.068902,0.090241,0.030754,0.037793,0.063352,0.054008,0.075483,0.046968,0.2388,0.090712,0.21294,0.078377,0.07279,0.025967,0.073195,0.1934,0.089205,0.12858,0.091792,0.33166,0.28995,0.3243,0.24386,0.18272,0.039417,0.093002,-0.037482,0.23493,0.073415,0.075898,0.021469,0.39819,0.35129,0.18121,0.33249,0.18421,-0.024916,-0.081482,0.34937,0.45083,0.56225,0.027296,0.18905,0.17863,0.2122,0.27156,0.11253,0.26519,0.09017,0.053542,0.36342,0.4577,0.20449,0.11764,0.20534,0.04808,0.09901,0.031859,0.10648,0.31136,0.14531,0.12088,0.038275,0.038512,0.050675,0.39855,0.19304,0.026168,0.11621,0.27626
0.0094978,-0.077,0.058677,0.067394,0.080197,0.070306,0.14029,0.15779,-0.014783,-0.029597,0.07818,0.10089,0.17189,0.18051,0.13621,0.12188,0.12313,0.36339,0.12696,0.25623,0.06139,0.14049,0.21597,0.18161,0.19452,0.11536,0.092478,0.19742,0.056648,0.014693,-0.0076639,0.12633,0.35475,0.35234,0.089221,0.088294,0.12693,0.12251,0.12355,0.12088,0.2061,0.072407,0.18443,0.14328,0.19842,0.1643,0.065814,0.2116,0.22681,0.2369,1,0.16174,0.27015,0.32207,0.11097,0.16638,0.17741,0.06102,0.097574,0.056792,0.13705,0.060975,0.097895,0.12625,0.22552,0.11937,0.0174,0.12221,0.049988,0.10619,0.16286,0.16159,0.10314,0.083252,0.065815,0.083247,0.079193,0.044064,0.075968,0.14698,0.26052,0.15019,0.3101,0.16535,0.15998,0.28457,0.24164,0.22213,0.18651,0.26775,0.28542,0.27508,0.068273,0.032179,0.16132,0.20872,0.031143,0.0082877,0.0073663,0.067558,-0.03337,0.13281,0.17627,0.12429,0.21231,0.23885,0.17114,0.26345,0.21305,0.26075,0.11365,0.1389,0.15701,0.046417,0.040546,0.13934,0.29133,0.081067,0.061278,0.078724,0.07904,0.14521,0.12055,0.064916,0.080969,0.15046,0.01289,0.048142,-0.010185,0.1557,0.067091,-0.015459,0.013218,0.040017,0.04678,0.0055687,-0.062871,0.12266,0.0092125,0.1126,-0.013291,-0.055579,0.11438,0.0072863,0.072856,0.066795,-0.018988,0.092168,0.31658,0.10504,0.12296,0.18312,0.18352,0.10311,0.14962,0.004433,0.095275,0.12438,0.03105,0.045714,0.2669,0.09494,0.20945,0.21082,0.087487,0.044862,0.036567,0.36008,0.26944,0.2802,0.16163,0.10091,0.092592,0.04637,0.046957,0.027563,0.14073,0.12221,0.10238,0.34119,0.19484,0.059131,0.019933,0.078198,-0.01615,0.067359,0.055397,0.066196,0.28922,0.095271,0.023044,0.17048,0.12417,0.051138,0.022141,0.30742,0.03089,0.12183,0.19497,0.20349,0.062895,0.10989,0.15094,0.18183,0.21944,0.20499,0.09143,0.15103,0.041205,-0.0060977,-0.010973,0.097133,0.24184,0.35452,0.059708,0.062694,0.12636,0.13439,0.15923,0.13918,0.14614,-0.011477,0.17339,0.052516,0.0042358,0.086528,0.088506,0.086662,0.148,0.16731,0.27683,0.036726,0.16772,0.2454,0.042065,0.15439,0.17772,0.080851,0.080728,0.11099,0.12474,0.043401,0.044141,0.054635,0.025007,0.097306,0.042403,0.05797,0.10113,0.055761,0.12817,0.17229,0.11845,0.031946,0.039604,0.16506,0.10341,0.15824,0.13299,0.24073,0.28805,0.050257,0.16986,0.16394,0.072447,0.13166,0.14924,0.13341,0.03734,0.12234,0.098604,0.12495,-0.085395,-0.0028527,-0.010588,0.0096911,-0.0028433,-0.061543,-0.068855,-0.013723,-0.060468,0.11809,0.11248,0.1262,0.23073,0.097142,0.094439,0.10052,0.16879,0.23569,0.1536,0.025692,0.010625,0.11081,-0.03242,0.033631,0.024031,0.10389,0.10699,0.056185,0.10686,0.051166,0.043034,0.063578,-0.0066375,0.049253,0.14181,0.068287,0.0033626,0.12725,0.071742,0.042384,0.031556,-0.023621,0.063381,0.023351,0.014396,0.12426,0.086116,0.11364,-0.026039,-0.036074,0.041353,-0.072702,0.085799,-0.019762,-0.021686,0.057326,0.13159,0.016799,0.084539,0.048332,0.15667,0.097133,-0.021798,-0.062846,0.098404,0.0015263,0.076958,-0.0091872,0.19966,0.14145,0.098885,0.12405,0.036199,0.10011,0.01187,0.24266,0.14656,0.15101,0.067854,0.087788,0.092402,0.046093,0.12984,0.057728,0.18411,0.052237,0.032702,0.20438,0.16542,0.16849,0.05126,0.11082,0.068906,0.073402,0.056896,0.099308,0.21982,-0.0077241,0.10404,0.089148,0.12826,0.019366,0.089167,0.063154,0.044594,0.22473,0.29077
0.053105,0.035104,0.056716,0.11811,0.01272,0.071154,-0.0023523,-0.006206,-0.016948,-0.025442,-0.015503,-0.028597,0.095043,0.058035,0.053808,0.11212,0.06824,0.12388,0.13274,0.15366,0.10913,0.05705,0.15347,0.13545,0.14795,0.054779,0.092907,0.11415,-0.050541,-0.048302,-0.15856,0.052694,0.35533,0.22782,0.036371,-0.017916,0.15452,-0.0042067,0.085515,0.064767,0.099274,0.10018,0.030034,-0.1172,-0.0049188,0.24414,0.0026615,0.11067,0.49716,0.42232,0.16174,1,0.30749,0.46907,0.086433,0.0077749,-0.062129,0.12452,0.002865,-0.024711,0.034987,-0.093736,-0.15296,-0.030355,0.02849,0.029478,0.019193,0.023881,-0.040959,0.10884,0.1225,0.078598,0.10638,0.044863,0.063251,-0.069219,0.021895,-0.031855,-0.049598,0.071023,0.073571,0.024648,0.1662,0.14227,0.0034397,0.33835,0.44147,0.27901,0.19509,0.29813,0.36712,0.044371,-0.18326,-0.019618,0.083969,0.17385,-0.19903,-0.077163,-0.092965,-0.010388,-0.11842,0.048768,-0.098795,-0.076058,-0.1469,0.16812,0.23916,0.23525,0.20401,-0.025016,0.09374,0.18834,0.10967,-0.12016,-0.051701,0.19063,0.20611,-0.031824,0.048877,0.040625,0.045575,0.10624,0.024624,-0.050293,-0.00038062,0.01904,-0.15554,-0.070003,-0.0063793,-0.14733,0.089099,-0.07044,0.04146,0.044872,0.037783,-0.022052,0.064774,0.11038,0.10538,0.14782,0.10056,-0.0077153,0.065773,0.04187,-0.043354,0.090291,0.14245,0.053869,0.27167,0.28533,0.36003,0.21682,0.25826,0.11236,0.13536,-0.029326,0.10225,0.1446,0.18693,0.18772,0.14497,0.047287,0.0084381,0.19404,0.02803,-0.052354,-0.21023,0.11827,0.53615,0.42759,0.099638,0.032145,0.041205,0.048848,0.14586,0.16479,0.074331,0.036769,0.086993,0.37038,0.14659,0.026074,0.0050442,0.022961,-0.028002,-0.040126,0.054945,-0.18948,0.10312,-0.033898,0.0086578,0.064155,-0.029399,0.016074,0.3286,0.16973,0.02561,0.03931,-0.0058939,0.098014,0.037499,0.077554,0.1067,0.082901,0.17356,0.17109,0.10368,0.096331,0.051543,-0.086043,0.014119,-0.033445,0.20749,0.35496,0.026244,-0.081294,0.12117,0.037195,0.097589,0.13893,0.11414,0.03575,0.12181,0.088814,0.012938,0.16619,0.18848,0.11145,0.40851,0.41465,0.1107,0.31679,0.26901,0.39453,0.012726,0.055784,-0.069204,0.061236,0.13963,0.065037,0.029847,-0.017342,-0.12595,-0.035062,-0.091208,0.037443,0.03162,-0.072887,0.070424,0.053299,0.10792,0.085139,0.066491,0.073355,-0.025787,0.082558,0.006836,-0.07979,0.020098,0.19434,0.1736,0.026601,0.20053,0.36352,0.18711,0.26487,0.28972,0.30493,0.08121,0.18958,0.30395,0.16859,0.017747,0.099294,0.087945,0.10403,-0.1268,-0.017918,-0.023722,0.14401,-0.040128,0.11696,-0.13291,0.086859,-0.038701,0.17286,0.29602,0.19147,0.24919,0.036487,0.1207,0.14175,0.12458,0.041644,-0.01998,0.075499,0.018665,0.0098047,0.070257,0.022289,0.15986,0.057113,0.099017,0.068241,-0.12737,0.018124,-0.064958,-0.14477,0.0062646,-0.061506,0.10578,-0.032649,-0.036068,0.027945,0.028496,-0.067964,0.0073589,0.097414,0.03908,0.082937,0.035804,0.086044,-0.023188,0.059275,0.073894,0.02236,0.066363,0.062395,0.26219,0.21681,0.37094,0.1374,0.13238,0.028273,0.041703,-0.11681,0.091195,0.064119,0.0022575,-0.10701,0.14635,0.083378,0.056947,0.17215,-0.0043582,-0.059649,-0.12031,0.2486,0.39163,0.43224,0.0023894,0.097888,0.067622,0.068373,0.17164,0.058478,0.14228,-0.0032789,0.058388,0.32277,0.26065,0.12807,0.068911,0.099756,0.032312,0.032321,0.018831,0.029859,0.19207,0.062518,0.082874,-0.00088947,-0.033818,-0.005878,0.26506,0.14141,0.010454,0.055,0.15049
-0.0033098,0.0030218,0.052982,0.10525,-0.0043527,0.071011,0.060933,0.040439,0.0076172,0.016193,0.0070574,-0.0093676,0.084337,0.1076,0.047187,0.069755,0.087765,0.25806,0.16909,0.18575,0.056434,0.059549,0.15316,0.17113,0.16598,0.076986,0.037358,0.094108,-0.020583,0.0037842,-0.1536,0.044051,0.3983,0.31109,0.030043,0.072404,0.12232,0.028081,0.096365,0.091889,0.14792,0.067411,0.056187,-0.03424,-0.024632,0.14883,-0.014776,0.14149,0.36083,0.36449,0.27015,0.30749,1,0.46889,0.049342,0.043996,0.0067191,0.076917,0.017653,-0.010268,0.080008,-0.057334,-0.043613,0.031604,0.11888,0.031724,0.021046,0.075031,0.050649,0.062853,0.1085,0.055166,0.087274,0.015315,0.050413,0.028433,0.072261,0.030924,0.0079481,0.093319,0.15278,0.09797,0.22519,0.18386,0.050522,0.33787,0.35157,0.10645,0.21991,0.26271,0.37939,0.13891,-0.10453,-0.098101,0.11661,0.25995,-0.092401,-0.0066541,0.010812,0.096169,-0.010883,0.16669,0.0081151,0.060179,-0.037576,0.19184,0.21105,0.28156,0.23443,0.077063,0.0061136,0.17436,0.033447,0.031054,-0.014499,0.25444,0.25236,-0.02234,0.076303,0.014422,0.003267,0.12931,0.02028,-0.031847,-0.0010102,0.040988,-0.073862,-0.0090382,-0.0054684,-0.017434,0.054697,-0.035021,0.039677,-0.0084111,0.039689,0.031155,0.025286,0.1395,0.06261,0.13557,0.063152,-0.028609,0.050974,-0.019746,-0.03193,0.058295,0.10102,-0.0075158,0.23692,0.15022,0.22852,0.30476,0.23959,0.11325,0.11967,0.020056,0.10183,0.11819,0.12595,0.09227,0.18122,0.06964,0.15122,0.31694,0.10959,-0.032553,-0.087446,0.251,0.37439,0.41213,0.10667,0.067475,0.019895,0.04417,0.069966,0.10288,0.10536,0.060057,0.045422,0.355,0.23554,0.10576,-0.016846,0.038729,-0.087468,-0.032262,0.033977,-0.12694,0.24012,0.10843,-0.0056071,0.12117,0.025474,-0.023691,0.17021,0.27247,0.012818,0.055585,0.071308,0.13673,0.06148,0.072987,0.075834,0.091589,0.1785,0.1708,0.055085,0.069794,0.060746,-0.0084011,-0.054473,-0.0032902,0.26574,0.37896,0.04155,0.015447,0.11538,0.071921,0.12647,0.1166,0.15381,0.037612,0.10872,0.051211,-0.029179,0.1313,0.087383,0.12673,0.31219,0.32298,0.19121,0.20065,0.28233,0.31606,-0.023639,0.085244,0.031242,0.061909,0.11693,0.036328,0.089552,0.015983,-0.080993,-0.024044,-0.029873,0.087791,0.066869,-0.0041609,0.15143,0.052185,0.12858,0.083597,0.08215,0.03513,-0.049628,0.15011,0.052015,-0.012311,0.034452,0.18605,0.17239,0.082496,0.15699,0.2865,0.14758,0.16606,0.22962,0.15018,0.06912,0.16104,0.2677,0.21605,-0.091816,-0.022975,-0.021922,0.11205,-0.050321,-0.02182,0.0015445,0.096235,-0.039992,0.16366,-0.01909,0.19752,0.040897,0.12369,0.16215,0.17206,0.18427,0.095086,0.14651,0.10788,0.021109,0.11601,0.0096784,0.094592,0.10268,-0.0075108,0.062561,0.027031,0.1494,0.016543,0.11385,0.08294,-0.027375,-0.042947,0.043627,-0.053152,-0.015103,-0.017739,0.073497,0.050488,-0.00655,-0.03971,0.075056,0.010519,0.041454,0.097981,0.037915,0.053638,0.0018163,-0.020723,-0.032953,-0.049821,0.044645,0.023287,-0.020007,-0.014298,0.19148,0.088693,0.20075,0.22489,0.1504,0.061119,0.071488,-0.055532,0.16368,0.0028891,0.026692,-0.066322,0.15692,0.085257,0.17222,0.29278,0.07106,0.030909,-0.056478,0.31413,0.23918,0.33353,0.022033,0.078972,0.085078,0.061172,0.12285,0.062262,0.16265,0.0245,0.061981,0.22707,0.2148,0.1465,0.042423,0.088661,0.054086,0.04614,0.056087,0.037806,0.22835,0.10269,0.10669,0.00025028,-0.0074092,-0.033467,0.1627,0.16342,-0.051053,0.083732,0.19287
0.035078,-0.054793,-0.025928,0.10404,0.016334,0.16071,-0.011234,0.071988,-0.00473,-0.035443,0.0004372,-0.0090817,0.074887,0.054644,0.00078079,0.12935,0.071031,0.36458,0.11411,0.18308,0.011388,-0.01937,0.11228,0.12374,0.10688,0.060672,-0.1159,0.030753,-0.07699,-0.10705,-0.25939,-0.025636,0.50084,0.52269,-0.063681,-0.050075,0.11187,-0.064059,-0.0038609,-0.023301,0.11093,0.031339,0.05604,-0.09357,0.045595,0.22884,-0.022892,0.21019,0.60487,0.48273,0.32207,0.46907,0.46889,1,-0.023004,0.049317,0.0022207,0.079962,-0.10016,-0.068201,0.11338,-0.068004,-0.067336,0.0049272,0.17663,0.0034739,-0.074508,-0.0035754,-0.060082,-0.042742,0.073991,-0.055416,0.071454,-0.050567,-0.021014,-0.014392,0.060172,0.0024516,0.041883,0.11088,0.23281,0.14735,0.30986,0.17753,0.0092631,0.54143,0.5746,0.23522,0.23483,0.3916,0.51843,0.17136,-0.11332,-0.064851,0.13777,0.36613,-0.19247,-0.084279,-0.16936,0.0031636,-0.14046,0.15264,0.060011,0.030854,0.028672,0.27632,0.32215,0.46192,0.4045,0.13719,0.07124,0.25996,0.1516,-0.0965,-0.085491,0.36543,0.3825,-0.073225,0.0071865,-0.028133,0.0046559,0.14978,-0.064285,-0.093509,-0.054819,-0.0012612,-0.14957,0.017339,-0.10223,-0.051593,0.058702,-0.013715,0.12212,0.038298,-0.02225,-0.064788,0.014627,0.20213,0.11664,0.10984,0.10437,-0.11094,-0.0017862,-0.058242,-0.044141,0.11966,0.13426,0.058151,0.48387,0.28203,0.41938,0.42264,0.4115,0.14446,0.18276,0.0010148,0.0080862,0.25063,0.20081,0.1123,0.23703,-0.0050778,0.19472,0.38837,-0.004341,-0.10978,-0.19374,0.40939,0.60661,0.66078,0.14805,0.023489,0.010106,0.0088223,-0.00097938,0.092678,0.0083818,-0.032311,0.083491,0.61546,0.27535,0.061375,-0.040256,-0.054202,-0.092145,-0.075811,-0.023726,-0.16345,0.37278,0.075045,-0.022682,0.043348,-0.067577,-0.10652,0.33074,0.37552,0.015062,0.14986,0.0084962,0.067384,0.04782,-0.0054938,0.024999,0.020422,0.14878,0.17126,-0.072222,0.017676,-0.029775,-0.11889,-0.13906,-0.12793,0.30523,0.60125,-0.053274,-0.14984,0.10071,0.0087556,0.10903,0.048938,0.069052,0.040059,0.15853,0.0012878,-0.14267,0.21697,0.12205,0.19621,0.48413,0.4485,0.19612,0.28158,0.26261,0.48521,-0.089183,0.10342,0.00076212,-0.037236,0.060086,0.033919,0.083772,-0.064251,-0.1264,-0.029931,-0.16605,0.060865,-0.029066,-0.14161,0.11447,-0.05199,0.10584,0.01105,0.060404,-0.0013646,-0.12398,0.14311,0.020764,-0.04364,0.039913,0.20324,0.26093,0.019126,0.132,0.34251,0.15481,0.22258,0.3685,0.2051,-0.0058777,0.10028,0.28499,0.30521,-0.15569,-0.083935,-0.046735,0.063255,-0.15903,-0.096532,-0.14359,0.06211,-0.15533,0.25132,0.010694,0.21573,0.12007,0.1052,0.27328,0.26174,0.26198,0.14289,0.13655,0.17251,0.087786,0.060407,-0.057702,0.095098,0.023245,-0.084479,-0.045567,-0.042569,0.19075,0.071808,0.071821,0.053918,-0.15974,-0.084648,0.0098792,-0.11498,-0.029418,0.0018928,0.15499,0.051574,0.012414,0.019138,-0.01764,-0.10545,-0.098382,0.16471,0.023572,0.066584,-0.018547,-0.023612,-0.07967,-0.10034,0.0085644,-0.026625,-0.04048,-0.086019,0.24207,0.10915,0.24417,0.18302,0.14744,-0.028744,-0.038373,-0.17911,0.041626,-0.095543,-0.083622,-0.16852,0.15862,0.021225,0.22767,0.3534,-0.053395,-0.012078,-0.13346,0.39488,0.33704,0.44497,-0.054385,0.077126,0.068426,0.050755,0.08461,-0.035215,0.11418,-0.077929,-0.074801,0.34767,0.34214,0.13875,0.074771,0.11016,0.026216,0.035503,-0.024374,0.066392,0.32599,0.021396,0.057048,-0.077721,-0.099795,-0.13944,0.19047,0.21687,-0.10216,0.11769,0.29316
0.17166,0.10184,0.14821,0.13394,0.17501,0.18906,0.17384,0.17172,-0.04204,-0.026966,0.1065,0.095428,0.47212,0.30212,0.29978,0.18488,0.19956,0.086804,0.12935,0.54639,0.49744,0.50045,0.58234,0.45141,0.55602,0.37464,0.64774,0.73941,0.29266,0.20873,0.13685,0.50536,0.087995,-0.06196,0.37358,0.21115,0.41155,0.39148,0.41434,0.45652,0.44769,0.41378,0.36671,0.24375,0.26134,0.28078,0.27851,0.24235,-0.12635,0.21727,0.11097,0.086433,0.049342,-0.023004,1,0.45594,0.26536,0.48162,0.43001,0.38272,0.37493,0.27307,0.095382,0.28498,0.27564,0.27058,0.22594,0.39718,0.2876,0.67273,0.5134,0.69563,0.47185,0.48637,0.32961,0.1899,0.074613,0.039354,0.19915,0.01276,0.039577,0.090199,0.10744,0.042493,0.22898,-0.0756,-0.055844,0.11904,-0.010902,-0.044396,-0.018396,0.010151,0.19482,0.068767,0.071015,0.018708,0.2165,0.21316,0.2559,0.1293,0.098113,-0.022684,0.024885,0.023334,0.026437,-0.05091,0.017299,-0.13171,-0.21221,0.13048,0.21331,-0.065044,0.11126,0.029129,0.31155,-0.026858,-0.10718,0.31994,0.39062,0.40489,0.32871,0.25259,0.40924,0.31818,0.28893,0.47598,0.097626,0.018651,0.067713,-0.01911,-0.034487,0.016691,0.025612,0.31603,0.30394,0.22395,-0.030908,0.12229,0.11458,0.36199,0.029202,0.018765,0.50945,0.4167,0.16427,0.21537,0.034366,0.25848,-0.010063,0.097838,0.079785,0.0073155,0.063958,0.30722,0.38186,0.17551,0.34782,0.22492,0.10337,0.35276,0.42913,0.40254,0.029852,0.0016678,0.31464,0.20365,0.12531,-0.078289,0.1128,-0.10594,0.34275,0.24237,0.22993,0.082418,0.44774,0.29776,0.46315,0.45839,0.22272,-0.028729,0.020704,0.11461,0.044542,0.1556,-0.01117,0.1614,0.32266,0.18942,-0.049166,-0.0050837,0.055512,0.39856,0.38845,0.53791,-0.037004,0.0036025,0.18227,0.094306,0.0096368,0.51539,0.14395,0.4179,0.57949,0.54514,0.5616,0.52473,0.63261,0.68197,0.35562,0.31338,0.32865,0.40885,0.00079315,-0.054731,0.28945,0.24357,0.53258,0.42558,0.37777,0.50006,0.32395,0.16567,0.48807,0.25816,0.27948,0.093165,0.3983,-0.041513,-0.043889,0.13571,0.070918,-0.053302,0.013156,0.17414,0.44743,0.2737,0.29135,0.3585,0.43668,0.44013,0.22565,0.2626,0.12146,0.094796,0.17213,0.19941,0.25067,0.23366,0.20926,0.49993,0.39642,0.67858,0.35801,0.41466,0.24851,0.16832,0.14552,0.31968,0.34564,0.16032,0.24823,0.092147,0.14675,0.20564,0.2086,0.17882,0.16786,0.15403,0.1272,0.20929,0.054293,0.11361,0.24778,0.33382,0.27361,0.18606,0.25836,0.12948,0.26263,0.19108,0.29039,0.1766,0.010776,0.10641,0.21531,0.10141,0.15203,0.063955,0.1648,0.14165,0.21773,-0.055439,0.096177,0.32089,0.17734,0.29723,0.062571,0.3984,0.52331,0.31886,0.42331,0.17907,0.29943,0.25813,0.082444,0.43356,0.23248,0.21065,0.09793,0.20864,0.051921,0.075117,0.22194,0.093737,0.23498,0.29884,0.12316,0.26413,0.15371,0.23469,0.12385,0.17762,0.28088,0.38438,0.25131,0.10215,0.31602,0.43214,0.26435,0.31276,0.085843,0.13142,0.16777,0.16072,0.10423,0.11095,0.32004,0.46798,0.2842,0.047901,0.35584,0.39461,0.076183,0.048498,0.28952,0.20533,0.04102,0.1429,0.23977,0.15043,0.31548,0.25532,0.28361,0.15723,0.51869,0.28298,0.44334,0.24798,0.15361,0.10922,0.15792,0.38849,0.074027,0.22092,0.16795,0.22894,0.28179,0.15937,0.042614,0.18281,0.17296,0.27456,0.32432,0.52789,0.30849,-0.046839,0.31043,0.19627,0.28145
0.11331,-0.037972,0.0064299,0.054791,0.17677,0.20253,0.14764,0.1812,-0.041722,0.01345,0.1549,0.16355,0.35093,0.16251,0.16043,0.15478,0.15196,0.24584,0.0098965,0.45025,0.2607,0.35793,0.43948,0.32952,0.37483,0.30414,0.21742,0.41877,0.25549,0.075186,0.042087,0.39148,0.1929,0.19797,0.26229,0.080883,0.20956,0.2752,0.21215,0.24781,0.30532,0.21797,0.33975,0.31773,0.25159,0.23006,0.1964,0.32859,-0.13172,0.16593,0.16638,0.0077749,0.043996,0.049317,0.45594,1,0.46312,0.25139,0.26623,0.29318,0.48681,0.29843,0.29873,0.42811,0.4464,0.23097,0.02565,0.30269,0.19553,0.29662,0.29235,0.33326,0.26955,0.44038,0.10578,0.22115,0.087081,0.047804,0.31249,0.017223,0.19666,0.16672,0.21273,-0.013436,0.19316,-0.10773,-0.097204,-0.0066616,-0.20642,-0.16563,-0.045759,-0.013919,0.31137,-0.014562,-0.0050732,0.028699,0.24468,0.1778,0.15346,0.02171,0.13429,-0.034595,0.29265,0.13658,0.28266,-0.13256,-0.013707,-0.080447,-0.13577,0.29725,0.19781,0.0074206,0.061864,0.054955,0.35453,-0.0489,-0.12084,0.2798,0.10722,0.22829,0.20411,0.18953,0.24674,0.30794,0.2462,0.36641,0.25103,0.16634,-0.09612,0.11625,-0.080744,0.11479,0.13465,0.20476,0.16177,0.16456,-0.12055,0.10741,0.083926,0.26943,0.0039059,-0.13954,0.32237,0.18344,0.15434,0.1938,-0.070641,0.097177,0.018295,0.027009,-0.059802,0.0037578,0.038188,0.25462,0.2871,0.25652,0.11789,0.17436,-0.035489,0.1536,0.48067,0.37667,0.1978,0.012967,0.19193,0.13479,0.29387,0.11274,-0.019698,-0.099327,0.39029,0.18209,0.13418,0.019955,0.16675,0.098319,0.30358,0.31376,0.18731,0.028216,0.0028791,0.088081,-0.021644,0.10166,0.014508,0.14474,0.12717,0.35202,0.11437,-0.061443,0.034908,0.24826,0.26975,0.27685,-0.16582,0.030527,0.18834,0.20046,0.033552,0.37922,0.12603,0.23056,0.40124,0.38826,0.39079,0.38185,0.19868,0.32341,0.19689,0.21924,0.057106,0.31927,0.0013726,0.12432,0.17102,0.19436,0.34348,0.29913,0.22711,0.23955,0.11335,0.189,0.39169,0.013122,0.0036097,0.13984,0.17461,-0.00082183,-0.075778,0.058367,0.10166,-0.13861,-0.05786,0.15509,0.10689,0.37042,0.33646,0.16532,0.15052,0.37347,0.39949,0.13209,0.21961,0.28023,0.18987,0.2117,0.1294,0.19228,0.15228,0.11548,0.18997,0.35732,0.22428,0.2451,0.059428,0.16607,0.18985,0.38249,0.37168,0.087194,0.22359,0.029782,0.012817,0.11464,0.20247,-0.0065596,0.14977,-0.045882,-0.11944,0.009757,-0.061414,0.068016,9.0086e-05,0.049421,0.12843,0.0083491,0.24954,0.048506,0.15672,0.076923,0.23443,0.13982,0.27303,0.075787,0.3747,-0.14266,0.055879,0.030561,0.019687,0.25534,0.2062,-0.10945,0.00071468,0.28324,0.18084,0.24877,-0.04898,0.20232,0.24089,0.14124,0.26409,0.17098,0.12601,0.26086,0.030357,0.30825,0.33835,0.31227,0.071544,0.32725,0.096236,0.1542,0.24876,0.088426,0.1445,0.27002,-0.016299,0.272,0.08412,0.24535,-0.0061589,0.022405,0.1787,0.045889,0.18166,0.026011,0.1108,0.11818,0.075569,0.074746,-0.16479,0.010242,0.053346,0.003831,0.065266,0.13046,0.13615,0.13021,0.19885,0.15579,0.34183,0.35645,0.15691,0.075923,0.22286,0.26364,0.17428,0.053442,0.0075455,0.036182,0.24036,0.14871,0.25474,0.17855,0.26451,0.11,0.27149,0.14013,-0.058098,0.03202,0.17278,0.27926,0.085191,0.2079,0.10456,0.23514,0.01299,0.19314,0.10711,0.0057823,0.050463,0.16932,0.20587,0.24191,0.13382,-0.063222,0.19532,0.24321,0.37243
0.048413,-0.052478,-0.037671,0.033179,0.084716,0.16867,0.088967,0.15719,-0.0017051,0.011732,0.13804,0.12972,0.28898,0.16272,0.15094,0.085889,0.15907,0.31697,-0.025405,0.3531,0.14748,0.31586,0.33029,0.25384,0.28201,0.22326,0.14788,0.29461,0.33709,0.13487,0.10049,0.32758,0.18227,0.28996,0.18165,0.061919,0.14496,0.20704,0.15722,0.13057,0.20835,0.1287,0.29868,0.43963,0.25317,0.20207,0.19401,0.38328,-0.13641,0.057532,0.17741,-0.062129,0.0067191,0.0022207,0.26536,0.46312,1,0.17106,0.19221,0.21054,0.44012,0.3149,0.51953,0.49765,0.48097,0.25163,0.03974,0.29482,0.20778,0.23256,0.22116,0.25975,0.20769,0.31198,0.12902,0.27844,0.0749,0.14787,0.34113,0.051411,0.18758,0.16564,0.23812,0.013948,0.10591,-0.068213,-0.077919,-0.066069,-0.18285,-0.12589,-0.038944,0.075084,0.3488,-0.029485,-0.01282,-0.0054035,0.35595,0.2392,0.22379,0.091131,0.27244,0.06635,0.51481,0.1874,0.46357,-0.063238,-0.019733,-0.06053,-0.1002,0.32324,0.14547,0.037023,0.073099,0.16673,0.442,0.0048784,-0.05111,0.24139,0.10331,0.1417,0.15424,0.16535,0.18039,0.22327,0.22205,0.30299,0.30735,0.20542,-0.009486,0.22276,-0.0093285,0.16519,0.10408,0.13263,0.19547,0.27038,-0.11469,0.092683,0.051009,0.20808,-0.0071209,-0.11224,0.1827,0.063224,0.13974,0.16657,-0.091342,0.066813,0.075649,-0.052913,-0.1376,0.024617,-0.036816,0.14738,0.15628,0.35172,0.044114,0.11847,0.020026,0.10686,0.44261,0.39296,0.32673,0.12238,0.22641,0.27071,0.4898,0.28274,-0.096357,-0.091144,0.31495,0.16933,0.136,0.0052111,0.033747,0.025288,0.20449,0.24705,0.1612,0.071075,0.12845,0.091893,0.0013365,0.038399,0.060589,0.15652,0.11693,0.36134,0.23608,0.012634,0.049318,0.21688,0.22344,0.2249,-0.17081,0.062315,0.13296,0.26292,0.12047,0.30912,0.19759,0.18786,0.31935,0.32576,0.26328,0.28458,0.1193,0.25429,0.20313,0.28131,-0.088256,0.25184,0.051432,0.16449,0.12564,0.22636,0.25841,0.24469,0.12551,0.15893,0.10024,0.21757,0.28168,-0.069579,-0.14598,0.15073,0.040712,0.066473,-0.13999,-0.037731,0.13291,-0.18156,-0.094139,0.01986,0.082098,0.34283,0.3774,0.064416,0.081349,0.30256,0.42373,0.21809,0.37571,0.37406,0.30187,0.25251,0.16766,0.189,0.15164,0.10668,0.17648,0.25822,0.19663,0.20189,0.11478,0.21068,0.23567,0.40325,0.3705,0.10509,0.18319,0.016662,-0.016002,-0.018181,0.087332,-0.12452,0.092612,-0.17905,-0.25064,-0.097784,-0.17792,-0.015067,-0.076098,-0.13803,-0.0079275,-0.15063,0.34704,-0.069529,0.14772,-0.052707,0.25655,0.14616,0.49016,0.088825,0.4094,-0.21262,-0.062249,-0.019901,-0.10911,0.2808,0.16415,-0.09327,-0.058058,0.3384,0.31302,0.14087,-0.045835,0.261,0.23289,0.14497,0.17763,0.078007,0.11805,0.23127,0.10181,0.17931,0.39912,0.37578,0.070438,0.23293,0.089866,0.12289,0.25483,0.087024,0.25701,0.36943,-0.010481,0.15695,0.031722,0.18471,0.0062073,-0.02412,0.12844,-0.036649,0.11124,0.039416,0.0032592,0.01776,-0.046867,-0.092524,-0.24338,-0.024973,-0.029165,0.050645,0.062594,0.29259,0.17931,-0.010366,0.2404,0.33015,0.30455,0.33888,0.2169,0.053105,0.28681,0.35327,0.39885,0.025181,-0.16045,-0.095993,0.1858,0.12329,0.16227,0.096965,0.15589,0.11378,0.21396,0.12973,0.011754,-0.050288,0.15316,0.27265,0.070285,0.12189,0.038635,0.19329,0.048486,0.19061,0.14664,-0.10219,0.0069904,0.1585,0.1874,0.17702,-0.03283,-0.047111,0.13565,0.26359,0.34901
0.16372,0.049383,0.13722,0.13044,0.094022,0.15671,0.09367,0.10391,0.0090928,-0.0047972,0.07106,0.017599,0.30915,0.19289,0.17057,0.1308,0.12273,0.10009,0.14098,0.34191,0.28546,0.27928,0.35686,0.32995,0.34222,0.22076,0.38348,0.45627,0.11651,0.057297,-0.014961,0.2736,0.13458,0.065252,0.16604,0.058861,0.24491,0.1672,0.2217,0.25454,0.27834,0.22357,0.24068,0.11747,0.13237,0.22018,0.15576,0.18599,0.012448,0.21122,0.06102,0.12452,0.076917,0.079962,0.48162,0.25139,0.17106,1,0.25092,0.20715,0.396,0.15803,0.06152,0.23733,0.20364,0.23499,0.15434,0.22361,0.14859,0.44087,0.38401,0.40366,0.37837,0.35843,0.19222,0.15152,0.053521,0.029004,0.15036,-0.0057328,0.041928,0.050155,0.12467,0.048415,0.1326,0.013566,0.076285,0.11459,-0.022779,0.0034767,0.11292,-0.021511,0.050933,0.039564,0.058844,0.045341,0.069789,0.085674,0.10985,0.054748,0.043055,-0.0058985,0.039078,0.01079,-0.011808,0.0066281,0.077673,-0.01712,-0.047212,0.043123,0.1427,-0.0018985,0.10236,0.031878,0.24448,0.04254,-0.018246,0.17053,0.27852,0.27274,0.22015,0.17421,0.23596,0.24265,0.18451,0.26707,0.031891,-0.0061252,0.0061443,-0.028109,0.030418,0.014921,0.033634,0.22166,0.26214,0.1732,0.014713,0.17574,0.11021,0.22492,0.074173,0.014447,0.29006,0.2523,0.077944,0.17694,0.079461,0.1608,0.073556,0.16005,0.1512,0.066971,0.14349,0.20264,0.24962,0.15545,0.19725,0.17343,0.13644,0.26282,0.25375,0.25054,0.046887,0.091784,0.1748,0.16782,0.027214,-0.016163,0.18645,0.067193,0.23369,0.13019,0.12425,0.022894,0.27649,0.24006,0.24726,0.22053,0.14535,0.078514,0.043615,0.079865,0.010243,0.066123,-0.01973,0.091299,0.21465,0.081109,0.03055,-0.036955,0.065717,0.22607,0.21329,0.27485,0.077531,0.04963,0.10729,0.10702,-0.03749,0.30204,0.17475,0.21858,0.35394,0.33595,0.33282,0.33708,0.38975,0.43646,0.19584,0.20098,0.18811,0.19293,0.05685,0.044805,0.11641,0.095168,0.31717,0.21939,0.22042,0.30595,0.24779,0.18994,0.30793,0.16035,0.16411,0.16936,0.29731,0.051381,0.080078,0.19177,0.033674,0.015622,0.016318,0.16418,0.28379,0.24225,0.18273,0.36966,0.29792,0.32702,0.28932,0.20294,0.13488,0.17614,0.12649,0.23224,0.17203,0.11734,0.078582,0.34385,0.32755,0.39563,0.31329,0.3716,0.22545,0.17536,0.10147,0.19394,0.22166,0.12881,0.15754,0.069078,0.096107,0.16751,0.1662,0.15389,0.1711,0.13523,0.056604,0.10832,0.068299,0.12564,0.1717,0.21418,0.21657,0.11094,0.19305,0.054691,0.1542,0.10043,0.15891,0.14696,0.077102,0.12169,0.18851,0.092208,0.17315,0.10434,0.11462,0.087013,0.15284,0.040086,0.10694,0.19018,0.19408,0.18568,0.035069,0.24658,0.33565,0.2509,0.30646,0.10819,0.21952,0.22006,0.013449,0.27063,0.15771,0.083679,0.063306,0.11345,0.041488,0.056119,0.14062,0.12067,0.23125,0.23501,0.031589,0.19461,0.10184,0.18576,0.12284,0.12848,0.16213,0.25299,0.13669,0.080223,0.23118,0.26844,0.21725,0.27661,0.10705,0.088264,0.11155,0.09648,0.089701,0.065482,0.21394,0.26616,0.19286,0.048896,0.21917,0.2364,0.084051,0.059548,0.16684,0.18952,0.053881,0.12252,0.20287,0.16166,0.15425,0.16236,0.1593,0.10808,0.33166,0.17886,0.26854,0.14517,0.07011,0.11326,0.16512,0.25513,0.076851,0.1341,0.04965,0.16304,0.15173,0.142,0.098723,0.068488,0.10976,0.15459,0.16683,0.28956,0.26422,0.063228,0.17453,0.14727,0.20902
0.087925,0.090329,0.19798,0.093341,0.12887,0.10201,0.18989,0.13244,-0.01109,-0.0025487,0.094855,0.10865,0.31133,0.19566,0.24701,0.068443,0.12818,0.056897,0.078281,0.26884,0.39818,0.33454,0.35157,0.27428,0.34406,0.24554,0.49962,0.49175,0.1871,0.15026,0.16196,0.3109,-0.026815,-0.11513,0.25902,0.18366,0.2818,0.2874,0.29546,0.35869,0.27244,0.30321,0.21271,0.22938,0.18698,0.15648,0.2567,0.14431,-0.14572,0.050184,0.097574,0.002865,0.017653,-0.10016,0.43001,0.26623,0.19221,0.25092,1,0.31557,0.20888,0.20593,0.07382,0.1382,0.090341,0.26879,0.23982,0.26835,0.18737,0.4932,0.43099,0.47285,0.36581,0.40737,0.24898,0.1558,0.027419,0.024902,0.069111,0.028891,0.0071376,-0.0055284,0.1361,0.10411,0.20145,-0.11178,-0.096486,0.11544,0.046005,-0.0024326,-0.04896,0.066549,0.14761,0.085298,0.058094,-0.065114,0.19179,0.15369,0.25183,0.1099,0.093327,-0.0014255,0.029678,0.01796,0.044639,-0.0081445,-0.031339,-0.11901,-0.22294,0.10785,0.13959,-0.073623,0.051831,0.078389,0.21703,-0.099962,-0.068392,0.24583,0.23123,0.35007,0.2119,0.12239,0.34836,0.26514,0.23077,0.32967,0.11779,-0.033605,0.15384,0.052061,0.038183,-0.011842,-0.07344,0.21666,0.23759,0.14609,-0.011632,0.014571,-0.0038348,0.19473,-0.085819,0.095228,0.34135,0.29908,0.1363,0.078216,0.0038159,0.19141,-0.047019,-0.0064865,-0.066531,-0.068766,-0.074429,0.15987,0.19034,0.065276,0.29086,0.092516,0.050615,0.19203,0.18525,0.22339,-0.001436,-0.027798,0.21393,0.16767,0.13197,-0.081898,0.00094856,-0.16895,0.10466,0.14162,0.18223,0.057828,0.34954,0.24905,0.28927,0.3423,0.11036,-0.060186,-0.027834,0.065799,0.052088,0.16843,0.0070787,0.17952,0.25262,0.15332,-0.044031,0.024845,0.082262,0.27236,0.36041,0.41942,-0.11265,-0.019402,0.11995,0.023601,0.13861,0.30379,0.16139,0.28449,0.36445,0.37373,0.31211,0.28854,0.46556,0.43963,0.22401,0.23331,0.26312,0.31598,-0.0099697,-0.089669,0.16405,0.19988,0.30818,0.27086,0.25326,0.33443,0.19358,0.086321,0.26989,0.21123,0.24928,-0.045553,0.22174,-0.092785,-0.10063,-0.0078934,0.11064,-0.060281,0.061839,0.019824,0.27847,0.10789,0.21466,0.23226,0.29416,0.26136,0.084648,0.20515,0.13169,0.04284,0.13852,0.16382,0.19736,0.18457,0.11898,0.38406,0.29408,0.42782,0.28175,0.28447,0.28348,0.13311,0.086017,0.26079,0.22989,0.13917,0.14171,0.055066,0.17157,0.075455,0.089212,0.10177,0.042149,0.10351,0.11239,0.16405,0.008386,-0.017347,0.19255,0.24319,0.17824,0.051357,0.21474,0.07277,0.18136,0.057284,0.20615,0.041754,-0.0011639,0.019274,0.11961,0.072125,0.01439,-0.042845,0.072213,0.094841,0.12541,-0.06112,0.0465,0.19567,0.098351,0.13643,0.042523,0.29099,0.389,0.30022,0.13734,0.077426,0.17833,0.1229,0.12614,0.32561,0.15732,0.17714,0.064821,0.13853,-0.015387,0.001326,0.10758,0.069721,0.19545,0.20657,0.16605,0.10569,0.17228,0.13744,0.1119,0.070891,0.26035,0.26915,0.20593,0.065029,0.23115,0.34227,0.13046,0.14161,0.015623,0.077931,0.083607,0.19172,0.05954,0.11279,0.21342,0.33931,0.29264,0.067532,0.19591,0.22763,-0.034822,-0.036171,0.20812,0.17931,0.069251,0.030526,0.10495,0.019659,0.19962,0.14813,0.16961,0.090295,0.32472,0.282,0.23556,0.23414,0.1998,0.069339,0.029476,0.19555,0.00054873,0.092509,0.15688,0.10487,0.19647,0.040294,0.03607,0.099798,0.14937,0.26821,0.30942,0.41996,0.18235,-0.063195,0.27804,0.12394,0.14593
0.055962,0.043765,0.062547,0.055823,0.13243,0.082425,0.1331,0.10953,-0.0042376,-0.0024113,0.083724,0.08633,0.27542,0.15258,0.12752,0.040663,0.13807,0.064888,0.014673,0.20717,0.23183,0.19713,0.23792,0.18771,0.21691,0.16129,0.30507,0.3481,0.10478,0.033976,0.063469,0.1938,0.010953,-0.032904,0.12465,0.019817,0.14008,0.13393,0.16309,0.22657,0.20674,0.16268,0.19094,0.16731,0.15477,0.084425,0.20221,0.1286,-0.16258,0.045124,0.056791,-0.024711,-0.010268,-0.068201,0.38272,0.29318,0.21054,0.20715,0.31557,1,0.26738,0.21339,0.1169,0.15145,0.16935,0.16322,0.06708,0.14272,0.090748,0.33406,0.28954,0.32042,0.27151,0.36938,0.16127,0.17378,0.043783,0.044596,0.16817,0.047397,0.087659,0.055338,0.12032,0.016368,0.11128,-0.11027,-0.099178,0.062877,-0.059204,-0.053005,-0.077782,0.015689,0.17263,0.029045,-0.0028486,-0.01968,0.14137,0.083555,0.14976,0.055881,0.037912,-0.011663,0.07473,0.084732,0.073481,-0.085101,-0.039923,-0.089782,-0.16485,0.12421,0.10367,-0.055578,0.027095,0.0095933,0.20345,-0.069144,-0.098336,0.21957,0.19953,0.28301,0.16815,0.13341,0.24203,0.26964,0.1724,0.29131,0.14978,0.029492,0.027742,0.037943,-0.033847,0.026264,0.050477,0.15218,0.16002,0.11413,-0.06558,0.024894,0.028985,0.16781,0.0031914,0.0095084,0.26354,0.20434,0.10219,0.093821,-0.014301,0.10439,-0.046383,0.006432,-0.024912,-0.055864,-0.016278,0.14969,0.16786,0.096679,0.10932,0.091452,0.0080264,0.11803,0.19382,0.17955,0.048139,-0.033815,0.099054,0.16663,0.14941,-0.049984,-0.036785,-0.12534,0.11515,0.12892,0.064646,0.0072622,0.21619,0.092739,0.16376,0.17957,0.12856,-0.052969,-0.052418,0.050527,0.063164,0.10878,0.00062026,0.10802,0.19597,0.18813,-0.021369,-0.010495,0.063245,0.2098,0.21773,0.27943,-0.11634,0.010124,0.11097,0.05178,0.054337,0.20815,0.13722,0.12703,0.24019,0.2319,0.23067,0.23729,0.32298,0.33488,0.1195,0.19676,0.15451,0.15604,-0.026616,-0.043775,0.079241,0.11488,0.25897,0.14744,0.1459,0.21434,0.10152,0.088501,0.22934,0.086417,0.10211,-0.0047304,0.15497,-0.06957,-0.13604,-0.0050706,0.067844,-0.14399,-0.028377,0.01811,0.19587,0.20696,0.16613,0.18408,0.23411,0.26844,0.19854,0.16302,0.14969,0.085717,0.086303,0.18388,0.10316,0.087771,0.020782,0.27495,0.24347,0.32286,0.25289,0.32003,0.20645,0.076288,0.092176,0.24579,0.22933,0.091007,0.15093,0.026627,0.022711,0.013848,0.084171,0.010606,0.055357,0.012045,0.0039174,0.040167,-0.083454,0.00043145,0.069337,0.098687,0.076918,0.0036395,0.20313,0.026114,0.12213,0.035557,0.14714,0.05291,0.10133,0.036937,0.17358,-0.040841,0.026612,-0.026136,0.013469,0.089069,0.081146,-0.086861,0.022142,0.15846,0.13279,0.12225,0.038751,0.24543,0.28509,0.1943,0.16097,0.065762,0.1061,0.19322,0.085077,0.26021,0.16305,0.16245,0.056088,0.18107,0.0092729,0.078075,0.1904,0.074075,0.19222,0.20447,0.10484,0.098976,0.080962,0.076028,0.048984,0.037637,0.1153,0.13978,0.1467,0.064551,0.15156,0.18942,0.048121,0.084754,-0.079282,-0.01128,0.044824,0.10005,0.038725,0.1181,0.085207,0.19482,0.238,0.096041,0.14204,0.17011,0.026746,-0.017874,0.13898,0.21745,0.10666,0.025211,0.0076588,-0.026801,0.11883,0.11309,0.18332,0.095163,0.20869,0.13641,0.14365,0.085147,0.08905,0.00042828,0.049699,0.20691,0.037335,0.11026,0.085082,0.137,0.12314,0.097126,-0.017869,0.046438,0.087536,0.1651,0.202,0.27751,0.077735,-0.025774,0.17165,0.1139,0.16321
0.067228,-0.0074573,-0.021099,0.074686,0.083183,0.21929,0.10301,0.073884,-0.029218,-0.0024422,0.12355,0.081159,0.32907,0.16514,0.12945,0.16048,0.11541,0.25273,0.051553,0.37939,0.21459,0.25656,0.3552,0.30956,0.28023,0.19768,0.21224,0.37945,0.20069,0.020431,-0.071568,0.27984,0.23111,0.25646,0.067486,-0.051702,0.20858,0.092797,0.10573,0.14377,0.21663,0.14911,0.30962,0.32443,0.16254,0.2283,0.16539,0.41612,-0.038838,0.19389,0.13705,0.034987,0.080008,0.11338,0.37493,0.48681,0.44012,0.396,0.20888,0.26738,1,0.29964,0.37621,0.58455,0.48585,0.45236,0.064743,0.22703,0.14283,0.38138,0.47851,0.29713,0.44371,0.50457,0.20279,0.29707,0.057226,0.11523,0.30277,0.01667,0.11924,0.15612,0.12443,-0.058531,0.080949,-0.032932,0.022201,-5.5097e-05,-0.14782,-0.084802,-0.038079,-0.048587,0.23508,-0.041383,-0.053781,0.040162,0.26024,0.12527,0.11578,0.021767,0.18913,0.013619,0.36946,0.11833,0.23696,-0.09918,0.012643,-0.051684,-0.0036284,0.17922,0.1679,0.052834,0.067231,0.13823,0.47776,0.038585,-0.088186,0.24592,0.18166,0.30099,0.19277,0.23448,0.20693,0.37517,0.22505,0.32554,0.2059,0.16108,-0.048472,0.053682,-0.0059144,0.15571,0.14145,0.27961,0.37397,0.33881,-0.10843,0.15154,0.088016,0.22798,0.041449,-0.14052,0.24596,0.12116,0.095591,0.17224,-0.0097027,0.089284,0.088657,0.06215,0.012784,0.066764,0.11221,0.24581,0.27965,0.38662,0.1238,0.1529,0.17549,0.16944,0.39551,0.35289,0.19605,0.1718,0.13787,0.35752,0.37957,0.12559,0.069784,0.021843,0.29397,0.11968,0.090787,0.013338,0.12182,0.21419,0.16034,0.16843,0.18152,0.086925,0.0831,0.084139,-0.026925,0.0030531,-0.040202,0.14381,0.14912,0.22205,0.11541,-0.066638,0.011798,0.22623,0.17599,0.21108,-0.032725,0.038103,0.1288,0.24099,-0.062444,0.29545,0.44185,0.16051,0.32256,0.30125,0.3053,0.34153,0.16452,0.31082,0.20656,0.3312,-0.015089,0.18634,0.047931,0.19964,0.026016,0.12842,0.31201,0.18827,0.13195,0.20207,0.15584,0.35495,0.33007,0.014467,-0.075799,0.25302,0.18145,0.094219,0.024024,0.11608,0.095908,-0.10019,-0.060681,0.14359,0.085337,0.40582,0.31712,0.16556,0.2327,0.41594,0.69255,0.24749,0.38575,0.43751,0.23852,0.51251,0.20462,0.1716,0.14462,0.23591,0.3936,0.28147,0.38235,0.43861,0.19671,0.25324,0.16073,0.36869,0.35502,0.063916,0.19367,0.064478,-0.025275,0.051416,0.12383,0.028739,0.20948,-0.037288,-0.15718,-0.013063,-0.065633,0.092007,0.01291,0.0057883,0.1101,-0.0064584,0.38078,-0.0057521,0.20222,0.089882,0.27065,0.19221,0.42594,0.13281,0.35294,-0.099127,0.085584,0.080944,0.023276,0.2022,0.13239,0.0097552,0.00078668,0.31793,0.42143,0.20298,-0.016308,0.27022,0.27852,0.23587,0.30418,0.11808,0.14488,0.41569,0.0096217,0.19116,0.34122,0.21655,0.064971,0.21843,0.07533,0.16737,0.25601,0.14342,0.43525,0.46068,-0.048967,0.20381,0.024287,0.21414,0.018297,0.022836,0.11926,0.044628,0.10826,0.05037,0.085442,0.048658,0.080964,0.10484,-0.10649,0.055973,0.060954,0.041305,0.11147,0.29747,0.21165,0.088783,0.38587,0.3215,0.2982,0.29898,0.22068,0.16517,0.2456,0.42435,0.36763,0.094983,0.057599,0.0959,0.13157,0.17648,0.1557,0.14082,0.24214,0.18901,0.20778,0.11441,-0.03337,0.047719,0.21262,0.32524,0.045322,0.13972,0.00094522,0.24713,0.057138,0.19727,0.14528,-0.018185,0.026195,0.075995,0.09933,0.16409,0.10617,0.034301,0.10021,0.20131,0.30482
0.093359,-0.00082191,0.022561,0.026345,0.13775,0.17237,0.091918,0.2311,0.017985,-0.030271,0.16104,0.17653,0.27064,0.12419,0.18721,0.09926,0.076952,0.22058,-0.0077745,0.34597,0.31055,0.33286,0.36267,0.22697,0.3018,0.30696,0.23303,0.33959,0.44719,0.25767,0.14419,0.36956,0.069013,0.10318,0.26587,0.16812,0.23322,0.29029,0.21978,0.24204,0.26258,0.27105,0.20813,0.34043,0.23967,0.18317,0.23252,0.26668,-0.19127,-0.013521,0.060975,-0.093736,-0.057334,-0.068004,0.27307,0.29843,0.3149,0.15803,0.20593,0.21339,0.29964,1,0.40948,0.28354,0.30235,0.22658,0.15651,0.28706,0.26329,0.29156,0.31607,0.29958,0.28559,0.29213,0.36988,0.17656,0.055329,0.13762,0.37171,-0.025363,0.11207,0.17643,0.080704,-0.03358,0.11563,-0.13845,-0.13736,-0.11339,-0.18815,-0.17575,-0.082126,0.00039601,0.3578,-0.036196,-0.026381,0.031836,0.44047,0.30363,0.27482,0.098447,0.22913,0.081981,0.32297,0.21481,0.29882,-0.14687,-0.052783,-0.063553,-0.14121,0.21664,0.14268,-0.047703,0.0052526,0.16303,0.4009,0.006707,-0.14315,0.2458,0.18857,0.17339,0.1476,0.095836,0.18063,0.25007,0.22446,0.28522,0.29773,0.20682,0.023197,0.2013,0.0078371,0.18981,0.11408,0.21933,0.31425,0.34315,-0.10388,0.11739,0.032749,0.19334,-0.024074,-0.059265,0.22402,0.20882,0.16913,0.11349,-0.059736,0.11938,-0.036844,-0.034803,-0.081681,0.049282,0.0056326,0.20554,0.27876,0.22097,0.14842,0.18252,0.10516,0.22775,0.28213,0.24412,0.23601,0.078462,0.21425,0.31159,0.37501,0.10763,-0.095627,-0.14087,0.2348,0.14302,0.12156,-0.013704,0.20275,0.14031,0.23481,0.30091,0.1262,-0.072553,-0.044849,0.11666,-0.0030513,0.056324,0.01059,0.10939,0.12603,0.35658,0.13652,0.065252,0.061534,0.19765,0.19102,0.32885,-0.11581,-0.035279,0.13545,0.20531,0.039952,0.30432,0.1301,0.26279,0.35714,0.35472,0.3146,0.30013,0.25278,0.36043,0.38148,0.37319,-0.035211,0.31183,0.015716,-0.023337,0.14567,0.1848,0.31313,0.30858,0.22539,0.24124,0.1552,0.16195,0.31873,0.023474,-0.12914,0.061537,0.13795,-0.053421,-0.13283,-0.076234,-0.0031462,-0.14055,-0.14258,0.033236,0.18035,0.26111,0.29105,0.066742,0.18547,0.20871,0.28291,0.34715,0.26164,0.11269,0.17526,0.23554,0.18755,0.23402,0.20873,0.30175,0.3099,0.34025,0.30052,0.3132,0.29511,0.10691,0.089202,0.31237,0.30031,0.02624,0.079681,-0.016723,-0.098902,0.023502,0.078345,-0.11498,0.018855,-0.16468,-0.18834,-0.11379,-0.11849,0.0045219,-0.0093008,-0.057308,0.041602,-0.069128,0.40337,-0.038701,0.14612,-0.0095063,0.21737,0.13989,0.29993,0.10654,0.26753,-0.22653,-0.034863,0.010154,-0.034236,0.17197,0.11128,-0.035661,-0.074128,0.27923,0.26484,0.12429,-0.046232,0.29938,0.29884,0.21932,0.1985,0.12237,0.12641,0.2176,0.073826,0.25685,0.34416,0.27345,0.083367,0.25187,0.033241,0.11943,0.24219,0.19989,0.26775,0.37445,-0.0403,0.20105,0.026574,0.21354,0.0051171,0.055143,0.16863,0.13665,0.091762,0.030883,0.11881,0.10873,-0.0071856,0.069704,-0.16164,0.0063938,0.034769,0.019853,0.014189,0.16199,0.18208,0.086233,0.19581,0.087337,0.17298,0.15492,0.18348,0.035063,0.18015,0.35249,0.19749,-0.035885,-0.088618,-0.089647,0.212,0.12625,0.16379,0.093253,0.22003,0.18017,0.22866,0.097768,-0.018127,-0.023134,0.04261,0.22132,0.11549,0.12894,0.081652,0.20353,0.10271,0.16591,0.10877,-0.034622,0.047863,0.16658,0.14593,0.29792,0.088225,-0.048223,0.17448,0.13591,0.20287
0.006404,-0.025471,-0.099625,-0.036417,-0.012417,0.11946,0.05984,0.15829,0.017124,0.011819,0.11978,0.11905,0.17171,0.14686,0.11334,0.047133,0.087741,0.35313,-0.027496,0.24423,0.068588,0.21905,0.2061,0.14757,0.16309,0.18903,0.06308,0.1488,0.45842,0.18349,0.19014,0.24386,0.12099,0.29608,0.10207,0.071982,0.10082,0.13783,0.094378,0.062248,0.13348,0.070855,0.21505,0.58058,0.23902,0.18945,0.17431,0.43465,-0.17711,-0.12663,0.097895,-0.15296,-0.043613,-0.067336,0.095382,0.29873,0.51953,0.06152,0.07382,0.1169,0.37621,0.40948,1,0.54265,0.49375,0.21963,0.028784,0.23153,0.24307,0.14022,0.12531,0.15228,0.09135,0.22163,0.18669,0.25097,0.093484,0.28098,0.39812,-0.017729,0.17331,0.18004,0.076365,-0.03281,-0.041627,-0.02613,-0.065041,-0.21432,-0.16199,-0.095693,-0.10487,0.13407,0.41871,-0.031524,-0.10229,-0.011547,0.4893,0.28768,0.23762,0.095094,0.36729,0.1925,0.74161,0.30974,0.62145,-0.057631,-0.073276,0.049292,-0.0006989,0.28246,0.042708,0.043267,0.01399,0.30252,0.56062,0.08865,0.07499,0.18317,0.08241,0.036021,0.078107,0.12181,0.080866,0.12857,0.12541,0.21479,0.4219,0.30359,0.022698,0.33282,0.054048,0.27882,0.16348,0.061946,0.24377,0.41552,-0.091486,0.11514,-0.0097297,0.095072,-0.0043911,-0.094255,0.062781,0.0050704,0.12258,0.066582,-0.041985,0.062913,0.1044,-0.11578,-0.21431,0.057556,-0.013415,0.06026,0.065444,0.41741,0.027264,0.1067,0.12809,0.073329,0.29346,0.32215,0.44445,0.21548,0.1643,0.37326,0.65244,0.4005,-0.19993,-0.098607,0.21759,0.061066,0.06482,-0.029618,-0.031006,0.020508,0.10429,0.16264,0.072606,0.030284,0.16532,0.10848,-0.037168,-0.034427,0.054963,0.11599,0.03727,0.35609,0.29304,0.099071,0.064725,0.14551,0.093772,0.138,-0.13523,0.062347,0.081513,0.2886,0.12219,0.21305,0.16152,0.17055,0.21582,0.24345,0.1566,0.17063,0.066998,0.1564,0.28703,0.31646,-0.21447,0.21197,0.07163,0.10008,0.080625,0.20915,0.13974,0.15492,0.073047,0.10446,0.12499,0.20018,0.19265,-0.093197,-0.24698,0.14097,-0.039957,0.089139,-0.21249,-0.19276,0.058784,-0.2256,-0.18763,-0.16309,0.046933,0.35378,0.37849,-0.045696,0.039198,0.19255,0.4305,0.34816,0.52112,0.35905,0.30669,0.22838,0.1886,0.22043,0.14154,0.069899,0.13548,0.16853,0.10975,0.21369,0.14968,0.23497,0.19184,0.35741,0.35895,-0.036033,0.050577,0.063828,-0.1616,-0.16947,-0.11489,-0.22767,-0.041295,-0.30974,-0.30521,-0.2446,-0.28849,-0.034364,-0.10042,-0.27474,-0.15246,-0.23348,0.44293,-0.16572,0.073399,-0.16847,0.19342,0.13954,0.62929,0.1544,0.43365,-0.26804,-0.20271,-0.02366,-0.17089,0.24509,0.023943,-0.02698,-0.16162,0.28953,0.42213,0.0037623,-0.027091,0.29512,0.16339,0.092863,0.11681,0.037724,0.13087,0.23822,0.16171,0.035689,0.43099,0.33851,0.069233,0.17453,0.033629,0.15516,0.20798,0.069218,0.34102,0.43297,-0.091717,0.020363,-0.040727,0.10275,-0.019803,-0.06224,0.069463,-0.071106,-0.014603,-0.027951,-0.082939,-0.047921,-0.14568,-0.19809,-0.32121,-0.07584,-0.062636,0.022679,0.054407,0.36926,0.18071,-0.079296,0.21733,0.37022,0.16147,0.17898,0.24889,0.0086096,0.23859,0.40863,0.53252,-0.0056184,-0.2824,-0.27667,0.14287,0.06819,0.023493,-0.012507,0.057216,0.093668,0.11447,0.074765,0.0075675,-0.18127,-0.0078365,0.20686,0.0029678,0.0018103,-0.027564,0.1337,0.056573,0.16739,0.13051,-0.16167,-0.075276,0.073358,0.082866,0.10278,-0.13805,-0.068603,0.059268,0.19054,0.23982
0.093339,-0.0093527,-0.058771,0.042224,0.045301,0.16755,0.083094,0.092819,-0.017172,-0.025935,0.095768,0.061823,0.25535,0.16423,0.17218,0.12937,0.087102,0.28041,0.03665,0.3695,0.18484,0.30701,0.365,0.31979,0.34157,0.25985,0.15899,0.27416,0.34051,0.16987,0.027931,0.34271,0.20484,0.29157,0.20704,0.14594,0.23175,0.21749,0.19432,0.17671,0.2414,0.18419,0.24129,0.48063,0.1427,0.31852,0.1725,0.5648,-0.067886,0.090832,0.12625,-0.030355,0.031604,0.0049272,0.28498,0.42811,0.49765,0.23733,0.1382,0.15145,0.58455,0.28354,0.54265,1,0.67129,0.38209,0.1215,0.41426,0.36539,0.25351,0.2438,0.23142,0.20909,0.34977,0.15197,0.28182,0.10505,0.16301,0.29373,-0.036388,0.11013,0.098352,0.096697,-0.041634,0.065878,-0.066986,-0.0089171,-0.12409,-0.19019,-0.078566,-0.068944,-0.016847,0.26261,-0.09603,-0.10696,-0.03296,0.36187,0.2562,0.21512,0.02998,0.33488,0.075951,0.51906,0.1472,0.34906,-0.10915,-0.017376,-0.028864,-0.045467,0.20988,0.12025,0.038224,0.014611,0.30779,0.60153,0.056238,-0.010098,0.18699,0.095051,0.12425,0.13563,0.19383,0.12479,0.18247,0.16552,0.25713,0.29449,0.20405,-0.027183,0.10987,0.011558,0.13533,0.11804,0.13572,0.29898,0.45316,-0.10592,0.15199,0.078142,0.23897,0.043749,-0.10083,0.15236,0.065232,0.11512,0.16565,-0.03905,0.072628,0.028651,-0.018056,-0.10827,0.050145,0.040083,0.17184,0.23377,0.56251,0.1936,0.11637,0.19912,0.20938,0.47001,0.56329,0.30904,0.1972,0.305,0.28999,0.51634,0.20605,-0.028536,-0.046727,0.40646,0.099594,0.11411,0.072484,0.1002,0.17936,0.2853,0.29503,0.15211,0.052537,0.15154,0.081525,-0.011428,0.00013249,0.0091364,0.14053,0.093495,0.26002,0.13993,-0.047561,0.030848,0.16177,0.12859,0.17805,-0.10813,0.018967,0.087411,0.21172,0.012916,0.31855,0.31542,0.21187,0.3422,0.36205,0.3307,0.33283,0.14158,0.20945,0.27262,0.30872,-0.062502,0.26676,0.032776,0.18525,0.1519,0.37884,0.26361,0.24634,0.18616,0.22778,0.22654,0.38902,0.2519,0.010812,-0.081958,0.22335,0.088877,0.15836,-0.073615,-0.010365,0.048784,-0.14306,-0.11572,0.038606,0.084758,0.4018,0.39062,0.074814,0.13038,0.28911,0.59763,0.22162,0.46307,0.53222,0.45208,0.38182,0.29275,0.32564,0.27508,0.099591,0.17207,0.2274,0.1819,0.27043,0.1148,0.24502,0.1971,0.34009,0.35408,0.025652,0.12067,0.086997,-0.036738,-0.024892,0.047888,-0.052972,0.13553,-0.14822,-0.16096,-0.049015,-0.10639,0.050184,-0.0043609,-0.080471,0.017789,-0.075076,0.38944,-0.051049,0.19986,0.0025293,0.2902,0.17868,0.51581,0.1442,0.4122,-0.1228,-0.06867,0.025992,-0.050782,0.25334,0.1287,-0.015888,-0.079947,0.39629,0.49916,0.17116,0.014315,0.21832,0.17231,0.12284,0.21468,0.084939,0.1371,0.28259,0.052985,0.14944,0.33697,0.24691,0.061416,0.18891,0.048747,0.12515,0.16133,0.041641,0.37996,0.52279,-0.056045,0.1416,0.015442,0.20659,0.038203,0.00052508,0.059543,-0.012541,0.086056,0.057669,-0.0027233,0.013298,-0.0016059,-0.013379,-0.15724,0.01177,0.046413,0.04787,0.15428,0.44514,0.30283,0.036474,0.32762,0.50462,0.35505,0.42623,0.27972,0.12506,0.37682,0.33167,0.48052,0.084052,-0.034511,-0.009486,0.21012,0.1472,0.12388,0.056977,0.21052,0.1972,0.28043,0.20412,0.044697,-0.057044,0.14861,0.29195,0.012036,0.10045,-0.0054977,0.17539,0.040988,0.13749,0.1324,-0.040266,-0.018957,0.072077,0.11872,0.11842,0.0012825,-0.023298,0.095614,0.21409,0.27914
0.091389,-0.037373,-0.086699,-0.0041506,0.070471,0.22435,0.075749,0.16049,-0.059767,-0.051439,0.11208,0.10658,0.33999,0.2032,0.13972,0.14052,0.10459,0.42912,0.049409,0.45141,0.18615,0.31311,0.42569,0.38263,0.40943,0.32466,0.070625,0.28563,0.3812,0.2079,0.015112,0.36066,0.37183,0.49768,0.25432,0.20988,0.25617,0.26123,0.22799,0.21686,0.35239,0.2125,0.26895,0.41602,0.18943,0.33322,0.14588,0.66208,0.028748,0.19589,0.22552,0.02849,0.11888,0.17663,0.27564,0.4464,0.48097,0.20364,0.090341,0.16935,0.48585,0.30235,0.49375,0.67129,1,0.29597,0.086513,0.39454,0.464,0.21093,0.2288,0.19554,0.23849,0.28654,0.1399,0.22849,0.14332,0.12912,0.35429,-0.00064388,0.18058,0.21579,0.21848,0.021599,0.074923,0.079306,0.081275,-0.19252,-0.18734,-0.077711,0.085545,0.093752,0.2944,-0.12393,-0.047769,0.13613,0.3986,0.29503,0.28419,0.098502,0.35797,0.20601,0.53573,0.28514,0.36789,-0.12817,0.087837,0.14131,0.025644,0.29595,0.13566,0.08285,0.033151,0.3658,0.57398,0.22461,0.086922,0.16917,0.077546,0.12799,0.13462,0.26369,0.087098,0.14804,0.17105,0.3148,0.25687,0.25574,-0.10295,0.16103,0.0081429,0.13126,0.16921,0.1479,0.26965,0.46097,-0.15043,0.1633,0.090035,0.22735,0.035609,-0.16682,0.18883,0.085736,0.16635,0.21742,-0.0091251,0.048278,0.10799,0.021324,-0.0084446,0.23717,0.15137,0.26986,0.32248,0.59004,0.18781,0.20621,0.15533,0.22597,0.6062,0.5631,0.56319,0.42622,0.38382,0.21004,0.48434,0.42303,0.076685,0.15005,0.4843,0.14923,0.14136,0.037238,0.10356,0.14671,0.34344,0.31509,0.20685,0.19428,0.20449,0.13726,-0.041363,0.028909,-0.013111,0.11369,0.062699,0.31857,0.28682,0.057228,0.021251,0.1893,0.11361,0.15412,-0.093588,0.12057,0.11899,0.28313,-0.0062151,0.37983,0.26507,0.22337,0.36496,0.38786,0.41891,0.39831,0.093795,0.24193,0.30369,0.3291,-0.069926,0.27351,0.12073,0.31254,0.16488,0.4065,0.35337,0.299,0.27708,0.25501,0.24792,0.36857,0.34458,0.012204,-0.13224,0.2011,0.11671,0.18669,0.010229,0.074977,0.10481,-0.1241,-0.073496,0.13263,0.021757,0.37769,0.38234,0.038668,0.14977,0.2662,0.54301,0.18322,0.34608,0.38316,0.38201,0.3559,0.27339,0.2695,0.41835,0.080366,0.2002,0.24298,0.21822,0.21919,0.080869,0.2573,0.23258,0.34532,0.34466,0.057507,0.1782,0.10361,-0.11007,0.05955,0.11609,-0.036366,0.19923,-0.19904,-0.16842,-0.087952,-0.08241,0.17902,-0.071661,-0.1263,-0.065983,-0.05047,0.38809,-0.04148,0.19762,0.015172,0.25146,0.34321,0.46268,0.2989,0.43424,-0.18156,0.01712,0.094672,-0.033991,0.26402,0.16275,-0.046323,-0.069346,0.4921,0.43999,0.25608,0.0782,0.13344,0.12273,0.10178,0.27193,0.15996,0.13149,0.22439,-0.01421,0.18358,0.38992,0.23269,0.065315,0.25249,0.085185,0.12445,0.17804,0.095656,0.3381,0.53235,-0.077248,0.20696,0.0050858,0.21456,0.019277,-0.0085916,0.037094,-0.052615,0.07653,0.014056,-0.0070215,0.01609,0.045188,-0.015025,-0.18843,0.085469,0.11849,0.0053535,0.12703,0.40795,0.34421,0.013871,0.20687,0.37614,0.39338,0.40859,0.45477,0.29564,0.40268,0.30145,0.41928,0.22584,-0.019258,0.049312,0.20581,0.1987,0.20452,0.10927,0.23797,0.18691,0.34381,0.16109,-0.052772,0.0019951,0.20542,0.33292,0.088479,0.18898,0.013396,0.218,0.011868,0.17659,0.20376,0.011415,0.01198,0.088137,0.10054,0.10428,0.032776,0.024624,0.052763,0.23386,0.40332
0.049577,0.059758,0.045481,0.083558,0.050832,0.078548,0.10738,0.10855,0.0061608,-0.0076886,0.098427,0.092743,0.20171,0.17382,0.17392,0.09664,0.088039,0.19729,0.12494,0.28949,0.27358,0.33701,0.34619,0.26071,0.30866,0.24637,0.30747,0.2987,0.21916,0.17254,0.030094,0.35045,0.07814,0.082198,0.28003,0.23442,0.31184,0.27003,0.27347,0.23364,0.17361,0.23349,0.15626,0.25125,0.072271,0.23491,0.12804,0.27748,-0.050724,0.071678,0.11937,0.029478,0.031724,0.0034739,0.27058,0.23097,0.25163,0.23499,0.26879,0.16322,0.45236,0.22658,0.21963,0.38209,0.29597,1,0.44663,0.36035,0.32524,0.39989,0.56236,0.29031,0.50769,0.42057,0.32857,0.2016,0.039756,0.10696,0.15559,-0.010491,0.023182,0.021167,0.059512,0.027157,0.062545,-0.056669,-0.013258,-0.0084023,-0.0021325,0.00092307,0.01561,0.0088443,0.10223,-0.0065785,0.0067593,-0.0040742,0.23652,0.17879,0.18869,0.097462,0.19476,0.086974,0.19853,0.072013,0.10305,-0.013247,-0.030774,-0.018907,-0.044089,0.074804,0.084652,-0.038699,0.024728,0.26754,0.37935,-0.00013623,-0.062261,0.15152,0.17741,0.29854,0.10482,0.14639,0.16882,0.28119,0.093509,0.20029,0.13419,0.056517,0.06071,0.039529,0.041676,0.079063,0.064202,0.22393,0.44167,0.41147,-0.022328,0.087337,0.046612,0.20602,-0.0040003,0.0070725,0.20619,0.1587,0.1041,0.06876,0.019927,0.085548,0.014179,0.031288,-0.021911,0.052609,0.015441,0.12784,0.21085,0.22665,0.33612,0.096629,0.19174,0.20722,0.23902,0.26519,0.11325,0.19618,0.27849,0.31327,0.27382,0.029303,0.026276,-0.04351,0.26766,0.13826,0.182,0.046718,0.21199,0.40528,0.30391,0.31493,0.1364,0.019201,0.059805,0.14894,-0.0069491,-0.0079638,-0.011141,0.074591,0.14917,0.10425,0.074292,0.027214,0.058446,0.23861,0.16299,0.24747,-0.0096988,0.0087684,0.084317,0.12267,0.016151,0.27816,0.47633,0.27428,0.33126,0.34564,0.27586,0.24912,0.23207,0.2545,0.32354,0.33516,0.056082,0.30152,0.065969,0.049469,0.23087,0.35849,0.25396,0.26004,0.23949,0.24437,0.23277,0.3602,0.20782,0.12715,0.051475,0.083353,0.12627,0.044761,-0.022481,0.017197,0.0648,-0.074913,-0.012258,0.044611,0.16165,0.2506,0.2779,0.13199,0.24593,0.24434,0.48862,0.21352,0.249,0.22061,0.33135,0.52884,0.34945,0.34886,0.29046,0.29891,0.41173,0.23579,0.36348,0.3278,0.26969,0.16827,0.090292,0.23007,0.23069,0.040218,0.059958,0.048251,0.043537,0.033606,0.049435,0.059576,0.072173,-0.014043,-0.023998,0.080586,0.018427,0.062769,0.069115,0.068674,0.095784,0.0036094,0.3168,-0.0020049,0.20682,0.086078,0.22138,0.1225,0.20761,0.10721,0.16228,0.024291,0.00057323,0.063841,0.060316,0.10942,0.041864,0.045323,-0.0073673,0.27603,0.36022,0.093168,0.035798,0.21726,0.20878,0.2722,0.16194,0.020136,0.16786,0.21574,0.077244,0.13615,0.1836,0.095002,0.040982,0.062985,-0.02464,0.039372,0.095621,0.10013,0.41404,0.41194,0.034462,0.071637,0.047589,0.14287,0.054057,0.077903,0.12108,0.10387,0.058508,0.067507,0.060239,0.13069,0.101,0.0831,0.0045047,0.087146,0.088028,0.10331,0.15689,0.26493,0.32733,0.15883,0.35196,0.18972,0.20589,0.21137,0.16032,0.13373,0.27543,0.29047,0.20629,0.045661,0.06678,0.029296,0.26665,0.16175,0.13004,0.057204,0.26116,0.37113,0.27667,0.27335,0.14367,0.032771,0.052936,0.22745,0.0066875,0.065413,0.032934,0.11735,0.13109,0.060282,0.12956,0.033734,0.06418,0.1138,0.11276,0.19575,0.099783,0.017849,0.11385,0.11702,0.0935
0.026767,0.062614,0.1111,0.10998,0.019254,0.02654,0.09416,0.074683,0.029039,-0.003574,0.090441,0.053188,0.16855,0.22075,0.22337,0.086643,0.059764,0.048666,0.15966,0.22737,0.36641,0.41947,0.29902,0.23534,0.38039,0.23217,0.37298,0.25026,0.32746,0.4414,0.061141,0.39757,0.00022017,-0.10884,0.5108,0.57509,0.36485,0.47905,0.45532,0.38933,0.19951,0.32705,0.050973,0.11608,0.086341,0.20891,0.068629,0.094642,-0.05813,0.0050473,0.0174,0.019193,0.021046,-0.074508,0.22594,0.02565,0.03974,0.15434,0.23982,0.06708,0.064743,0.15651,0.028784,0.1215,0.086513,0.44663,1,0.46744,0.54693,0.34195,0.33417,0.26697,0.29652,0.17974,0.35054,0.068137,0.029516,0.085395,0.0049378,0.036883,-0.059686,-0.10693,0.02073,0.1235,0.042778,-0.12246,-0.06399,-0.01233,0.039762,0.043812,0.05787,-0.045658,-0.04176,-0.02523,0.026082,-0.067542,0.21803,0.22285,0.27416,0.087389,0.1611,0.062711,-0.054831,-0.024894,-0.048895,-0.043615,0.0042737,-0.030231,-0.13566,-0.050381,-0.017959,-0.078103,-0.019293,0.37369,0.22596,-0.040348,-0.055455,0.079998,0.12771,0.16857,0.1027,0.084949,0.12386,0.062049,0.053325,0.15108,0.059307,-0.0064705,0.14477,-0.021943,0.060448,0.0059538,-0.041279,0.099351,0.45979,0.48318,0.067735,0.089141,0.042135,0.17861,0.051982,0.12087,0.13152,0.14448,0.041345,-0.0088048,0.054353,0.0046254,-0.12844,0.05141,0.010853,0.0049608,0.017098,0.061353,0.20138,0.098821,0.60382,-0.018313,0.13468,0.26542,0.12581,0.22379,0.0052928,0.15995,0.4309,0.16535,0.085348,-0.14463,0.0076704,-0.12569,0.29306,0.11172,0.18352,0.082417,0.38616,0.5377,0.51947,0.45255,0.10579,-0.063551,0.022495,0.12755,0.057735,0.040761,-0.01507,0.015322,0.14268,-0.006205,-0.10409,-0.023434,0.058819,0.1646,0.1116,0.26319,0.033249,-0.051705,0.033355,0.0025699,0.090264,0.26823,0.22215,0.38942,0.31568,0.34089,0.27453,0.23961,0.30429,0.23077,0.38005,0.27242,0.13473,0.38099,0.069932,-0.11486,0.45315,0.53541,0.27715,0.37643,0.36567,0.37561,0.30282,0.26587,0.14014,0.22732,0.21675,-0.049312,0.12245,-0.049455,0.018824,-0.0069267,0.049348,0.065856,0.034784,0.017442,0.20742,0.05761,0.13874,0.16737,0.23831,0.083657,0.14893,0.20133,0.00038165,-0.037164,0.36331,0.26723,0.46334,0.47517,0.40079,0.24978,0.23789,0.23153,0.16735,0.14764,0.20309,0.064878,0.0022522,0.068097,0.095965,0.039305,0.0063527,0.014634,0.095131,0.086189,0.014328,0.11914,-0.046913,0.087673,0.17367,0.16585,0.10721,0.0011472,0.14575,0.16452,0.068235,0.064258,0.10585,-0.028048,0.13707,0.071411,0.049145,-0.013407,-0.16582,0.033942,-0.027239,0.12692,0.0031994,0.036941,0.095409,-0.02458,0.01747,0.034115,0.048478,0.25056,0.1414,0.027648,0.033071,0.10348,0.11403,0.13081,0.085938,0.015621,0.17651,0.034421,0.07147,0.11085,0.022611,-0.013726,0.028039,-0.064036,-0.071598,-0.057816,0.0014552,0.0061853,0.19677,0.25109,0.11536,0.01248,0.088075,0.048073,0.083168,0.14617,0.086929,0.19493,0.07313,0.046472,0.12,0.19784,0.13156,0.1818,0.1884,0.0517,0.076825,0.14901,0.090984,0.062347,0.39608,0.2671,0.20646,-0.056586,0.12841,0.15319,0.01313,0.0097101,0.2816,0.040049,-0.12302,-0.022354,0.13614,0.059826,0.37566,0.12602,0.068298,-0.032422,0.38559,0.546,0.39112,0.37155,0.23162,0.058219,-0.04002,0.20469,-0.027662,0.00049495,0.068515,0.073715,0.17842,-0.030512,0.021605,0.039975,0.14378,0.14414,0.13567,0.1985,0.13378,0.012967,0.13336,0.058416,0.029885
0.10157,0.020274,0.09834,0.10383,0.11955,0.14448,0.16595,0.1972,-0.012517,-0.0024779,0.12491,0.11421,0.33653,0.23052,0.25814,0.16492,0.11256,0.23422,0.089283,0.50494,0.46425,0.59001,0.5339,0.38388,0.56129,0.42358,0.38816,0.42121,0.47748,0.42036,0.11797,0.63472,0.11986,0.066474,0.62544,0.54045,0.44704,0.61309,0.55254,0.49469,0.3599,0.46209,0.22572,0.34062,0.22058,0.34126,0.22515,0.35753,-0.064692,0.10523,0.12221,0.023881,0.075031,-0.0035754,0.39718,0.30269,0.29482,0.22361,0.26835,0.14272,0.22703,0.28706,0.23153,0.41426,0.39454,0.36035,0.46744,1,0.60478,0.39377,0.32858,0.39779,0.26302,0.28159,0.28627,0.15171,0.10346,0.090499,0.20125,0.0071286,0.060538,0.075029,0.17124,0.12874,0.19372,-0.059529,-0.038792,-0.0084141,-0.0074917,0.00756,0.074418,0.082544,0.15941,-0.051427,0.054988,0.029043,0.33136,0.35304,0.35402,0.18667,0.2348,0.13567,0.17407,0.11972,0.15095,-0.043082,0.02207,-0.0084607,-0.17049,0.1943,0.12722,-0.053036,0.064535,0.27502,0.41557,0.069702,-0.0060905,0.18608,0.16404,0.18312,0.21588,0.17277,0.24729,0.13267,0.15644,0.3028,0.18308,0.084972,0.10673,0.10345,0.070739,0.025924,0.036741,0.12193,0.29918,0.40613,0.028707,0.164,0.057675,0.37358,0.031535,0.0059337,0.24899,0.2237,0.18523,0.17476,-0.01171,0.10372,-0.044841,0.029881,-0.011088,0.079216,0.041114,0.20264,0.32839,0.27397,0.47177,0.1643,0.13965,0.39816,0.47234,0.53112,0.20648,0.17897,0.53162,0.15146,0.25846,0.076455,0.050797,-0.068736,0.53375,0.22897,0.29059,0.11682,0.43097,0.40138,0.63725,0.67189,0.19998,-0.0044423,0.073636,0.12185,0.012771,0.11042,-0.0085937,0.088334,0.18668,0.22856,0.084259,0.059591,0.063013,0.25431,0.2172,0.39436,-0.075059,0.039152,0.14156,0.14804,0.10244,0.51595,0.11448,0.53369,0.56461,0.55581,0.50184,0.4737,0.37573,0.37204,0.45535,0.33129,0.12454,0.57664,0.08388,0.0026467,0.51179,0.563,0.44613,0.56625,0.47958,0.49264,0.33842,0.27668,0.31649,0.19213,0.14325,0.10695,0.22211,-0.020698,-0.027336,0.054717,0.087016,-0.032262,0.01159,0.1086,0.24183,0.21773,0.34148,0.17104,0.25661,0.19991,0.23457,0.21583,0.09083,0.15443,0.4303,0.20592,0.41168,0.48166,0.46498,0.23831,0.2106,0.40448,0.15025,0.18649,0.14113,0.12457,0.11505,0.25934,0.3055,0.10403,0.14786,0.056581,0.1101,0.1511,0.10922,0.065485,0.090471,0.009175,0.062883,0.16093,0.041922,0.095785,0.10726,0.1126,0.087743,0.075159,0.22388,0.034006,0.21428,0.10534,0.195,0.15719,0.050142,0.15538,0.21248,0.0093534,0.0065516,0.040209,0.10803,0.16223,0.15029,-0.020231,0.030272,0.40516,0.21248,0.19304,0.051487,0.2032,0.2541,0.1364,0.21161,0.094363,0.19957,0.0848,0.041251,0.26248,0.22005,0.18362,0.035598,0.13716,0.03492,0.030484,0.10765,0.027797,0.1604,0.32673,0.10284,0.18181,0.080345,0.26102,0.10398,0.1538,0.14097,0.1803,0.17976,0.083187,0.15501,0.22375,0.13642,0.17132,0.050688,0.081282,0.096562,0.13088,0.098659,0.14723,0.42969,0.28161,0.22361,0.071556,0.41654,0.44917,0.17506,0.1031,0.4193,0.14817,0.04864,0.10762,0.10939,0.071775,0.51573,0.22882,0.24033,0.077865,0.4676,0.39945,0.56371,0.42077,0.18931,0.036321,0.10035,0.32627,0.039134,0.14653,0.15526,0.13192,0.18925,0.11415,0.11763,0.090555,0.13053,0.22621,0.23217,0.30682,0.15463,-0.030899,0.24473,0.20944,0.23889
0.077517,0.049191,0.035331,0.069279,0.04369,0.10091,0.084083,0.13611,-0.02351,-0.034493,0.09361,0.085433,0.26688,0.26398,0.23278,0.1552,0.048688,0.20258,0.11445,0.40206,0.3793,0.51471,0.44979,0.38507,0.53762,0.39195,0.34024,0.3169,0.55162,0.5736,0.10933,0.5411,0.1146,0.09607,0.5995,0.67373,0.46009,0.60579,0.53931,0.46235,0.36016,0.39336,0.12686,0.30506,0.10995,0.33308,0.097652,0.36523,-0.065024,0.056206,0.049988,-0.040959,0.050649,-0.060082,0.2876,0.19553,0.20778,0.14859,0.18737,0.090748,0.14283,0.26329,0.24307,0.36539,0.464,0.32524,0.54693,0.60478,1,0.34473,0.23563,0.31653,0.21699,0.18699,0.31676,0.10783,0.10897,0.13559,0.15415,-0.040252,-0.0042217,0.036042,0.047618,0.072773,0.064944,-0.091046,-0.055611,-0.17522,-0.075328,-0.056041,0.063824,-0.0070351,0.1075,-0.083733,-0.019336,0.021981,0.42539,0.44715,0.48983,0.21635,0.40813,0.20014,0.16991,0.14551,0.10427,-0.095474,0.025263,0.024119,-0.14784,0.064815,0.052027,-0.046002,-0.027152,0.55003,0.46013,0.14705,-0.043309,0.13581,0.15385,0.12153,0.12447,0.19466,0.096275,0.049051,0.083061,0.22591,0.18785,0.14524,0.080737,0.069652,0.058988,0.086098,0.050904,0.12397,0.39177,0.61964,-0.007473,0.14661,0.062696,0.25561,0.053462,0.031384,0.16868,0.17124,0.13313,0.10707,0.10014,0.043346,-0.093567,0.0013321,-0.028758,0.17924,0.084891,0.16572,0.31209,0.39565,0.56213,0.12961,0.19451,0.3797,0.40989,0.54978,0.31541,0.36824,0.69337,0.15567,0.31067,0.056968,-0.00556,-0.059685,0.49766,0.16279,0.21982,0.088872,0.37676,0.44691,0.65739,0.58889,0.17517,-0.063301,0.11822,0.17434,-0.0063874,0.034739,-0.0025526,0.050475,0.13162,0.18501,0.020328,0.07742,0.059272,0.17386,0.08257,0.30371,0.0013374,-0.02267,0.071083,0.14656,0.049306,0.42499,0.14329,0.48187,0.4613,0.48138,0.4748,0.39204,0.30616,0.30087,0.51946,0.35043,0.079159,0.48255,0.0674,-0.041927,0.49241,0.68378,0.40375,0.51144,0.47099,0.45865,0.4065,0.34189,0.24758,0.20321,0.11849,0.072181,0.17745,0.0496,-0.050364,-0.022697,0.018879,-0.038764,-0.05382,0.012043,0.17571,0.19132,0.27555,0.094687,0.24216,0.13969,0.23342,0.22774,0.10504,0.11324,0.52257,0.19262,0.50918,0.50649,0.58419,0.22997,0.17255,0.32495,0.090861,0.15511,0.12394,0.12597,0.10127,0.17734,0.22848,-0.03161,-0.037671,0.06201,-0.019392,0.052814,0.033428,0.015639,-0.022139,-0.074281,0.05682,0.040637,0.029761,0.074034,0.12309,0.076944,0.032456,0.066122,0.19453,0.00054539,0.25363,0.10863,0.1791,0.15604,0.021523,0.15579,0.089424,-0.016732,-0.035356,0.040624,0.02506,0.072737,0.095584,0.00045894,-0.015888,0.46125,0.31244,0.14087,0.066177,0.14422,0.12693,0.092135,0.21529,0.09334,0.21625,0.11741,0.041606,0.19443,0.16839,0.050779,0.063142,0.024194,-0.051605,-0.023932,0.05867,-0.0034262,0.21443,0.40794,0.044415,0.081686,0.021922,0.13647,0.10179,0.15064,0.059478,0.19641,0.062878,0.067725,0.089343,0.18839,0.10734,0.15235,0.035648,0.075787,0.098839,0.076781,0.14458,0.23251,0.54464,0.23718,0.17546,0.10868,0.31735,0.36469,0.22189,0.14057,0.48866,0.084134,0.029337,0.055477,0.094007,0.0091872,0.4339,0.18768,0.16661,-1.8925e-05,0.41857,0.47612,0.54177,0.39182,0.13557,-0.020615,0.019946,0.28969,-0.018587,0.086639,0.063319,0.14566,0.16927,0.034094,0.037423,0.076497,0.10088,0.12168,0.13257,0.24214,0.096678,0.0098081,0.13866,0.090922,0.13657
0.1135,0.11441,0.14072,0.13866,0.097146,0.15716,0.11048,0.114,0.0036092,-0.0030438,0.054703,0.05423,0.44829,0.29185,0.30593,0.16969,0.16305,0.090463,0.16621,0.51748,0.53259,0.51697,0.57322,0.42922,0.5417,0.38076,0.81315,0.8019,0.41162,0.29354,0.15764,0.48574,0.086773,-0.097658,0.35453,0.25172,0.48451,0.37789,0.45296,0.48709,0.41327,0.46048,0.33081,0.30848,0.21243,0.31086,0.29016,0.27974,-0.082076,0.21589,0.10619,0.10884,0.062853,-0.042742,0.67273,0.29662,0.23256,0.44087,0.4932,0.33406,0.38138,0.29156,0.14022,0.25351,0.21093,0.39989,0.34195,0.39377,0.34473,1,0.71998,0.78181,0.65632,0.4837,0.53041,0.18928,0.048225,0.10281,0.15411,-0.024065,-0.016292,0.070043,0.10022,0.089731,0.18534,-0.029299,0.039468,0.11201,0.092793,0.022896,0.0047957,0.051954,0.16232,0.084579,0.083261,0.0020259,0.25877,0.26025,0.37947,0.23241,0.18011,0.071232,0.047121,0.053178,0.03093,0.0093687,0.0088333,-0.10628,-0.17369,0.052319,0.17588,-0.04799,0.0719,0.13468,0.37628,0.039356,-0.082263,0.32142,0.516,0.51033,0.32904,0.27376,0.40386,0.36227,0.28896,0.45677,0.083535,-0.0094381,0.17951,0.0057426,0.03359,0.061032,0.053642,0.37967,0.48597,0.39853,-0.005841,0.12464,0.075644,0.39239,0.034785,0.089872,0.47225,0.42493,0.13475,0.16729,0.11379,0.28795,0.038799,0.097013,0.095224,0.069916,0.065423,0.2655,0.35087,0.22708,0.46164,0.21608,0.21543,0.42159,0.36438,0.43472,0.046096,0.15791,0.41611,0.35921,0.18634,-0.069541,0.16991,-0.066693,0.27727,0.18794,0.22241,0.10601,0.51305,0.41752,0.47721,0.46408,0.2005,-0.023054,0.072583,0.107,0.055471,0.12711,-0.010326,0.20049,0.39137,0.14381,-0.039588,0.03203,0.065987,0.4237,0.33061,0.57728,0.10571,-0.010179,0.13475,0.076481,0.029894,0.5265,0.27552,0.46307,0.58769,0.5491,0.54413,0.52747,0.72587,0.74124,0.46562,0.39344,0.31567,0.40322,0.025009,-0.084897,0.29711,0.2775,0.53709,0.39169,0.33874,0.56245,0.39128,0.23186,0.43953,0.32672,0.28989,0.11214,0.43798,-0.050703,-0.018496,0.13816,0.081962,0.0068494,0.027852,0.11024,0.41506,0.22312,0.29872,0.32165,0.53012,0.41933,0.25628,0.41897,0.17065,0.077034,0.24351,0.32791,0.35709,0.28041,0.26173,0.71749,0.58795,0.70656,0.457,0.48864,0.37761,0.22089,0.15998,0.29136,0.30427,0.13587,0.17599,0.10951,0.16774,0.16018,0.11822,0.19183,0.13211,0.1495,0.1273,0.17933,0.039889,0.05134,0.32218,0.36302,0.28618,0.13048,0.34914,0.12359,0.35282,0.233,0.35042,0.16269,0.018934,0.078931,0.12461,0.1453,0.11298,0.054695,0.12071,0.048356,0.17519,0.011652,0.074487,0.37272,0.26455,0.22774,0.045325,0.506,0.6379,0.39318,0.43618,0.10931,0.35189,0.36554,0.14359,0.40593,0.21784,0.16054,0.080572,0.10707,-0.011922,0.038028,0.20198,0.17143,0.39414,0.38683,0.13704,0.16559,0.13689,0.23122,0.18269,0.18604,0.25737,0.50586,0.22713,0.090858,0.36935,0.51157,0.3035,0.34205,0.126,0.16542,0.14603,0.20477,0.15868,0.19959,0.42018,0.52916,0.40994,0.087888,0.3527,0.37226,0.063669,0.04677,0.35174,0.31011,0.13821,0.11106,0.28237,0.13728,0.29376,0.26394,0.20702,0.11558,0.55989,0.40857,0.46475,0.29442,0.24361,0.09556,0.11427,0.41982,-0.003813,0.1371,0.082083,0.20707,0.34914,0.13699,0.012789,0.18094,0.17546,0.27053,0.31059,0.55649,0.31911,-0.0017499,0.31678,0.1394,0.2042
0.11709,0.082529,0.14386,0.13321,0.11512,0.14528,0.16465,0.14439,0.02433,0.01469,0.12177,0.11965,0.38759,0.22639,0.24489,0.15924,0.12767,0.21464,0.18278,0.47997,0.42855,0.4193,0.51616,0.38922,0.44222,0.33011,0.56769,0.60477,0.27585,0.17395,0.037217,0.40322,0.15029,0.046433,0.26771,0.16042,0.38522,0.29985,0.35812,0.34616,0.34145,0.33501,0.29909,0.24206,0.17737,0.2748,0.24576,0.2856,-0.017834,0.22259,0.16286,0.1225,0.1085,0.073991,0.5134,0.29235,0.22116,0.38401,0.43099,0.28954,0.47851,0.31607,0.12531,0.2438,0.2288,0.56236,0.33417,0.32858,0.23563,0.71998,1,0.55949,0.74678,0.49428,0.47916,0.21517,0.034371,0.06776,0.18017,0.0004473,0.042521,0.093218,0.14947,0.090739,0.18513,0.024944,0.073498,0.11493,0.083141,0.046512,0.055359,0.069492,0.14921,0.035177,0.10209,0.083287,0.23173,0.17573,0.24788,0.178,0.11856,0.086872,0.086943,0.087365,0.077406,0.04371,0.025418,-0.035964,-0.07014,0.13014,0.18318,-0.014334,0.094048,0.095352,0.33238,0.053418,-0.067742,0.28314,0.3711,0.51839,0.26824,0.24157,0.34754,0.40219,0.23119,0.35628,0.088647,-0.004773,0.10698,0.030927,0.040557,0.080995,0.05329,0.3889,0.52746,0.33539,-0.042525,0.12679,0.087542,0.32145,0.019521,0.0048352,0.37388,0.31675,0.13147,0.15573,0.058009,0.20706,0.11534,0.11221,0.11671,0.12782,0.092905,0.26991,0.30909,0.14606,0.35931,0.21738,0.21715,0.32863,0.33322,0.28948,0.079346,0.19683,0.29692,0.36127,0.16987,0.034737,0.18288,0.02887,0.25163,0.20398,0.22112,0.059387,0.37056,0.4114,0.35207,0.35805,0.17656,0.074403,0.064534,0.16057,0.027229,0.11783,-0.0050441,0.17162,0.30953,0.14344,0.083175,0.066991,0.072639,0.38401,0.29891,0.41944,0.063694,0.046752,0.16222,0.10187,0.027523,0.44716,0.41892,0.34354,0.49026,0.46662,0.4555,0.4335,0.49073,0.55844,0.37008,0.38063,0.18416,0.31885,0.097067,0.060104,0.19051,0.22431,0.41711,0.32079,0.2892,0.41133,0.33334,0.25132,0.40247,0.21816,0.13573,0.12776,0.32634,-0.0026384,0.04553,0.15361,0.13286,0.0052797,0.063697,0.17278,0.30177,0.24733,0.27994,0.26465,0.44272,0.35343,0.38429,0.34343,0.17466,0.11774,0.19975,0.5123,0.31199,0.27555,0.24926,0.60273,0.66804,0.4938,0.57867,0.4683,0.4053,0.22865,0.14634,0.28984,0.26954,0.15078,0.19903,0.075146,0.12701,0.16126,0.14304,0.1798,0.16451,0.1043,0.051839,0.17686,0.055371,0.12325,0.169,0.2263,0.22062,0.10111,0.36675,0.096664,0.2812,0.17412,0.29022,0.2032,0.12714,0.11854,0.17187,0.097012,0.12706,0.12259,0.13835,0.12259,0.15393,0.039139,0.063856,0.33364,0.28418,0.20083,0.042345,0.40898,0.48731,0.42447,0.34656,0.11388,0.2415,0.33623,0.085762,0.30545,0.24134,0.15886,0.06527,0.15296,-0.00072974,0.059519,0.18714,0.21287,0.42317,0.40349,0.084901,0.22049,0.13302,0.23032,0.11954,0.14719,0.22092,0.30333,0.17938,0.078338,0.2647,0.32911,0.27634,0.26796,0.088666,0.19491,0.13961,0.14675,0.14397,0.1774,0.34834,0.33389,0.4032,0.054785,0.311,0.29276,0.146,0.1511,0.28196,0.36696,0.14851,0.15652,0.22564,0.16881,0.23126,0.22649,0.20553,0.14625,0.42732,0.37493,0.37289,0.22495,0.16875,0.15817,0.15996,0.35889,0.065867,0.13133,0.09143,0.20011,0.22542,0.14532,0.12402,0.12791,0.14395,0.20587,0.22701,0.39123,0.26457,0.038083,0.24192,0.13259,0.20136
0.13702,0.090057,0.15828,0.14463,0.12934,0.14704,0.16419,0.17743,0.012666,-0.025032,0.11148,0.14028,0.46346,0.30302,0.33507,0.18865,0.19908,0.12868,0.19403,0.52407,0.52608,0.50201,0.55484,0.42764,0.5536,0.39481,0.78646,0.83883,0.38968,0.26424,0.22095,0.49697,0.083701,-0.076181,0.38522,0.27553,0.42999,0.41637,0.44467,0.50355,0.44125,0.44884,0.38647,0.31329,0.24793,0.29298,0.32296,0.24008,-0.11037,0.17892,0.16159,0.078598,0.055166,-0.055416,0.69563,0.33326,0.25975,0.40366,0.47285,0.32042,0.29712,0.29958,0.15228,0.23142,0.19554,0.29031,0.26697,0.39779,0.31653,0.78181,0.55949,1,0.48601,0.42043,0.40915,0.1833,0.062767,0.094787,0.16676,-0.0070049,0.035505,0.09625,0.14633,0.10338,0.25002,-0.024875,-0.015503,0.13059,0.094913,0.022591,0.016666,0.11856,0.20794,0.108,0.12681,0.022211,0.26565,0.26292,0.34035,0.23584,0.15069,0.05387,0.055991,0.061371,0.07545,0.051782,0.020452,-0.104,-0.1825,0.12438,0.19704,-0.023177,0.11305,0.099735,0.31282,0.026485,-0.054282,0.35381,0.52244,0.41069,0.34367,0.25185,0.44605,0.3146,0.30923,0.47907,0.098218,0.018598,0.1801,0.061104,0.0051378,0.055483,0.030314,0.32696,0.34742,0.27101,-0.0078402,0.12821,0.063773,0.34783,-0.0063542,0.083013,0.50956,0.45435,0.17847,0.15048,0.080003,0.32392,0.051838,0.068833,0.052682,0.065264,0.039077,0.25778,0.3448,0.17279,0.39299,0.25696,0.14306,0.3833,0.37707,0.42316,0.075607,0.070806,0.38263,0.26418,0.17484,-0.0095884,0.13979,-0.095359,0.27644,0.23262,0.21831,0.10032,0.47294,0.32266,0.46852,0.48695,0.19902,-0.0024196,0.068404,0.095788,0.045585,0.17945,0.010064,0.2083,0.3821,0.19949,0.0090097,0.062307,0.057795,0.44169,0.42199,0.58303,0.028444,0.034255,0.15873,0.10879,0.095403,0.52783,0.11972,0.44836,0.58335,0.55646,0.54104,0.50143,0.74922,0.78628,0.41773,0.32569,0.34085,0.42795,0.012486,-0.072425,0.30316,0.26697,0.51465,0.42784,0.36984,0.54821,0.35429,0.15754,0.49303,0.33698,0.31611,0.084427,0.43918,-0.060215,-0.062683,0.082877,0.12599,-0.052328,0.029639,0.1151,0.45606,0.21811,0.33408,0.32215,0.4396,0.41388,0.13503,0.3604,0.14142,0.040719,0.20756,0.17443,0.27454,0.24202,0.23563,0.597,0.42968,0.79691,0.34746,0.38297,0.31035,0.23109,0.16964,0.34463,0.32867,0.17849,0.22709,0.12778,0.18208,0.1818,0.1577,0.18595,0.11554,0.1552,0.16219,0.21285,0.039481,0.083587,0.31336,0.37434,0.29878,0.16838,0.29322,0.16382,0.29798,0.19561,0.32198,0.16662,0.0040572,0.10021,0.18798,0.14192,0.11144,0.054278,0.15124,0.10947,0.22279,-0.01519,0.099809,0.34654,0.1704,0.2441,0.069637,0.51089,0.6526,0.36448,0.43114,0.14039,0.34788,0.2945,0.16134,0.42741,0.244,0.22183,0.082962,0.17013,0.036965,0.027869,0.22404,0.13094,0.26232,0.29714,0.12404,0.19415,0.13725,0.25376,0.1729,0.15802,0.30809,0.45961,0.24735,0.11271,0.35439,0.52135,0.2888,0.30915,0.1057,0.16497,0.15935,0.20345,0.1218,0.13306,0.38331,0.52409,0.32928,0.064054,0.3264,0.37487,0.059587,0.035888,0.31558,0.24849,0.082648,0.1365,0.2592,0.1099,0.30178,0.26435,0.24529,0.144,0.53026,0.33583,0.45211,0.25707,0.22976,0.114,0.12332,0.36941,0.030845,0.17986,0.14605,0.20897,0.37379,0.18017,0.054812,0.20277,0.17667,0.33585,0.37859,0.58443,0.30245,-0.029099,0.34332,0.19741,0.25853
0.13145,0.071734,0.079982,0.10303,0.11924,0.18045,0.10633,0.13777,-0.01268,0.017629,0.1172,0.097727,0.3547,0.18067,0.16518,0.15228,0.1267,0.18693,0.13644,0.41158,0.38201,0.35082,0.42736,0.34744,0.38848,0.26431,0.50794,0.5417,0.22305,0.13044,-0.0075348,0.33317,0.13945,0.041111,0.21659,0.11816,0.32606,0.2498,0.30282,0.28914,0.30893,0.2782,0.26283,0.17619,0.17978,0.2275,0.19921,0.2476,-0.033746,0.19685,0.10314,0.10638,0.087274,0.071454,0.47185,0.26955,0.20769,0.37837,0.36581,0.27151,0.44371,0.28559,0.09135,0.20909,0.23849,0.50769,0.29652,0.26302,0.21699,0.65632,0.74678,0.48601,1,0.47819,0.46114,0.18373,0.024334,0.052949,0.19942,-0.0059397,0.062211,0.10873,0.12544,0.044908,0.13419,0.019488,0.058832,0.097049,0.041516,0.028967,0.059137,0.016127,0.14593,0.036611,0.10786,0.090605,0.18934,0.15998,0.22497,0.1395,0.12295,0.0583,0.08317,0.084313,0.08139,0.020945,0.046793,-0.013326,-0.064261,0.11114,0.16916,0.010269,0.10067,0.078683,0.33375,0.050408,-0.086328,0.23609,0.32262,0.47106,0.22474,0.20602,0.27331,0.36875,0.1996,0.31825,0.081888,0.044239,0.058629,0.016177,0.016994,0.095802,0.10481,0.39981,0.4818,0.31767,-0.067418,0.11786,0.095635,0.27373,0.021204,-0.025477,0.33102,0.27763,0.077699,0.1632,0.05032,0.17798,0.11583,0.11474,0.15285,0.11476,0.1207,0.26319,0.31621,0.15892,0.3317,0.20175,0.20591,0.29463,0.29537,0.26285,0.059656,0.19472,0.25808,0.31191,0.14477,0.013098,0.16136,0.023322,0.23397,0.16191,0.16454,0.022452,0.3285,0.38803,0.31237,0.28876,0.15938,0.055626,0.032676,0.15151,0.0080354,0.080606,-0.0078669,0.10928,0.27354,0.14526,0.066794,0.0609,0.052339,0.31265,0.22419,0.36747,0.082468,0.036472,0.12869,0.15129,-0.043989,0.35064,0.40278,0.2804,0.39787,0.37101,0.40226,0.3838,0.42828,0.50416,0.31183,0.35459,0.14957,0.24337,0.023819,0.049306,0.14915,0.20008,0.40849,0.26585,0.22983,0.35289,0.29089,0.28618,0.37543,0.17364,0.1017,0.14459,0.3121,0.011644,0.048188,0.14283,0.078565,-0.011115,0.01532,0.17676,0.2325,0.22925,0.24174,0.21404,0.41856,0.35051,0.38195,0.29218,0.17025,0.11475,0.17682,0.48557,0.31721,0.20697,0.21437,0.56026,0.62992,0.43485,0.57406,0.44287,0.3615,0.21487,0.11221,0.24708,0.24223,0.11862,0.15324,0.030187,0.057143,0.13295,0.13516,0.15868,0.16705,0.072996,0.021784,0.12047,0.029662,0.099608,0.1579,0.20381,0.20494,0.087824,0.33617,0.070505,0.27237,0.15789,0.28473,0.17629,0.13717,0.093935,0.15705,0.067038,0.131,0.1096,0.099018,0.085735,0.13856,0.030533,0.070741,0.31372,0.28563,0.2015,0.023015,0.34447,0.42264,0.37425,0.32602,0.06957,0.20243,0.29901,0.055452,0.29101,0.22667,0.13675,0.061378,0.15409,0.032267,0.064577,0.20317,0.24155,0.39878,0.37983,0.044322,0.19857,0.092996,0.17673,0.10504,0.14821,0.17192,0.30283,0.14922,0.072477,0.25496,0.30198,0.26674,0.24742,0.055085,0.16746,0.12959,0.10914,0.12103,0.18863,0.32156,0.30928,0.33755,0.043901,0.25499,0.24667,0.14719,0.13625,0.26273,0.34406,0.15361,0.11291,0.2077,0.15413,0.16594,0.18472,0.2054,0.1434,0.39464,0.33936,0.31809,0.20177,0.099937,0.12962,0.15429,0.34424,0.049841,0.15192,0.060596,0.21121,0.17856,0.14009,0.073807,0.10655,0.1027,0.14295,0.14303,0.35955,0.24299,0.037602,0.1967,0.11282,0.17859
0.13113,0.036506,0.11451,0.10802,0.14237,0.15845,0.16043,0.15672,0.0028976,0.05001,0.15063,0.1385,0.37038,0.16188,0.19612,0.10124,0.16819,0.13757,0.058283,0.31896,0.34746,0.3111,0.35504,0.25651,0.31421,0.2526,0.42707,0.48011,0.16613,0.038286,0.061636,0.30674,0.044158,-0.0037786,0.19134,0.088992,0.2381,0.18825,0.2094,0.26261,0.21654,0.25793,0.28824,0.27696,0.1674,0.13956,0.22182,0.2417,-0.16315,0.082884,0.083252,0.044863,0.015315,-0.050567,0.48637,0.44038,0.31198,0.35843,0.40737,0.36938,0.50457,0.29213,0.22163,0.34977,0.28654,0.42057,0.17974,0.28159,0.18699,0.4837,0.49427,0.42043,0.47819,1,0.23767,0.21831,0.065984,0.0080144,0.20237,0.013847,0.074523,0.050544,0.14143,0.0018471,0.19318,-0.14532,-0.14161,0.045571,-0.081996,-0.10989,-0.067756,-0.020061,0.19742,0.036813,0.018947,-0.00014373,0.22168,0.10932,0.16212,0.054011,0.10367,0.010485,0.18333,0.11894,0.098197,-0.13241,-0.030875,-0.12455,-0.21725,0.18071,0.20588,-0.059516,0.046687,0.039933,0.41771,-0.10561,-0.1538,0.27178,0.20343,0.3876,0.2325,0.15843,0.32381,0.39174,0.2532,0.34722,0.19016,0.049908,0.034439,0.040766,-0.051886,0.070773,0.013509,0.28353,0.35293,0.22436,-0.072177,0.082366,0.052369,0.19772,-0.067073,-0.032685,0.3781,0.26613,0.18124,0.15005,-0.051915,0.11868,-0.078895,0.026232,-0.059132,-0.072991,-0.0074752,0.23061,0.26115,0.20451,0.20991,0.09873,0.018361,0.16407,0.28282,0.26126,0.040147,0.0046691,0.14943,0.24871,0.25647,-0.078561,-0.046916,-0.16144,0.21003,0.1764,0.16626,0.026706,0.25351,0.23788,0.24406,0.28609,0.14336,-0.039377,-0.070964,0.086935,0.00098137,0.1305,0.030577,0.1319,0.22627,0.23087,0.020709,-0.0023384,0.056193,0.27099,0.3148,0.3915,-0.15341,-0.02409,0.136,0.10619,0.04149,0.28524,0.31462,0.20307,0.34834,0.31556,0.28543,0.3282,0.38169,0.42295,0.20343,0.2807,0.20367,0.25339,-0.03575,-0.025246,0.12921,0.17551,0.35161,0.24574,0.16082,0.24661,0.090642,0.25129,0.33933,0.12655,0.15823,0.06761,0.22855,-0.053504,-0.086082,0.010826,0.087009,-0.13215,-0.028454,0.10747,0.24084,0.31392,0.26561,0.25841,0.28298,0.40146,0.41017,0.20341,0.27965,0.22204,0.14431,0.37194,0.2001,0.19376,0.10166,0.31513,0.35646,0.41225,0.38422,0.43035,0.25298,0.15834,0.13244,0.34674,0.32789,0.13083,0.17338,0.031514,0.06397,0.072807,0.13046,0.047548,0.096136,0.018182,-0.0061653,0.10849,-0.055072,0.0071653,0.11718,0.17107,0.18168,0.025525,0.33786,0.063221,0.23192,0.080618,0.25685,0.11742,0.209,0.057174,0.25807,-0.041297,0.054165,-0.0268,0.045682,0.15679,0.11621,-0.077236,0.03935,0.23608,0.24225,0.21621,0.0035092,0.28648,0.33708,0.34247,0.2047,0.087312,0.14665,0.27891,0.062786,0.33824,0.26537,0.25903,0.06335,0.22551,0.041763,0.073419,0.20029,0.11085,0.30285,0.34044,0.080675,0.18694,0.13316,0.18605,0.055955,0.054719,0.26116,0.19543,0.20229,0.077849,0.24081,0.26262,0.097466,0.15379,-0.048931,0.049663,0.062822,0.11258,0.055303,0.20926,0.17623,0.29645,0.37854,0.16848,0.21145,0.22752,0.051499,0.013745,0.20838,0.31412,0.22328,-0.0035797,0.042791,0.025109,0.20124,0.14991,0.22421,0.15817,0.29881,0.2721,0.19594,0.21689,0.077079,0.09155,0.098726,0.28413,0.048431,0.15136,0.090957,0.17845,0.12392,0.11146,0.052913,0.043873,0.10506,0.21116,0.25822,0.36467,0.20274,-0.045094,0.24382,0.20743,0.20813
0.040709,0.088173,0.051154,0.076422,0.035142,0.070566,0.054487,0.096489,0.022744,-0.018681,0.071197,0.067929,0.24263,0.19644,0.20305,0.10205,0.077515,0.13214,0.11029,0.33479,0.36403,0.34954,0.37977,0.27563,0.38594,0.27575,0.46898,0.39842,0.3872,0.36049,0.16044,0.33835,0.072242,-0.049849,0.29797,0.25456,0.37417,0.32838,0.3385,0.30774,0.26709,0.31984,0.12491,0.23909,0.12367,0.21164,0.18744,0.20838,-0.053314,0.078743,0.065815,0.063251,0.050413,-0.021014,0.32961,0.10578,0.12902,0.19222,0.24898,0.16127,0.20279,0.36988,0.18669,0.15197,0.1399,0.32857,0.35054,0.28627,0.31676,0.53041,0.47916,0.40915,0.46114,0.23767,1,0.10733,0.028159,0.12325,0.16111,-0.04813,-0.017052,0.081319,-0.0050465,0.046823,0.023475,0.0065967,0.036777,-0.013812,0.072605,0.0051622,-0.0021252,0.045606,0.12145,-0.0093741,0.026995,0.029068,0.36184,0.24928,0.31199,0.17248,0.21248,0.13109,0.13316,0.088713,0.049026,-0.0086653,-0.037534,-0.017807,-0.07729,0.022071,0.088753,-0.017449,0.010571,0.22035,0.3387,0.085812,-0.015474,0.189,0.37028,0.26757,0.15782,0.11628,0.2024,0.18447,0.15332,0.20284,0.14427,0.063127,0.12465,0.055245,0.065929,0.1151,0.046518,0.2754,0.49957,0.47978,0.0093467,0.10217,0.057906,0.22055,0.027614,0.029651,0.22571,0.22848,0.052359,0.077184,0.088018,0.18219,0.027347,0.051454,0.031488,0.10208,0.060895,0.16264,0.24387,0.15912,0.36418,0.16056,0.23415,0.30805,0.19152,0.23384,0.093634,0.1833,0.30153,0.40281,0.21671,0.017237,0.084283,-0.03948,0.17169,0.12984,0.14504,0.053181,0.34114,0.34598,0.3163,0.3188,0.12979,0.0042198,0.088771,0.1672,-0.00080795,0.027241,-0.01667,0.11387,0.19008,0.093033,0.017714,0.08368,0.063086,0.21721,0.12421,0.34415,0.10588,-0.033748,0.083207,0.10824,0.015881,0.32587,0.24767,0.36246,0.38888,0.36978,0.36103,0.3379,0.4644,0.45233,0.45571,0.36665,0.093728,0.29748,0.070278,-0.044977,0.24103,0.25589,0.35822,0.29499,0.2801,0.37265,0.32016,0.21156,0.24378,0.19343,0.079087,0.034134,0.22997,-0.03095,-0.021858,0.062585,0.03514,0.0407,0.0028983,0.025475,0.26073,0.14411,0.17773,0.11898,0.39655,0.19629,0.23292,0.45465,0.17409,-0.018033,0.19584,0.32334,0.32029,0.2783,0.29369,0.56257,0.51606,0.41682,0.41554,0.3896,0.44986,0.15136,0.10187,0.13516,0.21047,0.028124,0.054518,0.092099,0.040326,0.10809,0.0084618,0.052365,0.050842,0.0089764,0.018149,0.050541,0.020042,0.052047,0.14771,0.10901,0.065599,0.04949,0.36601,-0.0030134,0.21316,0.099695,0.19473,0.12937,0.077418,0.10764,0.041299,0.041562,0.0077711,0.084726,0.068639,0.021786,0.038097,0.043397,-0.011052,0.26887,0.30728,0.085071,0.049477,0.37616,0.42159,0.27593,0.27962,0.057068,0.22881,0.26535,0.11125,0.19121,0.20155,0.051603,0.048692,0.028904,-0.042079,0.01143,0.14842,0.17107,0.39751,0.38676,0.017112,0.063873,0.031706,0.13614,0.094812,0.14349,0.11135,0.30562,0.096201,0.058419,0.17702,0.2599,0.15144,0.19972,0.075448,0.11616,0.091524,0.11065,0.11336,0.15742,0.33574,0.26469,0.25816,0.040551,0.17361,0.15232,0.10696,0.068002,0.23531,0.31559,0.12487,0.067535,0.13634,0.041036,0.19535,0.16806,0.13464,0.016076,0.35615,0.33461,0.32237,0.19004,0.15769,0.051744,0.015853,0.28385,-0.0067795,0.054701,0.016115,0.13282,0.2697,0.047264,0.041205,0.090362,0.12514,0.11177,0.10168,0.32547,0.1572,0.01341,0.13514,0.02689,0.06928
0.016032,0.018298,0.03288,0.015864,0.065504,0.043653,0.074002,0.077549,0.053354,0.057782,0.066028,0.02986,0.14526,0.12752,0.13164,0.017817,0.088605,0.1662,0.047106,0.17855,0.097943,0.14697,0.18326,0.13986,0.15737,0.10708,0.14582,0.1879,0.16839,0.066365,0.062065,0.15229,0.03633,0.10315,0.072025,0.03398,0.059931,0.07452,0.083296,0.095077,0.098509,0.064893,0.19277,0.22815,0.13833,0.11896,0.15584,0.21601,-0.087077,0.030513,0.083247,-0.069219,0.028433,-0.014392,0.1899,0.22115,0.27844,0.15152,0.1558,0.17378,0.29707,0.17656,0.25097,0.28182,0.22849,0.2016,0.068137,0.15171,0.10783,0.18928,0.21517,0.1833,0.18373,0.21831,0.10733,1,0.13459,0.099356,0.15231,-0.0055007,0.055707,0.11044,0.11397,0.00079558,0.10267,-0.037175,-0.029271,0.0010792,-0.029357,-0.024339,-0.038453,0.076995,0.17643,0.016063,0.032517,0.032092,0.23739,0.16321,0.13933,0.081978,0.16202,0.084626,0.23675,0.12883,0.2167,-0.0055109,-0.0028324,-0.047902,-0.026131,0.14825,0.11532,0.02218,0.029542,0.11611,0.2679,0.012354,-0.011083,0.13881,0.12405,0.16826,0.099876,0.079146,0.15968,0.17614,0.13442,0.15624,0.16321,0.09965,0.056378,0.12295,0.046972,0.055324,0.037141,0.10162,0.17432,0.18227,-0.047041,0.038363,0.022987,0.12082,0.0034081,-0.0089436,0.093406,0.075078,0.070061,0.078657,-0.065898,0.11003,0.02043,-0.0012223,-0.06726,0.028922,0.013429,0.13452,0.071549,0.17895,0.058985,0.066391,0.061195,0.081468,0.18493,0.22172,0.12229,0.072638,0.12108,0.20727,0.2599,0.1159,-0.02124,-0.047456,0.11719,0.083933,0.061361,0.00078558,0.031875,0.042876,0.1116,0.12763,0.10305,0.025976,0.072626,0.078743,0.044843,0.097245,0.019031,0.087505,0.099028,0.18922,0.10811,0.05799,0.025473,0.14932,0.18125,0.11954,-0.10895,0.03362,0.090286,0.1642,0.070377,0.15219,0.18735,0.092569,0.16315,0.17083,0.12981,0.14421,0.13646,0.17836,0.15258,0.19503,0.033034,0.15007,0.0043368,0.046758,0.050717,0.13341,0.11691,0.14492,0.060353,0.088944,0.071427,0.14143,0.16542,0.0026732,0.0074481,0.065697,0.074935,0.025318,-0.068687,-0.029094,0.067645,-0.098741,-0.031899,0.0059118,0.097218,0.20146,0.20933,0.097638,0.10354,0.19863,0.24634,0.15801,0.22931,0.1903,0.1733,0.22905,0.12572,0.16212,0.060145,0.13917,0.20996,0.1629,0.20662,0.18296,0.16849,0.15029,0.11771,0.22793,0.16335,0.099506,0.094477,0.071822,0.02621,0.0071453,0.037575,-0.015136,0.051235,-0.038011,-0.047074,0.01729,-0.073003,0.055009,0.013172,0.00028834,0.037926,-0.013336,0.22709,-0.022181,0.083935,-0.0021728,0.13567,0.083845,0.22415,0.078378,0.20807,-0.041063,-0.001048,0.0097947,0.0058182,0.15903,0.087873,-0.012889,-0.023034,0.14299,0.19526,0.076826,0.024715,0.19273,0.17879,0.16699,0.10709,0.022155,0.07862,0.15138,0.092097,0.12697,0.21617,0.19488,0.040727,0.1499,0.025084,0.087506,0.1281,0.10221,0.22017,0.23413,0.011336,0.047084,0.052096,0.12709,0.037003,-0.028851,0.093771,0.024359,0.10281,0.055561,0.025842,0.073905,0.00584,0.018191,-0.08118,0.0093765,0.055041,0.09337,0.057563,0.174,0.10302,0.060438,0.1937,0.18358,0.1325,0.17456,0.08032,0.012773,0.13416,0.22469,0.22289,0.036481,-0.041698,-0.028169,0.084476,0.10385,0.09239,0.071262,0.11948,0.11268,0.10342,0.098497,0.058459,-0.010594,0.052762,0.13058,0.020466,0.028351,0.038919,0.13572,0.063977,0.12868,0.094819,0.005415,0.051173,0.097253,0.10022,0.13221,0.014595,-0.013282,0.10603,0.14093,0.16122
0.0095262,-0.013685,-0.0045177,0.04782,0.068986,0.030779,0.063509,0.069052,0.012057,-0.015985,0.04152,0.082325,0.073387,0.047961,0.073814,0.01841,0.020488,0.12738,0.032907,0.086051,0.056744,0.058601,0.079581,0.063566,0.091071,0.06944,0.029087,0.076138,0.089775,0.070462,0.050344,0.079686,0.080159,0.094707,0.049031,0.066877,0.087464,0.059313,0.063847,0.057913,0.065551,0.081254,0.070604,0.10936,0.054044,0.092808,0.059282,0.12189,0.03226,0.060448,0.079193,0.021895,0.072261,0.060172,0.074613,0.087081,0.0749,0.053521,0.027419,0.043783,0.057226,0.055329,0.093484,0.10505,0.14332,0.039756,0.029516,0.10346,0.10897,0.048225,0.034371,0.062767,0.024334,0.065984,0.028159,0.13459,1,0.082461,0.010599,-0.00097319,0.10827,0.07627,0.094125,0.05235,0.052538,0.084313,0.052677,-0.044377,0.03438,0.024024,0.069522,0.069193,0.056201,-0.0013303,0.05049,0.078571,0.11164,0.10257,0.13951,0.083265,0.13747,0.11586,0.12144,0.1179,0.072735,-0.0021887,0.04387,0.074677,-0.024555,0.08717,0.0097897,0.023783,0.011669,0.10105,0.12806,0.096457,0.071112,0.019765,0.06685,0.04658,0.012015,0.088549,0.02658,0.054105,0.039451,0.11465,0.066782,0.062898,0.00058871,0.066298,0.018548,0.016504,0.024607,0.031529,0.071209,0.084835,-0.0053987,0.026842,0.00028488,0.051284,0.021284,-0.038281,0.057535,0.03015,0.065022,0.017013,0.017296,0.048277,0.024887,0.0069042,-0.00036433,0.13101,0.048159,0.07384,0.052655,0.11806,0.048656,0.07055,0.053185,0.055407,0.11126,0.11283,0.15053,0.12847,0.092625,0.0025764,0.11346,0.11306,0.05202,0.084118,0.08567,0.032787,0.037383,0.039474,0.024157,0.053816,0.061593,0.088862,0.055104,0.042961,0.082743,0.026268,0.039697,0.010827,-0.0018416,0.029013,0.040155,0.10658,0.1096,0.10326,0.039119,0.074869,0.074573,0.063177,-0.0069559,0.11433,0.034141,0.087839,0.05457,0.057768,0.064156,0.065792,0.077807,0.082916,0.08997,0.076399,0.048078,0.066419,0.070218,0.090388,-0.02143,0.069756,0.053262,0.062816,0.048931,0.088552,0.063722,0.085553,0.048145,0.05023,0.032996,0.053654,0.079382,-0.0048057,-0.035421,0.02996,0.019066,0.04829,0.018737,0.037852,0.055795,0.010949,0.031533,0.032083,0.022224,0.052993,0.097614,0.015089,0.031061,0.027899,0.070881,0.051105,0.065197,0.044733,0.06173,0.052364,0.072956,0.088171,0.10376,0.026925,0.060059,0.060658,0.037003,0.030694,0.039195,0.05202,0.099794,0.076138,0.094069,0.035704,0.072818,0.068938,0.0019165,0.031311,0.036856,-0.025775,0.04551,-0.072816,-0.033343,-0.040174,0.019552,0.06743,-0.032815,-0.063077,-0.035002,-0.0021892,0.081664,-0.012225,0.024093,-0.023857,0.05071,0.11873,0.08298,0.10157,0.088129,-0.055814,-0.017486,0.004394,0.016356,0.064716,0.036213,-0.010442,-0.036951,0.076173,0.082113,0.068336,0.072932,0.022513,0.073416,0.043087,0.057234,0.046056,0.026665,0.034558,0.066712,0.017796,0.11708,0.066869,0.038667,0.072384,0.034736,0.010577,0.065517,0.05056,0.092679,0.10675,0.018999,0.056742,-0.0058652,0.056438,0.035852,-0.00069645,0.035218,0.0036903,0.023249,0.023981,-0.014181,0.018536,0.00026796,0.0028413,-0.041702,0.064415,0.038567,0.02297,0.038613,0.079361,0.097784,0.023229,0.054216,0.064687,0.074998,0.072341,0.085483,0.076137,0.063812,0.064666,0.059869,0.070674,-0.02579,0.025583,0.066133,0.065195,0.033642,0.042244,0.074507,0.076492,0.070587,0.058957,0.0074031,0.015444,0.062149,0.062736,0.014581,0.024901,0.029174,0.093452,0.023087,0.065833,0.060832,0.032327,0.025069,0.043906,0.041318,0.049136,0.0083003,0.0067676,0.041844,0.080711,0.079644
-0.00082828,-0.032673,-0.061703,0.041655,-0.05085,0.008505,0.018173,-0.0049442,0.082551,0.011489,0.049863,-0.023661,0.041363,0.12389,0.034795,-0.0044585,0.042459,0.086611,0.029618,0.11651,-0.014576,0.12664,0.091865,0.084428,0.074747,0.038606,0.10928,0.074513,0.24548,0.13597,0.062574,0.13772,0.12812,0.13854,0.068967,0.10961,0.073213,0.093704,0.096552,0.026675,0.032229,0.026153,0.11291,0.16703,0.080118,0.13949,-0.028979,0.12783,-0.010183,-0.0004665,0.044064,-0.031855,0.030924,0.0024516,0.039354,0.047804,0.14787,0.029004,0.024902,0.044596,0.11523,0.13762,0.28098,0.16301,0.12912,0.10696,0.085395,0.090499,0.13559,0.10281,0.06776,0.094787,0.052949,0.0080144,0.12325,0.099356,0.082461,1,0.26504,-0.0093949,0.034656,0.010117,-0.0046871,-0.010458,-0.10127,-0.0083413,0.057302,-0.083193,-0.06183,-0.002759,-0.0043389,-0.029743,0.12021,-0.001226,-0.050051,-0.045807,0.11016,0.092056,0.036697,0.035458,0.091826,0.014204,0.21512,0.03908,0.25739,0.031757,-0.015958,0.01445,0.06298,0.01757,-0.025528,0.05948,-0.023323,0.15814,0.134,0.063449,-0.004131,0.086769,0.091961,-0.037253,0.02069,0.11183,-0.0047761,-0.014685,0.0083666,0.090589,0.1538,0.18975,0.093923,0.11166,0.086765,0.18007,0.17169,-0.017937,0.10605,0.17464,0.019415,0.091152,0.0099994,0.084465,0.078669,0.0084534,-8.8734e-05,-0.027837,-0.0084363,-0.0028429,0.078649,0.038491,0.078607,-0.0028394,-0.026055,0.055629,0.031398,-0.00070094,-0.022354,0.11301,0.097127,0.055888,0.095641,0.088818,0.1246,0.12219,0.13237,0.14359,0.14885,0.12863,0.2013,0.11114,-0.016929,-0.0012655,0.14456,0.011984,0.036443,-0.00041984,-0.001402,0.089267,0.12578,0.076222,0.034413,0.034445,0.11277,0.053658,-0.012696,-0.075986,-0.0006145,0.074804,0.015825,0.059672,0.048466,-0.0083642,0.029034,0.10182,-0.0042996,0.012586,0.078937,-0.012261,0.02997,0.19759,0.060849,0.10299,0.044178,0.12463,0.10164,0.086944,0.079196,0.074779,0.063898,0.073219,0.19433,0.11336,-0.097533,0.093785,0.066073,0.091079,0.11329,0.12184,0.031296,0.077332,0.062292,0.091361,0.12514,0.07346,0.093115,0.022597,-0.11026,0.11147,-0.0051457,0.07803,0.011629,-0.019718,-0.0017433,0.013991,-0.053459,-0.049066,0.016639,0.14701,0.13271,-0.041302,0.068141,0.051241,0.14756,0.2018,0.12419,0.082255,0.13498,0.074639,0.10149,0.085765,0.13127,0.057809,0.096311,0.079988,0.0309,0.089519,0.0091585,0.14682,0.08303,0.11433,0.14703,-0.02395,0.0015049,0.042456,-0.03816,-0.040068,-0.033236,-0.021494,-0.028096,-0.038966,-0.086644,-0.060673,-0.060025,0.0052858,0.040397,-0.086566,-0.017575,-0.083185,0.12819,-0.055931,0.049302,-0.013222,0.090726,0.0034636,0.18325,0.059406,0.096144,-0.018767,-0.0075539,0.067442,-0.037153,-0.0079533,-0.031396,0.03406,-0.02543,0.17257,0.1419,-0.039967,-0.024234,0.14423,0.03011,-0.023405,0.13963,0.042015,0.13944,0.14374,0.11752,-0.066889,0.14235,0.087705,0.033891,-0.019114,0.022404,0.087738,0.081301,0.0057,0.087003,0.1068,-0.037753,-0.022886,-0.054399,0.050189,-0.012429,0.03203,-0.018289,-0.0052463,-0.07544,-0.0021727,-0.036352,-0.023343,0.015729,-0.002688,-0.037332,0.02883,-0.042611,0.037707,0.11633,0.14452,0.17335,-0.035862,0.022242,0.08374,0.069315,0.063254,0.099097,0.044765,0.11895,0.12492,0.19654,0.01323,-0.032761,-0.051403,0.11078,0.012499,-0.012701,-0.021301,0.060023,0.047359,0.12919,0.022713,0.049743,-0.037469,0.010737,0.092121,-0.043118,-0.035305,-0.031695,0.14174,0.073592,0.092766,0.025617,-0.038919,-0.04324,-0.0051619,-0.0081905,0.0076768,0.0049552,-0.0054842,-0.0060365,0.055721,0.15073
0.0703,-0.05479,-0.07144,0.01557,0.093996,0.14317,0.075968,0.14735,0.02162,-0.009252,0.1298,0.13249,0.20911,0.085523,0.078687,0.087848,0.081611,0.22985,-0.030601,0.3213,0.12962,0.26198,0.30131,0.24697,0.2261,0.21635,0.07307,0.22502,0.33981,0.096375,0.068144,0.28779,0.18435,0.26205,0.16232,0.043098,0.09285,0.18281,0.14105,0.11241,0.20444,0.11218,0.21773,0.29175,0.20866,0.16563,0.13561,0.25563,-0.10246,0.038075,0.075968,-0.049598,0.0079481,0.041883,0.19915,0.31249,0.34113,0.15036,0.069111,0.16817,0.30277,0.37171,0.39812,0.29373,0.35429,0.15559,0.0049378,0.20125,0.15415,0.15411,0.18017,0.16676,0.19942,0.20237,0.16111,0.15231,0.010599,0.26504,1,-0.03116,0.12535,0.14047,0.10342,-0.037999,-0.013361,-0.074876,-0.047328,-0.095856,-0.22951,-0.14383,-0.051484,-0.03793,0.35338,-0.017466,-0.069747,-0.002153,0.28024,0.16794,0.088023,0.00090912,0.13877,0.013628,0.37458,0.14907,0.39503,-0.091444,-0.0094525,-0.020275,-0.013844,0.1954,0.11311,0.027289,0.011684,0.12363,0.26515,0.0096107,-0.081851,0.19915,0.098416,0.075319,0.093554,0.089141,0.097851,0.14309,0.15899,0.21387,0.26334,0.27155,-0.052732,0.17969,0.012017,0.20792,0.19553,0.13203,0.15078,0.20248,-0.091552,0.15266,0.072222,0.15336,-0.018869,-0.11766,0.13565,0.085728,0.069503,0.11976,-0.041677,0.10421,0.081092,-0.0018727,-0.050646,0.055295,0.023742,0.14297,0.15816,0.17062,0.042452,0.15748,0.051595,0.10103,0.30394,0.20284,0.25663,0.12419,0.15213,0.25018,0.3112,0.20022,-0.051147,-0.039368,0.28541,0.093142,0.076227,-0.062761,0.031849,0.05746,0.18819,0.17082,0.1336,0.060314,0.023838,0.096275,-0.027889,-0.011994,0.00059459,0.10786,0.048644,0.31202,0.17505,-0.0089308,0.013409,0.16576,0.10943,0.14308,-0.064619,0.022837,0.12086,0.32182,0.032056,0.25791,0.052938,0.1658,0.27864,0.27189,0.26891,0.2478,0.086642,0.21252,0.24328,0.23008,-0.1013,0.2207,0.032089,0.10315,0.11697,0.096621,0.18837,0.20805,0.15299,0.14993,0.12858,0.12985,0.25695,-0.018584,-0.16813,0.14876,0.096271,0.010186,-0.084379,-0.013511,0.026729,-0.11817,-0.11595,0.065837,0.047506,0.26899,0.23768,0.0012554,0.084803,0.23152,0.30018,0.24219,0.22431,0.17334,0.12788,0.1466,0.059347,0.10501,0.14129,0.10167,0.17922,0.20991,0.16795,0.18316,0.069028,0.17825,0.10526,0.31084,0.30144,0.0099907,0.093237,-0.021051,-0.11407,-0.019857,0.077029,-0.082658,0.06097,-0.12612,-0.23492,-0.13525,-0.15913,0.033784,-0.022749,-0.090868,0.0032688,-0.10004,0.27403,-0.06429,0.066173,-0.017207,0.14278,0.12301,0.35073,0.10315,0.34523,-0.18988,0.0096908,0.062976,-0.057313,0.15607,0.050377,-0.019627,-0.020533,0.22284,0.19079,0.096141,-0.082694,0.21221,0.15553,0.057395,0.22012,0.11255,0.090015,0.17194,0.043365,0.14457,0.35047,0.24101,0.043416,0.20365,0.10197,0.16658,0.20861,0.13312,0.12671,0.21566,-0.089339,0.13596,-0.05,0.18222,-0.035536,0.022345,0.085226,0.023827,0.011285,-0.060716,0.039859,0.0074559,0.01796,0.020414,-0.17279,-0.032095,-0.038462,-0.041557,0.027259,0.099241,0.11365,-0.022571,0.062598,0.063985,0.19244,0.15944,0.19432,0.061855,0.13328,0.27415,0.20169,0.0063973,-0.07595,-0.0567,0.17349,0.10161,0.12738,0.047516,0.12773,0.049032,0.18818,0.021207,-0.11469,-0.039655,0.099509,0.21301,0.12413,0.063388,0.025112,0.18436,0.023432,0.17907,0.095076,-0.10284,-0.023899,0.09279,0.054958,0.14933,0.038726,-0.029198,0.098873,0.15959,0.30014
-0.03802,0.0021254,0.12037,0.097527,0.052448,0.015555,0.079281,0.074028,0.036036,0.0040402,0.048576,0.010081,0.062942,0.069619,0.049449,-0.010211,0.028383,0.034255,0.025985,0.0078794,-0.036469,0.0085627,0.0066258,0.029333,0.017023,0.0063936,-0.023735,-0.011926,-0.078585,-0.044422,-0.063273,-0.0074243,0.10786,0.11342,0.008487,0.042548,-0.031862,-0.014198,0.00062304,0.037688,0.013676,-0.026154,0.021887,-0.055767,0.072272,-0.020511,-0.033632,-0.078623,0.045926,0.040841,0.14698,0.071023,0.093319,0.11088,0.01276,0.017223,0.051411,-0.0057328,0.028891,0.047397,0.01667,-0.025363,-0.017729,-0.036388,-0.00064388,-0.010491,0.036883,0.0071286,-0.040252,-0.024065,0.0004473,-0.0070049,-0.0059397,0.013847,-0.04813,-0.0055007,-0.00097319,-0.0093949,-0.03116,1,0.14262,-0.045068,0.23792,0.16005,0.058599,0.0073221,0.029732,0.1787,0.0083365,0.12033,0.17666,0.010947,-0.046033,0.030194,0.023841,-0.028325,-0.10219,-0.073693,-0.083947,-0.052088,-0.1457,-0.049321,-0.022411,-0.04968,0.069172,0.036122,0.10769,0.097431,0.043024,0.10159,0.010549,0.01555,0.083497,-0.042797,-0.076739,-0.094173,0.063732,-0.015023,-0.047566,0.0063787,0.020775,0.0022825,0.02389,0.0047207,0.0046899,0.044827,0.0077068,-0.033229,-0.034844,0.04058,0.018568,-0.024326,-0.056599,-0.014034,-0.00046111,-0.076793,0.038084,0.031453,0.033345,-0.0063275,-0.0071652,0.0020338,0.013938,-0.04331,0.041105,0.0031561,-0.045325,-0.055507,0.046024,0.10678,0.094889,-0.047327,0.046318,-0.052676,-0.044884,-0.095461,-0.01429,-0.081128,-0.10005,-0.059738,0.034348,-0.077071,0.0031382,0.0021962,-0.06351,-0.045949,-0.06703,0.037601,0.066335,0.061581,-0.0080186,-0.013452,0.014021,0.065223,-0.017782,-0.030856,-0.0029533,-0.031316,-0.031919,0.10125,-0.0093903,0.0084404,0.10192,0.097968,0.020628,-0.020579,0.0033184,-0.017792,0.028547,-0.084233,-0.0012442,0.015028,0.078362,-0.025482,-0.024386,0.064904,-0.0066112,0.038658,0.18007,0.030452,0.013507,-0.022508,-0.039725,0.0026635,-0.0053802,-0.013999,-0.020553,0.0067169,-0.096964,-0.039428,0.00022245,0.0075212,0.15833,0.13485,-0.0065332,-0.015529,-0.039021,-0.0059207,0.0063661,-0.0065275,-0.065572,-0.037921,0.034992,-0.064615,0.038197,-0.024004,-0.063263,0.0093182,0.10541,0.064149,0.14772,0.066251,0.098129,0.11171,0.011168,-0.02042,0.067873,0.039175,-0.02081,0.024962,0.0023112,-0.017795,-0.043154,-0.042087,-0.068311,0.012052,-0.039385,-0.007289,-0.049593,-0.033783,-0.013045,-0.013823,0.028931,-0.028189,-0.0051616,0.018479,0.020628,0.079419,0.032809,0.17501,0.14544,-0.045088,0.097707,0.079525,0.025248,0.023541,0.017709,0.10895,0.025211,0.056815,0.033713,-0.038924,-0.050261,-0.0080548,-0.0045882,-0.098867,-0.063788,-0.099464,-0.12187,-0.12558,-0.10103,-0.086955,-0.029926,-0.046027,0.10155,0.038799,0.080025,-0.072397,0.051248,0.084572,0.029708,-0.024214,0.09898,-0.030291,-0.10987,-0.065833,-0.043056,-0.043005,-0.028965,0.026717,-0.025066,-0.029261,-0.0093158,-0.058121,-0.0072628,-0.020209,0.019257,0.023717,0.050396,0.043401,0.081182,0.0083429,0.0069585,-0.042042,-0.029715,-0.058105,0.074601,0.026221,0.1154,-0.023222,0.0012799,-0.090129,0.031116,-0.071426,0.039512,-0.02097,-0.014687,0.011354,-0.019548,-0.0044872,0.056182,-0.088464,0.0072623,0.058254,-0.05509,-0.088765,-0.057136,-0.020014,-0.025479,-0.066431,-0.0058321,-0.044401,-0.069346,-0.085445,-0.068196,0.025748,-0.053902,-0.028254,-0.02207,0.0042863,0.0088153,-0.048643,-0.023705,0.027753,-0.037258,-0.023465,-0.0020093,-0.014081,0.00099381,0.096029,0.045122,-0.022259,0.05538,-0.032693,0.042333,0.017893,-0.018339,-0.012933,0.052747,-0.095339,0.067712,0.038999,0.073804,-0.049706,0.024965,0.012708,0.047026,0.14868,0.10649
-0.021948,-0.064036,-0.013475,0.056685,0.083497,0.066331,0.10391,0.19427,0.0033706,-0.015787,0.084155,0.06504,0.14297,0.073985,0.082593,0.057301,0.1309,0.32099,0.0093152,0.14773,0.024155,0.058837,0.10942,0.053808,0.062379,0.11088,-0.049459,0.082579,0.004068,-0.051638,-0.04496,0.081654,0.18023,0.29782,0.021564,0.010295,0.021658,0.023462,0.029691,0.017617,0.06827,0.033163,0.12584,0.10634,0.14668,0.091044,0.034041,0.13378,0.09743,0.095346,0.26052,0.073571,0.15278,0.23281,0.039577,0.19666,0.18758,0.041928,0.0071376,0.087659,0.11924,0.11207,0.17331,0.11013,0.18058,0.023182,-0.059686,0.060538,-0.0042217,-0.016292,0.042521,0.035505,0.062211,0.074523,-0.017052,0.055707,0.10827,0.034656,0.12535,0.14262,1,0.28286,0.29339,0.095958,0.041092,0.19048,0.14068,0.16277,0.10638,0.21163,0.23872,0.25439,0.12298,-0.040864,0.15135,0.24466,0.061962,0.0091429,-0.033595,0.019917,-0.028292,0.17309,0.26367,0.25002,0.29917,0.13877,0.10032,0.33677,0.18502,0.35013,0.04178,0.10508,0.13685,-0.0026061,0.079893,0.092702,0.25558,0.029469,0.0076051,0.033443,0.035256,0.046106,0.02485,0.070477,0.11963,0.10331,0.13665,0.1632,-0.029181,0.29033,0.02727,0.042973,0.061808,0.061196,-0.019601,-0.020614,-0.074078,0.11924,0.047338,0.078772,-0.022306,-0.076249,0.046139,0.020832,0.061522,0.08088,-0.03965,0.011992,0.26873,0.081935,0.12886,0.12555,0.18114,0.081985,0.085407,0.036813,-0.034723,0.090919,-0.032565,-0.027623,0.17024,0.014874,0.22683,0.144,0.00026593,0.031136,0.11735,0.35888,0.099157,0.16436,0.10755,0.066249,0.059052,0.0089602,-0.018954,-0.02378,0.048692,0.05209,0.074905,0.20168,0.079737,0.069998,-0.015863,0.02044,-0.0075656,0.016052,-0.0022413,0.18053,0.34088,0.13709,0.031699,0.11799,0.078443,0.038923,-0.043421,0.29549,0.069012,0.24375,0.27319,0.10553,0.041282,0.021391,0.073515,0.085171,0.10329,0.095351,-0.0046849,0.064485,-0.0095455,0.013214,-0.12372,0.063951,0.17884,0.23884,0.015689,0.016181,0.1129,0.062518,0.093436,0.0053734,0.0026141,0.028463,0.1825,-0.055905,-0.10408,0.079503,0.016119,0.07194,0.047579,0.053271,0.15856,-0.041133,0.038119,0.15517,-0.017413,0.14865,0.15794,0.00047749,0.0032118,0.08027,0.12537,0.017335,0.065218,0.075327,-0.014332,0.076049,0.045645,0.019683,0.048652,-0.046769,0.039851,0.072949,0.060542,0.040748,0.0016794,0.10428,0.055855,0.14435,0.1718,0.15782,0.24368,-0.015414,0.028452,0.035991,-0.020644,-0.021309,0.08937,-0.038532,-0.1119,-0.045773,-0.036099,0.067785,-0.13003,-0.14636,-0.11898,-0.080941,0.056715,-0.13988,-0.10743,-0.1148,-0.049765,0.12289,0.19488,0.12791,0.28154,-0.088974,0.030256,0.054349,0.092571,0.24385,0.11937,0.02451,-0.0030642,0.08096,0.0087146,-0.017974,-0.0027845,0.029381,0.04825,0.036913,0.053086,0.055601,0.012699,0.015399,0.021491,0.029858,0.17237,0.11901,0.036629,0.23719,0.10551,0.078217,0.084809,0.019227,0.066988,0.022747,-0.020395,0.1154,0.032011,0.062803,-0.0080009,-0.055344,0.044812,-0.077186,0.045739,0.031085,-0.0666,-0.032932,-0.0080477,-0.037941,-0.063549,-0.025587,0.064003,-0.005782,-0.015342,-0.043839,-0.0038407,-0.059817,0.032252,-0.01301,0.11498,0.06035,0.10372,0.043178,-0.0055235,0.11669,0.046724,0.10098,-0.050269,-0.018267,0.055318,0.037113,0.045292,0.057027,0.035739,-0.010923,0.078341,0.0088898,-0.051982,0.079493,0.11431,0.091652,0.039676,0.10296,0.051507,0.058998,-0.013225,0.11869,0.17444,-0.080088,-0.0053663,0.078337,0.11044,0.010682,-0.014734,0.027293,0.060321,0.2418,0.27418
0.032554,-0.04347,-0.048538,0.012002,0.030416,0.13736,0.095789,0.16294,-0.016743,0.016677,0.090357,0.070115,0.16179,0.075418,0.077748,0.078626,0.12721,0.39671,0.0094369,0.25258,0.092019,0.11678,0.17454,0.10959,0.11918,0.10024,-0.012543,0.14503,0.14361,0.10604,0.078275,0.13579,0.16614,0.20045,0.052608,-0.056779,0.044782,0.040447,0.039399,0.017416,0.12951,0.10251,0.21683,0.21025,0.12826,0.098467,0.19286,0.18016,0.054096,0.097738,0.15019,0.024648,0.09797,0.14735,0.090199,0.16672,0.16564,0.050155,-0.0055284,0.055338,0.15612,0.17643,0.18004,0.098352,0.21579,0.021167,-0.10693,0.075029,0.036042,0.070043,0.093218,0.09625,0.10873,0.050544,0.081319,0.11044,0.07627,0.010117,0.14047,-0.045068,0.28286,1,0.18444,-0.026176,0.12321,0.29729,0.10312,0.011069,0.23211,0.047665,0.1424,0.49906,0.26614,-0.0070608,0.33373,0.49673,0.29687,0.26348,0.24044,0.44355,0.18783,0.42994,0.21193,0.44082,0.1971,0.15257,0.078268,0.18535,0.1311,0.31673,0.098886,0.1116,0.11477,0.045077,0.13445,0.33871,0.15206,0.065474,0.062253,0.057911,0.085083,0.14707,0.0637,0.083527,0.12531,0.11174,0.13108,0.10566,0.011418,0.40922,0.03917,0.042903,0.048328,0.066265,0.032119,0.10158,-0.069068,0.15862,0.057699,0.16152,0.011395,-0.086925,0.099243,0.10376,0.066351,0.12625,-0.010857,0.13013,0.30386,0.0077904,0.10222,0.37338,0.13604,0.17008,0.17029,0.176,-0.088467,0.23029,0.067465,0.087191,0.20921,0.14266,0.37899,0.26427,0.10541,0.063535,0.23573,0.46629,0.10842,0.17287,0.11802,0.10352,0.036972,-0.010239,0.0196,-0.027676,0.058648,0.096965,0.095761,0.13518,0.12596,0.040105,0.0026805,-0.0041231,0.01301,0.13602,0.081974,0.36612,0.37701,0.38176,0.052398,0.13217,0.10281,0.1427,-0.0065733,0.2402,0.1033,0.21351,0.076547,0.18404,0.001593,0.11297,0.15458,0.1343,0.15315,0.15631,0.027611,0.15409,0.12333,0.1535,-0.066553,0.073492,0.022515,0.098956,0.020634,0.017011,0.14455,0.075735,0.029807,0.02404,0.015769,0.046785,0.29356,0.020851,-0.16037,0.12113,0.13571,0.018534,-0.024469,0.030078,0.076093,-0.15665,-0.028004,0.03277,-0.0027896,0.14589,0.12032,-0.0337,0.014989,0.10059,0.098459,0.055661,0.03425,0.055909,0.0339,0.037847,0.062737,0.0056901,0.1583,0.01433,0.075801,0.13937,0.069646,0.073804,0.023926,0.11499,0.10871,0.10846,0.10221,0.052428,0.14051,0.1866,-0.11151,0.0069308,0.018675,-0.024401,-0.0058215,-0.16455,-0.12003,-0.086896,-0.11554,0.26386,-0.027351,-0.10475,-0.058005,0.16871,0.15987,0.13051,0.13105,0.15315,0.14085,0.29911,0.12595,0.24497,0.11016,-0.079567,-0.032302,0.24572,0.026462,0.12977,0.12981,0.048253,-0.01598,0.22459,0.059378,0.1339,0.079605,0.11857,0.11508,0.053708,0.12057,0.10495,0.054454,0.081703,-0.029589,0.086177,0.18187,0.11272,0.024148,0.28894,0.082661,0.074429,0.10229,0.041838,0.091578,0.14818,-0.07722,0.14167,-0.021611,0.13484,0.071073,0.031044,0.074349,0.025393,0.072479,0.019045,0.033726,0.025945,0.087157,0.036243,-0.1546,0.11106,0.031399,-0.014401,-0.016331,0.03721,0.049966,0.0073772,0.10636,-0.029196,0.15112,0.12956,0.25848,0.23479,0.084089,0.13724,0.092413,0.21863,0.010561,-0.039097,0.060271,0.089516,0.046526,0.071228,0.075725,-0.036237,0.089562,-0.021201,-0.049265,-0.013098,0.087764,0.15307,0.059581,0.088426,0.058183,0.13373,-0.013725,0.32986,0.10069,0.16034,-0.03397,0.074175,0.050775,0.099575,0.0036412,-0.0068688,0.072573,0.053985,0.1869
0.055345,-0.053821,0.13387,0.15788,0.12805,0.17839,0.06699,0.16442,-0.0025193,-0.055063,0.12663,0.13844,0.20464,0.11881,0.13929,0.061858,0.17686,0.33517,0.02015,0.23602,0.14012,0.12876,0.20097,0.14376,0.19298,0.15917,0.059158,0.18597,0.039517,0.0087789,-0.081822,0.13494,0.24395,0.33035,0.11568,0.070595,0.082826,0.09601,0.13301,0.15425,0.19529,0.1211,0.17417,0.12382,0.17893,0.16193,0.15999,0.15295,0.17165,0.28438,0.3101,0.1662,0.22519,0.30986,0.10744,0.21273,0.23812,0.12467,0.1361,0.12032,0.12443,0.080704,0.076365,0.096697,0.21848,0.059512,0.02073,0.17124,0.047618,0.10022,0.14947,0.14633,0.12544,0.14143,-0.0050465,0.11397,0.094125,-0.0046871,0.10342,0.23792,0.29339,0.18444,1,0.38782,0.25903,0.19496,0.24421,0.2573,0.075272,0.16411,0.43515,0.20956,0.092392,-0.015118,0.16249,0.23505,0.0089166,0.072896,0.056776,0.079507,-0.060939,0.136,0.14469,0.16845,0.2078,0.17334,0.23454,0.24822,0.084475,0.34418,0.12294,0.091785,0.18317,-0.0056587,0.10365,0.081118,0.18624,0.070786,0.030298,0.1236,0.067643,0.11243,0.1317,0.11869,0.1412,0.17461,0.05312,0.044467,-0.017851,0.18431,0.056526,-0.023767,-0.037416,0.060322,0.053887,-0.032352,0.004309,0.10811,0.094307,0.1307,-0.031657,-0.095309,0.12405,0.080027,0.14871,0.14767,-0.052951,0.08775,0.2227,0.14572,0.18793,0.20875,0.20614,0.14795,0.14164,0.034019,0.010481,0.14204,-0.00042241,0.091819,0.28346,0.14542,0.18725,0.18559,0.11618,-0.030126,0.027139,0.30101,0.27091,0.30197,0.16733,0.10758,0.12815,0.043478,0.068635,0.025398,0.12393,0.16603,0.11855,0.27773,0.14619,0.04719,0.056096,0.18503,0.02672,0.014922,0.082595,0.16133,0.35748,0.10038,0.037601,0.17154,0.19248,0.12695,0.021888,0.26206,0.096904,0.1644,0.20348,0.17906,0.038047,0.068312,0.14048,0.16364,0.19144,0.19573,0.077618,0.15932,-0.011467,0.024315,-0.044983,0.090274,0.22744,0.30559,0.024572,0.04832,0.15359,0.13971,0.12945,0.094154,0.010415,0.044424,0.21082,-0.03775,-0.030617,0.082446,0.072437,0.058507,0.11722,0.19869,0.22812,0.054857,0.15703,0.27403,0.030843,0.12432,0.18207,0.072593,0.036662,0.12559,0.072949,0.0038371,0.012952,0.0449,-0.0097751,0.082973,0.034391,0.050013,0.033155,0.035406,0.10357,0.17994,0.13484,0.054814,0.035843,0.11518,0.086068,0.23708,0.15812,0.32294,0.29084,-0.036831,0.17602,0.19236,0.15445,0.0195,0.18527,0.087183,-0.056411,0.060493,0.069071,0.083589,-0.13564,-0.038083,-0.011982,-0.08196,0.019191,-0.11407,-0.090422,-0.05682,-0.016381,0.11275,0.10635,0.079603,0.28529,-0.049184,0.10088,-0.021504,0.097663,0.27788,0.19148,0.0090366,0.067896,0.076559,-0.032256,0.1124,-0.027258,0.018174,0.10189,0.085131,0.09261,0.067139,0.019876,-0.014151,0.0040497,0.15233,0.15101,0.15649,0.038945,0.21364,0.15141,0.048445,0.1019,0.074131,0.016607,0.039811,0.032659,0.21476,0.11911,0.16989,0.066157,-0.041437,0.094761,-0.044245,0.1844,0.07165,0.058414,0.050854,0.069534,0.070216,0.019363,-0.015551,0.099783,0.066583,-0.075959,-0.094926,0.0042281,0.013594,0.098601,-0.0043963,0.21594,0.18825,0.058926,0.060959,0.014398,0.11494,-0.015182,0.10406,0.038058,0.11539,0.075443,0.079271,0.17344,0.17252,0.10411,0.030733,0.13176,0.067923,0.015993,0.17472,0.27749,0.12603,0.1156,0.13853,0.136,0.098071,0.025437,0.10713,0.22538,-0.089981,0.070892,0.13677,0.14352,0.073314,0.14648,0.039775,0.13475,0.23988,0.33718
0.024248,-0.0016143,0.18084,0.12231,0.028566,0.043712,0.072503,0.10531,-0.010777,-0.01797,0.031448,0.035874,0.13987,0.088547,0.10163,0.067652,0.10067,0.086265,0.09729,0.07728,0.12061,0.10841,0.064806,0.059321,0.13581,0.084656,0.096262,0.10351,0.040662,0.057491,-0.017331,0.068326,0.12729,0.10674,0.12465,0.15834,0.11973,0.11786,0.13955,0.16107,0.11558,0.13035,0.060514,-0.029513,0.023139,0.1029,0.053522,0.022476,0.16143,0.20303,0.16535,0.14227,0.18386,0.17753,0.042493,-0.013436,0.013948,0.048415,0.10411,0.016368,-0.058531,-0.03358,-0.03281,-0.041634,0.021599,0.027157,0.1235,0.12874,0.072773,0.089731,0.090739,0.10338,0.044908,0.0018471,0.046823,0.00079558,0.05235,-0.010458,-0.037999,0.16005,0.095958,-0.026176,0.38782,1,0.1652,0.094865,0.19105,0.14217,0.076342,0.14052,0.37327,0.081645,-0.090837,-0.030626,0.04089,0.069049,-0.083728,0.027306,0.042417,0.027426,-0.084038,0.070072,-0.043336,0.015367,-0.015862,0.08459,0.30414,0.16662,-0.032913,0.088807,0.0011186,0.022373,0.085418,0.020087,-0.02169,0.035256,0.13056,0.0073743,0.064015,0.063667,0.057958,0.022457,0.067556,0.0017123,0.033131,0.10418,-0.063935,-0.080465,0.0314,0.011686,0.024367,-0.064089,-0.05655,-0.007887,0.043883,-0.003257,0.084996,0.043634,0.046004,0.069612,-0.032305,0.022431,0.073362,0.010524,0.085966,0.052516,0.051813,0.010631,0.050715,0.12767,0.1319,0.09841,0.11194,0.012054,0.076555,-0.064708,0.12625,0.034179,0.0028042,0.091495,0.07564,0.05129,0.055311,0.13625,0.10322,-0.017685,-0.094563,0.073649,0.22449,0.21839,0.049824,0.039877,0.078865,0.057375,0.1174,0.089037,0.099979,0.12075,0.028718,0.15752,0.10068,0.033454,0.055627,0.21386,0.043058,-0.016065,0.068292,-0.064716,0.13462,0.0083745,0.012665,0.081067,0.10631,0.091661,0.11312,0.1378,0.035905,-0.016471,0.17126,0.085288,0.0084152,0.066676,0.054146,0.079328,0.095981,0.082829,0.13411,0.11568,0.033523,0.0030106,0.05036,0.071349,0.17668,0.16294,0.063106,0.07038,0.095968,0.09781,0.12213,0.1149,0.066787,-0.037036,0.096518,0.042871,0.093592,-0.0052281,0.039406,0.024275,0.16652,0.17844,0.14887,0.16186,0.20746,0.20303,0.045766,-0.013376,0.083852,0.079086,0.071219,0.01591,-0.062216,0.040901,-0.087907,-0.1094,-0.049015,-0.0019563,0.049004,0.073252,0.0417,0.092743,0.095342,0.14582,0.062037,-0.014407,0.043193,0.04751,0.045384,0.065674,0.052783,0.2085,0.16978,-0.016061,0.18406,0.23253,0.088609,0.10967,0.096656,0.12566,0.083637,0.12058,0.1657,0.042034,-0.024852,0.050086,-0.0068626,-0.048188,-0.012214,-0.055271,-0.034608,-0.017031,-0.073303,0.028141,-0.089014,0.059103,0.085193,0.083607,0.11184,-0.032166,0.10972,0.053558,0.064681,0.031612,0.078666,0.025918,-0.0602,0.057074,0.036745,0.02077,0.065183,0.065477,0.032531,-0.012803,0.027779,-0.046629,0.036982,0.099759,0.0022273,0.0019201,0.00081509,0.0056682,0.031214,-0.01951,0.021736,-9.8557e-05,0.0021853,-0.024977,0.13016,0.086991,0.11714,0.050753,0.062312,0.0063635,0.045803,0.037112,0.10513,0.07353,0.063164,0.095385,0.091932,0.071792,0.17341,0.038102,0.081082,0.093549,0.018001,-0.079028,0.075991,0.080532,0.019285,-0.083947,0.084785,0.05483,-0.0054068,0.023171,-0.0051993,-0.010358,-0.065939,0.078213,0.10939,0.15216,0.043358,0.020815,0.0341,0.070626,0.12365,0.11317,0.10594,0.10828,0.11966,0.15921,0.16582,0.054753,0.066117,0.096176,0.079933,0.024562,0.087867,0.0048058,0.1523,-0.016584,0.082673,0.081359,0.12023,0.06967,0.18134,0.085971,0.058197,0.10308,0.13165
0.054585,-0.0094145,0.16961,0.11392,0.11581,0.054853,0.16303,0.16959,-0.024005,0.0015444,0.10071,0.10889,0.25378,0.12028,0.15973,0.051081,0.16571,0.13092,0.12127,0.16838,0.22131,0.14119,0.17626,0.10538,0.1814,0.12883,0.19024,0.25102,0.053797,0.063091,0.071464,0.13594,0.012793,-0.020966,0.16259,0.076409,0.076053,0.14102,0.13545,0.23574,0.17063,0.17717,0.15061,0.14262,0.10346,0.075184,0.23056,0.079622,-0.065614,0.16449,0.15998,0.0034397,0.050522,0.0092631,0.22898,0.19316,0.10591,0.1326,0.20145,0.11128,0.080949,0.11563,-0.041627,0.065878,0.074923,0.062545,0.042778,0.19372,0.064944,0.18534,0.18513,0.25002,0.13419,0.19318,0.023475,0.10267,0.052538,-0.10127,-0.013361,0.058599,0.041092,0.12321,0.25903,0.1652,1,-0.0085158,-0.033286,0.161,0.055267,-0.015272,0.14723,0.16986,0.089653,0.042197,0.26624,0.16341,0.10615,0.144,0.1544,0.21039,0.060526,0.050044,-0.076613,0.11597,-0.01428,0.098853,0.066737,-0.10817,-0.15712,0.24813,0.28466,-0.044284,0.17403,-0.049888,0.092288,-0.081077,-0.067314,0.10122,0.063977,0.21058,0.14286,0.062236,0.22226,0.21465,0.20199,0.2107,0.0068021,-0.093459,0.063133,0.1157,-0.033932,-0.07462,-0.095773,0.097821,0.068229,-0.04287,-0.0087114,-0.0093421,-0.0071657,0.11873,-0.12152,-0.039711,0.17831,0.11991,0.18132,0.12353,-0.12558,0.077911,-0.023885,0.023151,0.014626,0.021084,-0.035783,0.19189,0.15803,0.041574,0.049082,0.089178,-0.031723,0.11757,0.17645,0.2017,-0.012215,-0.078756,0.11722,0.01136,0.059319,0.00087799,0.10398,-0.018578,0.064119,0.11513,0.11755,0.089674,0.15032,0.031633,0.13582,0.22651,0.084565,0.027598,-0.021544,0.0077514,0.064321,0.26295,0.029408,0.079814,0.15372,0.18813,0.081839,0.10165,0.043805,0.16625,0.30373,0.19709,-0.14393,0.070072,0.088935,0.0027003,0.098527,0.151,0.042614,0.091966,0.14911,0.15954,0.14708,0.15866,0.16741,0.18159,0.057767,0.091146,0.13331,0.12696,0.030674,0.049172,0.014916,0.112,0.15341,0.15955,0.11583,0.12407,-0.012095,-0.0040173,0.20061,0.045624,0.096724,-0.07076,0.10432,-0.096845,-0.032454,0.099782,0.15179,-0.0081701,0.11633,0.13576,0.12266,0.040567,0.16333,0.14064,0.050584,0.12929,-0.040774,-0.030252,-0.010445,0.014315,0.015557,0.041437,0.02229,0.10027,0.054761,0.12429,0.082086,0.19466,0.1534,0.074599,0.14224,0.010104,0.066286,0.20809,0.092247,0.24019,0.19163,0.089063,0.18711,0.20177,0.26642,0.10875,0.10918,0.093395,0.11895,0.2192,0.14268,0.091257,0.0029186,0.15555,0.20471,0.1511,0.086488,0.16717,0.13515,0.12526,0.16256,0.07992,-0.026112,0.051831,0.093555,0.069094,0.10682,0.012355,0.088146,0.21214,0.2267,-0.054413,0.071798,0.078914,-0.026066,0.20758,0.0082967,0.067744,0.20146,0.15497,0.022717,0.046308,-0.00094484,0.011743,0.026885,0.27344,0.063547,0.16044,-0.019518,0.27255,0.063904,-0.017974,0.095433,0.047925,-0.0077871,0.090966,0.15089,0.17768,0.16232,0.17349,0.089054,-0.036045,0.17543,0.019828,0.27482,0.093236,0.12833,0.14865,0.076681,0.083105,0.031024,0.080992,0.13001,0.11857,-0.039814,0.029219,0.083342,0.14186,0.18504,0.063183,0.17494,0.21838,-0.0062469,0.022445,0.092519,0.03561,0.033548,0.081838,0.088356,0.14093,0.026516,0.10261,0.14103,0.16974,0.1365,0.10698,0.083835,0.14066,0.07638,0.13446,0.15469,0.069331,0.10371,0.16697,0.1607,0.027344,0.12113,0.12735,0.14184,0.14606,0.089891,0.20291,0.24438,0.1374,0.16366,-0.051836,0.17362,0.14069,0.12792
0.00833,-0.0040098,-0.015699,0.075894,-0.076725,0.065223,0.019438,0.038852,0.019305,-0.030656,-0.065725,-0.043432,0.060272,0.030675,0.045115,0.086843,0.082656,0.44802,0.16336,0.10046,-0.037139,-0.1032,-0.0012282,0.023855,0.0069922,-0.021564,-0.099067,0.004245,-0.064877,-0.07635,-0.059919,-0.1078,0.32825,0.30681,-0.11397,-0.098393,0.04048,-0.1437,-0.038035,-0.10211,0.030168,-0.019615,0.041329,-0.021484,0.043232,0.17442,0.037457,0.22176,0.54428,0.3763,0.28457,0.33835,0.33787,0.54143,-0.0756,-0.10773,-0.068213,0.013566,-0.11178,-0.11027,-0.032932,-0.13845,-0.02613,-0.066986,0.079306,-0.056669,-0.12246,-0.059529,-0.091046,-0.029299,0.024944,-0.024875,0.019488,-0.14532,0.0065967,-0.037175,0.084313,-0.0083413,-0.074876,0.0073221,0.19048,0.29729,0.19496,0.094865,-0.0085158,1,0.642,0.18495,0.57068,0.49844,0.4516,0.53696,-0.14473,-0.014666,0.30261,0.62535,-0.1032,-0.0048367,0.034677,0.31801,-0.01922,0.49262,0.10697,0.21892,-0.021051,0.44827,0.24681,0.55266,0.40884,0.11949,0.061947,0.27856,0.119,-0.050372,-0.067399,0.67635,0.65353,-0.1345,0.039623,-0.040714,-0.0076219,0.11184,-0.063769,-0.13393,-0.048623,-0.049948,-0.20862,-0.050385,-0.0047649,0.057781,0.071622,-0.08668,0.045793,-0.018795,-0.063226,-0.059003,0.011571,0.19574,0.10248,0.092096,0.11113,-0.040019,-0.053136,-0.018132,-0.067916,0.097533,0.14392,0.10696,0.58783,0.20897,0.38178,0.59332,0.41511,0.11403,0.14746,0.088589,-0.064826,0.29405,0.27713,0.10832,0.076984,-0.0014466,0.29207,0.51655,0.013976,-0.11389,-0.13893,0.56278,0.63337,0.74793,-0.014028,0.003323,-0.0099261,0.02485,-0.027443,0.012747,-0.066862,-0.079311,0.053106,0.53582,0.3277,0.024097,-0.056115,-0.05817,-0.1001,-0.019102,-0.029271,-0.16388,0.51821,0.39526,0.022949,0.042299,-0.072516,-0.05525,0.34639,0.46571,0.00043579,0.068431,0.00282,-0.018346,-0.016257,-0.0015576,-0.031961,-0.041156,0.055519,0.10159,-0.016665,0.019881,-0.02534,-0.064369,-0.058386,-0.17634,0.2036,0.35707,-0.097974,-0.15064,0.070282,-0.038642,0.02219,0.0026729,0.063435,-0.020382,0.10894,0.050463,-0.07796,0.14717,0.13768,0.25598,0.36933,0.30398,0.13755,0.14462,0.20868,0.26521,-0.057593,0.024271,-0.026768,-0.068153,0.016686,-0.072394,-0.08314,-0.037609,-0.0671,-0.068781,-0.14081,0.010954,0.0069559,-0.1567,0.14421,-0.020608,0.040973,0.013399,0.0099432,-0.047967,-0.069656,0.13453,0.043208,-0.12878,-0.031293,0.13686,0.18049,0.2351,0.062675,0.22543,0.014031,0.27724,0.28738,0.080724,0.11238,0.1119,0.23075,0.48902,-0.064542,-0.054962,-0.075297,0.28853,-0.095239,0.072419,-0.01228,0.17688,-0.071039,0.46922,0.0070683,0.44344,0.032648,0.20402,0.15755,0.39085,0.25406,0.079659,0.10039,0.2165,0.012477,0.10665,-0.03621,0.18196,0.27794,-0.037388,-0.041377,-0.063129,0.12371,0.033199,0.052731,-0.034187,-0.1318,-0.10411,-0.014721,-0.16701,-0.067853,-0.013024,0.066662,-0.025846,-0.062622,-0.01101,-0.0035466,-0.054542,-0.061719,0.071427,0.0078263,0.034931,0.058793,-0.0028803,-0.065734,-0.026594,0.0029145,-0.010751,-0.020042,-0.017624,0.28184,0.11313,0.20563,0.3203,0.13839,0.022663,-0.0036184,-0.096201,0.043441,-0.017423,-0.051094,-0.13422,0.075012,0.0078252,0.31126,0.44784,0.0028244,-0.047728,-0.057514,0.54951,0.31342,0.35633,-0.10948,0.10381,0.0043063,0.024435,0.065421,-0.065059,0.069662,-0.071248,0.045551,0.24082,0.24281,0.098565,0.02744,0.063673,0.019533,-0.0081672,0.005415,0.15102,0.29101,0.28256,0.014119,-0.047925,-0.053692,-0.080819,0.1255,0.19412,-0.06641,0.035861,0.11219
0.011293,-0.013199,0.0051373,0.12139,-0.054235,0.075381,-0.062358,-0.026459,0.038073,-0.061243,-0.095724,-0.10868,0.027452,0.0072114,0.036425,0.10175,0.040878,0.27097,0.11488,0.095184,-0.017396,-0.05989,0.074534,0.10594,0.10056,0.018377,-0.016608,0.0083234,-0.04464,-0.055469,-0.19801,-0.078369,0.38968,0.33979,-0.082645,-0.06805,0.10857,-0.11761,0.031743,-0.014344,0.076155,0.023068,0.01846,-0.10682,-0.04563,0.30458,-0.017311,0.25204,0.64441,0.53965,0.24164,0.44147,0.35157,0.5746,-0.055844,-0.097204,-0.077919,0.076285,-0.096486,-0.099178,0.022201,-0.13736,-0.065041,-0.0089171,0.081275,-0.013258,-0.06399,-0.038792,-0.055611,0.039468,0.073498,-0.015503,0.058832,-0.14161,0.036777,-0.029271,0.052677,0.057302,-0.047328,0.029732,0.14068,0.10312,0.24421,0.19105,-0.033286,0.642,1,0.28349,0.33711,0.42736,0.49567,0.16899,-0.19741,-0.02827,0.12151,0.31688,-0.22392,-0.053506,-0.06994,0.068248,-0.10327,0.20749,0.03587,-0.010603,-0.059597,0.30875,0.28013,0.44508,0.39363,-0.035098,0.0021335,0.20814,0.093218,-0.04587,-0.043777,0.47571,0.50922,-0.11887,0.055733,-0.021075,-0.011597,0.13138,-0.060386,-0.13361,-0.057671,-0.049592,-0.20801,-0.042687,-0.014442,-0.083477,0.1053,-0.061542,0.078602,-0.0054715,-0.011843,-0.012345,0.047344,0.19474,0.1351,0.13625,0.12978,-0.00039878,-0.029283,0.005821,-0.088657,0.11399,0.21702,0.11102,0.50886,0.28764,0.42799,0.43503,0.3798,0.08879,0.12254,0.088821,0.04631,0.23876,0.33688,0.2001,0.1471,0.098264,0.12849,0.44287,0.09387,-0.10167,-0.25736,0.32902,0.72907,0.72635,0.082062,-0.027436,0.0021336,0.086848,0.058024,0.12146,0.00098231,-0.054221,0.059685,0.51285,0.39425,-0.014646,-0.040575,-0.06416,-0.09936,-0.050962,-0.019226,-0.24557,0.36036,0.071776,0.0076189,0.041107,-0.13093,-0.084817,0.50204,0.31045,-0.012313,0.067961,-0.014574,0.0029768,0.064769,-0.0059461,0.010988,0.010471,0.1264,0.12458,0.0041554,-0.0042018,0.019143,-0.10648,-0.078115,-0.1585,0.28229,0.44194,-0.071976,-0.10569,0.048651,-0.054056,0.077437,0.067383,0.14349,0.071695,0.088527,0.075742,-0.06932,0.27021,0.17335,0.25452,0.49761,0.51468,0.10385,0.34308,0.24096,0.3971,-0.056869,0.032275,-0.067796,-0.054147,0.081961,-0.025958,0.019529,-0.015428,-0.080381,0.050435,-0.064768,0.045066,0.029408,-0.11296,0.10228,0.016102,0.11208,0.0040905,0.026273,0.0084367,-0.069496,0.13461,0.013553,-0.15379,-0.0163,0.19353,0.19602,0.065108,0.20613,0.3432,0.099073,0.27121,0.43207,0.27025,0.0041691,0.08449,0.32241,0.27158,-0.042138,0.0039592,-0.0086825,0.073762,-0.15816,-0.089546,-0.03565,0.1233,-0.074945,0.25788,-0.0077495,0.1901,0.044021,0.17187,0.27773,0.2692,0.23129,0.049867,0.11038,0.19863,0.060754,0.076852,0.052553,0.115,0.083603,-0.043383,-0.04771,-0.072489,0.18719,0.038207,0.12885,0.058156,-0.12534,-0.096483,-0.079855,-0.2083,-0.055585,-0.12239,0.080289,-0.018445,-0.060547,0.01696,0.015657,-0.08184,-0.058461,0.079614,0.018043,0.058978,0.058781,0.071667,-0.11617,0.040677,0.023079,0.033042,0.024184,-0.012071,0.27226,0.19525,0.32979,0.16957,0.085261,0.024311,0.037695,-0.12478,0.10543,-0.036476,-0.022038,-0.041964,0.17891,0.11292,0.16756,0.29702,0.036527,-0.068438,-0.10163,0.33451,0.40037,0.45889,-0.11189,0.08827,0.00052622,0.084955,0.12408,-0.020538,0.11289,-0.026806,0.07128,0.29469,0.33055,0.1131,0.033627,0.055718,-0.028076,0.0069574,0.023872,0.035908,0.2974,0.052255,0.036928,-0.083919,-0.10872,-0.10876,0.25891,0.22524,-0.099277,0.024551,0.15594
0.058379,0.064324,0.15544,0.11212,0.13358,0.0080135,0.14963,0.10082,0.015387,-0.01625,0.015979,0.019659,0.13582,0.031585,0.072491,0.066134,0.076977,0.043146,0.14942,0.076489,0.10501,0.0036986,0.058306,0.0083814,0.03698,-0.041427,0.13136,0.14788,-0.18678,-0.15449,-0.013602,-0.030142,0.0068727,-0.077899,-0.015112,-0.040044,0.027056,-0.05499,0.0040307,0.09667,0.052409,0.049085,0.053951,-0.054455,0.31486,0.16069,0.20735,-0.091858,0.22069,0.2167,0.22213,0.27901,0.10645,0.23522,0.11904,-0.0066616,-0.066069,0.11459,0.11544,0.062877,-5.5097e-05,-0.11339,-0.21432,-0.12409,-0.19252,-0.0084023,-0.01233,-0.0084141,-0.17522,0.11201,0.11493,0.13059,0.097049,0.045571,-0.013812,0.0010792,-0.044377,-0.083193,-0.095856,0.1787,0.16277,0.011069,0.2573,0.14217,0.161,0.18495,0.28349,1,0.2913,0.47192,0.29761,0.12027,-0.041315,0.34795,0.35981,0.042668,-0.27919,-0.10956,-0.18545,0.033675,-0.27436,-0.18172,-0.24172,-0.25926,0.02683,0.45117,0.284,0.063078,0.2836,0.016593,0.17837,0.15776,0.35,-0.30745,-0.19574,-0.093572,0.20582,-0.029163,0.0085092,0.090698,0.085559,0.021239,0.12604,0.04794,0.061399,0.055366,-0.17295,-0.15352,0.058071,-0.091878,0.044762,-0.14336,-0.097502,0.036468,0.00040123,-0.20448,0.045263,0.033972,0.039399,0.081818,0.0012099,0.024828,0.092629,0.10982,0.0082561,0.057258,0.09968,0.21893,0.39089,0.42369,0.43988,-0.069012,0.18902,0.11842,0.057151,-0.16714,0.037086,0.10054,0.089023,0.067265,-0.012892,-0.052448,-0.30269,-0.17712,-0.11355,-0.1047,-0.262,-0.09067,0.44478,0.12387,-0.062881,0.00056689,0.070897,0.079434,0.14299,0.051359,0.0024228,0.001097,0.043691,0.2396,0.019366,-0.068931,0.10241,0.1122,-0.031405,0.018686,0.053583,-0.048758,-0.056275,-0.10898,0.031042,0.11253,0.090413,0.088776,0.19236,0.13133,0.021133,0.045633,0.13051,0.0251,-0.0077577,-0.013589,0.03914,0.010052,0.051814,0.078272,0.12638,0.10403,-0.09542,-0.13493,0.22707,-0.05271,0.11402,0.12565,-0.055707,-0.18412,0.075758,-0.029886,0.0036443,0.037981,-0.012582,-0.09973,0.098785,0.16833,0.26275,0.11157,0.25215,0.0077183,0.2777,0.22919,0.21339,0.19485,0.21568,0.35603,0.081224,-0.043893,0.031453,0.091233,0.07503,0.063779,-0.10904,-0.065822,-0.10253,-0.050376,-0.17671,0.0053767,-0.060822,-0.10341,-0.17028,0.073983,0.064242,0.12235,0.077181,0.010846,0.039499,0.077922,0.02059,0.04227,0.055722,0.34924,0.40782,0.04379,0.42905,0.29982,0.12872,0.45605,0.27414,0.63901,0.31044,0.39252,0.23613,0.049696,0.21368,0.37366,0.32271,0.14675,-0.14064,0.074298,-0.14053,0.16326,-0.030478,-0.08679,-0.13372,-0.1266,0.12208,0.44008,0.38495,0.11935,0.34116,0.1083,0.11743,0.076901,0.31902,-0.11791,-0.17657,0.01947,-0.082292,-0.00052452,0.096844,0.047509,0.0059548,0.019924,0.040488,-0.015515,-0.060134,0.12312,-0.040145,-0.022194,-0.008443,0.10878,0.13338,-0.033806,0.019264,0.00088896,-0.037291,-0.2007,0.10966,0.11705,0.15484,0.05814,0.069433,0.067872,0.033893,0.12082,0.17084,0.084695,0.18807,0.22709,0.35814,0.31492,0.39143,-0.011663,0.14029,0.14028,-0.042979,-0.18395,-0.073598,0.19184,0.073895,-0.13045,0.080109,0.033978,-0.20737,-0.16306,-0.15737,-0.03688,-0.14251,0.1091,0.44698,0.28344,-0.034352,0.043653,0.059725,0.11257,0.082914,-0.020575,-0.0068627,0.0061626,0.056102,0.33571,0.227,0.053444,0.079898,0.073012,0.12452,-0.034002,0.065491,0.1405,0.069929,0.017478,0.19828,0.084682,0.099065,0.048897,0.318,0.017974,0.13041,0.21108,0.14384
-0.078924,0.063913,0.094228,0.071101,-0.086466,-0.066602,0.1135,0.04432,0.070964,0.049559,-0.056694,-0.07101,0.013605,0.076765,0.098904,0.043364,0.089111,0.25735,0.19809,0.034329,0.014909,-0.017822,-0.021496,0.0055531,-0.0062032,-0.029565,0.13199,0.048112,-0.13424,-0.027376,0.025471,-0.053391,0.036796,-0.063383,-0.044422,-0.003692,0.027821,-0.052774,0.046354,-0.022165,-0.032801,0.016721,0.0067831,-0.018875,0.028276,0.042225,0.023109,0.0036164,0.27623,0.12209,0.18651,0.19509,0.21991,0.23483,-0.010902,-0.20642,-0.18285,-0.022779,0.046005,-0.059204,-0.14782,-0.18815,-0.16199,-0.19019,-0.18734,-0.0021325,0.039762,-0.0074917,-0.075328,0.092793,0.083141,0.094913,0.041516,-0.081996,0.072605,-0.029357,0.03438,-0.06183,-0.22951,0.0083365,0.10638,0.23211,0.075272,0.076342,0.055267,0.57068,0.33711,0.2913,1,0.58156,0.2952,0.55409,-0.21539,0.05361,0.43847,0.49702,-0.013666,-0.040478,0.15418,0.40222,0.074246,0.441,-0.084559,0.15573,-0.15165,0.51574,0.14667,0.32676,0.30775,0.055975,0.02477,0.1977,0.16339,-0.010698,-0.096036,0.41986,0.50237,-0.095293,0.075456,0.0078873,-0.0081291,0.047548,0.024418,-0.093533,-0.035397,-0.059275,-0.18772,-0.15679,0.18181,0.05425,0.10644,-0.15764,-0.094063,-0.049403,0.0083963,-0.046779,0.088061,0.072044,0.027333,0.069346,0.035803,0.070158,-0.029199,-0.017044,-0.1072,-0.053346,0.037562,0.069189,0.35986,0.099056,0.26674,0.39664,0.27154,-0.026132,0.0014045,-0.054895,0.040943,0.084023,0.16944,0.039221,-0.13186,-0.06566,0.065036,0.29984,0.03934,-0.053,-0.092039,0.28277,0.33688,0.3719,-0.14228,-0.0014629,0.035163,0.013756,0.045691,0.081787,0.0216,-0.0024477,-0.035554,0.26917,0.18913,0.00066189,0.0046722,0.029186,-0.035724,0.072471,0.064512,-0.18885,0.22249,0.53491,0.054088,0.11048,0.021613,0.037598,0.18948,0.3637,-0.0036347,-0.059913,0.13075,0.0096872,-0.0026179,0.064729,-0.024248,-0.026451,-0.014413,0.015515,0.12339,0.043119,-0.043381,-0.030392,0.10216,-0.071062,0.1134,0.076041,0.013559,-0.061608,0.00075988,-0.030715,-0.01737,0.040569,0.066586,-0.0716,0.048473,0.16935,0.16775,-0.01051,0.12703,0.083645,0.20009,0.097238,0.17344,0.086455,0.23666,0.076102,0.060647,-0.074749,-0.056823,-0.0080224,0.063505,-0.055746,-0.20446,-0.012385,-0.10322,-0.13466,-0.048817,-0.037583,0.059254,-0.075853,0.044349,0.074146,0.037812,0.030313,-0.018225,-0.016259,0.014493,0.084527,0.034078,-0.1726,-0.15107,0.16015,0.13612,0.26749,0.20457,0.096974,-0.10298,0.33438,0.073732,0.19746,0.38887,0.33163,0.21474,0.29864,0.10783,0.12921,0.041928,0.36636,-0.084429,0.16635,0.043295,0.1622,0.00072683,0.2273,-0.17438,0.21665,-0.164,0.40657,0.084543,0.24919,0.30973,0.037084,0.11544,0.25671,0.091686,-0.013755,-0.10739,0.056598,0.33878,0.036959,0.045727,0.017681,-0.018826,-0.061326,0.040459,-0.056785,-0.017653,-0.10069,-0.12546,-0.15664,-0.055395,-0.082235,-0.011525,-0.077939,-0.090697,-0.063607,0.0075978,-0.10454,0.062117,-0.050609,0.063306,-0.048833,0.11951,0.011701,-0.0055589,0.10292,0.035224,0.037778,0.039221,0.11392,0.2838,0.12347,0.27378,0.32636,0.15336,0.16671,0.021772,-0.04567,0.055438,0.15049,0.076868,-0.12709,-0.011711,-0.012363,0.058814,0.21148,4.4497e-05,-0.069551,-0.086413,0.38746,0.30637,0.21969,-0.016516,0.056704,-0.073009,-0.075702,0.088051,0.060488,0.071164,0.057776,0.23483,0.16859,0.016543,0.043589,-0.072079,-0.039396,0.074208,-0.074953,0.11524,0.081252,0.1067,0.37182,0.087294,0.023416,0.085609,0.016007,0.062908,0.073635,0.049129,0.036958,-0.075196
-0.036256,0.040091,0.062443,0.11028,-0.034017,-0.024749,0.12411,0.093093,0.056205,0.003231,-0.037017,-0.06836,0.059789,0.081212,0.094335,0.058173,0.064695,0.25425,0.23499,0.030125,-0.017919,-0.047545,-0.014135,0.017577,0.012057,-0.046863,0.038001,0.02912,-0.16059,-0.10969,-0.072285,-0.089066,0.15061,0.1058,-0.060022,0.044865,0.058138,-0.074377,0.019154,-0.0039927,0.020365,-0.00017093,-0.032956,-0.053565,0.16768,0.14733,0.0043685,0.055086,0.37968,0.18042,0.26775,0.29813,0.26271,0.3916,-0.044396,-0.16563,-0.12589,0.0034767,-0.0024326,-0.053005,-0.084802,-0.17575,-0.095693,-0.078566,-0.077711,0.00092307,0.043812,0.00756,-0.056041,0.022896,0.046512,0.022591,0.028967,-0.10989,0.0051622,-0.024339,0.024024,-0.002759,-0.14383,0.12033,0.21163,0.047665,0.16411,0.14052,-0.015272,0.49844,0.42736,0.47192,0.58156,1,0.38807,0.33776,-0.22636,0.099641,0.3072,0.2519,-0.18754,-0.14101,-0.077927,0.073739,-0.097887,0.15204,-0.040477,-0.092521,0.035264,0.5109,0.24783,0.42747,0.44746,0.026084,0.032928,0.23418,0.23616,-0.051359,-0.10931,0.23823,0.54064,-0.14293,0.012811,-0.035384,-0.048692,0.05001,-0.04505,-0.1244,-0.052915,-0.082852,-0.17316,-0.10229,0.069251,-0.068998,0.062531,-0.13325,-0.054468,-0.054836,0.030691,-0.049544,0.080433,0.083238,0.055373,0.01438,0.082682,0.027804,-0.090426,-0.074181,-0.088457,-0.024353,0.09951,0.086367,0.4379,0.26186,0.4025,0.22761,0.38061,0.01677,0.026963,-0.028534,0.073693,0.063285,0.18784,0.057765,-0.030734,-0.056166,-0.028711,0.18305,-0.043091,-0.060266,-0.16243,0.22747,0.45008,0.39424,-0.073128,-0.046132,0.021381,0.058401,0.045823,0.097608,0.01861,-0.040255,-0.035048,0.39997,0.18152,-0.02045,0.01855,0.016741,-0.059478,-0.03022,-0.0052795,-0.24025,0.13587,0.18566,0.021567,0.058762,-0.078082,-0.078345,0.23114,0.35913,-0.064861,0.031997,0.13965,-0.011574,0.048936,0.0074744,-0.046973,-0.046888,0.017297,0.035789,0.0522,0.0033488,-0.10405,-0.11585,0.084337,-0.13171,0.21747,0.29163,-0.037636,-0.065751,0.02378,-0.045581,0.025472,0.034824,0.12665,-0.036765,0.0078875,0.12243,0.19092,0.064024,0.11445,0.18636,0.36845,0.17396,0.25731,0.21682,0.27841,0.28829,0.0053647,-0.038923,0.024204,0.0080994,0.05118,-0.045485,-0.11087,-0.022239,-0.044725,-0.076006,-0.083454,0.022915,0.053567,-0.1049,0.018989,0.015965,0.03239,0.021746,0.0067876,-0.014139,0.013649,0.13004,0.055695,-0.093018,-0.024767,0.24538,0.32249,0.20223,0.3242,0.17006,-0.06816,0.4616,0.29173,0.39082,0.43735,0.42401,0.30889,0.27145,0.05481,0.12665,0.039529,0.25659,-0.14101,0.014679,-0.15222,0.029435,-0.11855,0.17052,-0.050929,0.1972,0.10993,0.46939,0.21332,0.26811,0.41422,0.15831,0.10729,0.24988,0.1652,-0.043344,-0.076312,-0.0013471,0.2719,-0.048537,0.0040313,-0.028011,0.027571,-0.041467,0.036335,-0.075785,-0.046921,-0.11334,-0.054834,-0.13889,-0.04254,-0.049045,0.06933,-0.04514,-0.083261,-0.039903,0.035037,-0.12342,0.058369,-0.0066008,0.070844,-0.045796,0.07616,-0.032514,-0.092486,-0.040735,0.0073792,0.010678,-0.021343,0.076361,0.32792,0.14307,0.37993,0.22669,0.24303,0.15896,0.0039741,-0.074041,0.077154,0.068982,0.0094665,-0.1073,0.0050918,-0.040881,0.051942,0.12564,-0.051988,-0.061856,-0.076029,0.44834,0.40467,0.3471,-0.040474,0.012231,-0.051942,-0.055319,0.046865,0.012301,0.050808,0.011247,0.12548,0.31178,0.15574,0.077892,-0.025687,0.007355,0.076896,-0.074804,0.1004,0.063149,0.24032,0.20783,0.16684,-0.018897,0.010779,-0.1292,0.11248,0.15127,-0.028505,0.21405,0.096918
0.050507,-0.031586,0.11648,0.16948,0.0092486,0.063532,0.012104,0.129,0.0094617,-0.066926,0.043599,0.015034,0.11649,0.14147,0.089014,0.11392,0.11669,0.28452,0.16808,0.17511,0.050758,0.058039,0.10096,0.12898,0.15691,0.080472,-0.0043541,0.057318,-0.022519,0.040736,-0.17458,0.036129,0.3766,0.36378,0.060659,0.12421,0.11045,0.039357,0.087804,0.060578,0.12579,0.061804,0.068858,-0.10255,0.015723,0.2122,-0.010208,0.081191,0.47056,0.42699,0.28542,0.36712,0.37939,0.51843,-0.018396,-0.045759,-0.038944,0.11292,-0.04896,-0.077782,-0.038079,-0.082126,-0.10487,-0.068944,0.085545,0.01561,0.05787,0.074418,0.063824,0.0047957,0.055359,0.016666,0.059137,-0.067756,-0.0021252,-0.038453,0.069522,-0.0043389,-0.051484,0.17666,0.23872,0.1424,0.43515,0.37327,0.14723,0.4516,0.49567,0.29761,0.2952,0.38807,1,0.23039,-0.1879,-0.0020301,0.29348,0.39473,-0.18617,0.004745,-0.03641,0.14968,-0.10526,0.25797,-0.078584,0.077352,-0.048804,0.35131,0.46501,0.45879,0.34245,0.071171,0.021532,0.23043,0.22668,-0.016319,-0.074923,0.29541,0.36609,-0.09094,0.020149,-0.038554,0.022841,0.16206,-0.0014396,-0.092146,-0.033602,0.0015044,-0.17345,-0.063579,0.016212,0.035886,0.10245,-0.026234,0.04301,-0.016926,0.0071478,-0.013294,0.11117,0.18464,0.12144,0.11199,0.074568,-0.047542,0.012453,-0.03795,0.036428,0.098568,0.15668,-0.0097969,0.37389,0.3375,0.47578,0.41979,0.42519,0.07391,0.11912,-0.027126,0.074063,0.19005,0.13728,0.11202,0.16101,0.011079,0.1846,0.40322,0.10718,-0.1407,-0.21463,0.30852,0.58122,0.60156,0.12807,0.049002,0.061056,0.068211,0.055061,0.13656,0.087645,0.038154,0.075195,0.43908,0.2221,0.063523,0.041092,0.065742,-0.045237,-0.069795,0.0089139,-0.11195,0.31628,0.16769,0.0068788,0.11638,-0.022824,-0.030477,0.33505,0.36845,-0.016167,0.084887,0.10886,0.096332,0.0048531,0.051508,0.029372,0.043269,0.13499,0.11472,0.030453,0.055861,0.04986,-0.069031,-0.052504,-0.031645,0.3587,0.45531,0.032833,-0.01395,0.073266,0.075555,0.1628,0.069965,0.11825,0.027084,0.14025,0.052377,-0.030094,0.13038,0.075357,0.18448,0.41533,0.38983,0.18486,0.28066,0.28996,0.40765,-0.032776,0.031359,0.043953,0.015686,0.074275,-0.025916,-0.0015081,-0.015625,-0.18775,-0.10517,-0.10999,0.012516,0.057754,-0.037047,0.15122,-0.0062857,0.05824,0.073929,0.033282,-0.018599,-0.062225,0.095866,0.018218,-0.036552,-0.0059906,0.25415,0.23636,0.10336,0.1581,0.36513,0.17436,0.21704,0.22142,0.23699,0.10177,0.15233,0.33869,0.29848,-0.065811,-0.007048,0.00086162,0.10007,-0.14027,-0.052189,-0.069319,0.086361,-0.093639,0.20925,-0.096979,0.24764,0.043802,0.16749,0.28774,0.21003,0.23698,0.10293,0.16202,0.1883,0.1528,0.074947,-0.087927,0.10401,0.052989,-0.096734,-0.037686,-0.039618,0.12323,0.023696,0.08999,-0.036967,-0.062122,-0.054895,-0.056287,-0.12373,0.041798,-0.016766,0.12435,-0.012602,-0.02896,-0.029764,-0.032833,-0.083275,0.019406,0.14281,0.065177,0.070357,0.03948,0.012944,-0.063029,-0.037766,0.025743,0.04091,-0.0055617,0.0022465,0.25019,0.15737,0.31182,0.14514,0.18491,0.0029622,0.00042927,-0.16777,0.132,-0.011766,-0.070295,-0.17644,0.15197,0.030814,0.19838,0.27469,-0.037628,-0.079546,-0.16064,0.30888,0.27993,0.33453,0.019401,0.022112,0.036811,0.059644,0.071033,0.044399,0.16447,0.013808,0.025401,0.3288,0.29146,0.069304,0.091793,0.068887,0.097394,0.036422,0.020675,0.079962,0.28395,0.065875,0.078211,0.0029946,0.0058353,-0.087022,0.24177,0.19519,-0.044364,0.14752,0.22158
-0.08205,0.020714,0.043249,0.037663,-0.044891,0.00059951,0.17024,0.17668,0.060822,0.036602,0.070309,0.069031,0.1253,0.125,0.14902,0.033265,0.14195,0.4917,0.13888,0.15185,0.025891,0.043517,0.073274,0.057831,0.078921,0.053716,0.041472,0.10088,0.067578,0.08645,0.19163,0.028158,0.10997,0.16659,0.023892,0.0036708,0.0082929,0.01991,0.065159,0.026503,0.091666,0.035193,0.13421,0.2329,0.16555,0.055184,0.17544,0.15053,0.1179,0.046821,0.27508,0.044371,0.13891,0.17136,0.010151,-0.013919,0.075084,-0.021511,0.066549,0.015689,-0.048587,0.00039601,0.13407,-0.016847,0.093752,0.0088443,-0.045658,0.082544,-0.0070351,0.051954,0.069492,0.11856,0.016127,-0.020061,0.045606,0.076995,0.069193,-0.029743,-0.03793,0.010947,0.25439,0.49906,0.20956,0.081645,0.16986,0.53696,0.16899,0.12027,0.55409,0.33776,0.23039,1,0.11476,0.03702,0.4417,0.57249,0.23002,0.18862,0.26613,0.5588,0.14948,0.62339,0.18924,0.50481,0.19391,0.40693,0.062743,0.30647,0.19923,0.36625,0.094518,0.14008,0.14198,0.071438,0.039884,0.39769,0.43538,-0.011348,0.064618,0.068597,0.056257,0.085337,0.086258,0.013474,0.067681,0.057069,0.030593,-0.030367,0.1127,0.41935,0.12339,-0.072898,-0.096118,-0.050524,0.001114,0.015299,-0.01,0.091411,-0.0024706,0.0929,-0.030161,-0.0018426,0.029689,0.0085212,0.035233,0.033002,-0.059774,0.12286,0.41114,-0.033819,0.063059,0.37768,0.13474,0.046557,0.062152,0.044152,-0.033169,0.15084,0.060212,-0.012929,0.079824,0.053385,0.38086,0.31235,0.087481,0.053372,0.19598,0.61782,0.18259,0.25925,-0.044191,0.070207,0.046008,0.029622,-0.026231,-0.070827,0.034568,0.08048,0.021542,0.27919,0.18805,0.037107,0.0082214,0.057778,0.02092,0.12032,0.068542,0.19252,0.47221,0.54156,0.06837,0.14762,0.15712,0.099615,-0.037141,0.41974,0.059479,0.056551,0.19716,0.11893,-0.034421,0.10014,0.054926,0.091094,0.056482,0.072823,0.084551,0.10794,0.013802,0.083972,0.033337,0.032615,0.109,0.11771,0.0074965,0.037444,0.056833,0.07099,0.021499,0.030074,0.044854,-0.084373,0.14559,0.098579,0.021612,-0.018517,0.069544,-0.0076305,-0.043589,-0.076008,0.22013,-0.17701,0.079511,-0.026351,0.043357,0.045348,0.062342,0.024133,0.012818,0.022934,-0.093212,0.038722,0.0097639,-0.054012,0.0048726,0.00067563,0.063899,0.014373,0.11969,0.030612,0.027551,0.09776,0.044682,0.0032451,0.075267,0.1148,0.10236,0.075121,0.01999,0.13594,0.19038,0.3001,0.048864,-0.035515,-0.13587,0.075483,-0.091675,-0.078216,0.13214,0.10867,-0.070341,0.3475,-0.039572,-0.060442,-0.13158,0.27148,0.066454,0.12916,0.0018535,0.10677,-0.0097321,0.34591,0.046092,0.36676,0.078423,0.14636,-0.083034,0.2455,0.14047,0.16895,0.12273,0.11021,-0.0046354,0.14894,-0.068918,0.014495,0.23135,0.086152,0.10419,0.03654,-0.021797,-0.0018121,-0.0055392,-0.060597,0.015913,0.011139,0.11649,0.068856,-0.046252,0.20106,0.015317,-0.0027739,-0.015912,-0.031164,0.045061,0.063704,0.019357,-0.029704,0.04249,0.025488,0.074347,-0.062565,0.0547,-0.033535,0.081094,-0.0042488,-0.022558,0.077807,0.12022,-0.058376,-0.039963,0.13822,0.116,0.11109,-0.073969,-0.01301,0.017801,0.058872,0.12846,-0.067112,0.053134,0.054956,0.20343,0.21056,0.054676,0.066858,0.067674,0.40248,0.056928,-0.052414,0.040722,0.095719,0.0079249,-0.043753,0.047054,0.01735,0.093895,0.036099,0.14454,0.05946,-0.0051758,0.086809,-0.03182,0.0034826,0.090545,-0.022884,0.070811,0.23095,0.1256,0.27109,-0.013395,0.10727,0.16849,0.057041,-0.081108,-0.014183,0.080966,0.10285,0.09513
0.070153,-0.0060111,-0.08723,-0.081789,0.12139,0.16598,0.048296,0.16844,-0.0069431,-0.003379,0.12655,0.17861,0.19717,0.06282,0.08553,0.042112,0.067164,0.25561,-0.079688,0.24571,0.15146,0.19698,0.2284,0.13044,0.17094,0.18567,0.11504,0.23551,0.35041,0.12653,0.34117,0.21841,0.016477,0.1432,0.13902,0.035262,0.11606,0.17451,0.11988,0.18252,0.21535,0.1377,0.22597,0.47058,0.37829,0.15602,0.32186,0.21193,-0.26791,-0.12338,0.068273,-0.18326,-0.10453,-0.11332,0.19482,0.31137,0.3488,0.050933,0.14761,0.17263,0.23508,0.3578,0.41871,0.26261,0.2944,0.10223,-0.04176,0.15941,0.1075,0.16232,0.14921,0.20794,0.14593,0.19742,0.12145,0.17643,0.056201,0.12021,0.35338,-0.046033,0.12298,0.26614,0.092392,-0.090837,0.089653,-0.14473,-0.19741,-0.041315,-0.21539,-0.22636,-0.1879,0.11476,1,0.27938,0.016984,-0.042325,0.41204,0.35816,0.1786,0.15712,0.20807,0.018211,0.36407,0.21058,0.53318,-0.041175,-0.09627,-0.1461,-0.11155,0.29682,0.14774,-0.0071724,0.053478,0.085714,0.24826,-0.047126,-0.15235,0.22863,0.090209,0.14451,0.12331,0.10146,0.19538,0.24723,0.18709,0.27396,0.32951,0.25667,0.0040933,0.30867,-0.0266,0.20806,0.12199,0.1338,0.081621,0.14742,-0.15149,0.055881,-0.024374,0.064347,-0.11088,-0.028881,0.20327,0.28936,0.146,0.10942,-0.0083717,0.30887,0.10493,-0.085427,-0.18455,-0.042429,-0.13293,0.1427,0.16448,0.1346,0.00036782,0.26734,0.016088,0.04948,0.26217,0.21384,0.22968,-0.042851,0.11641,0.2154,0.42942,0.21883,-0.19578,-0.23796,0.19055,0.10481,0.10151,-0.042758,0.056518,-0.047598,0.12047,0.1848,0.1128,-0.061043,0.010554,0.065916,-0.015478,0.045785,0.030296,0.15096,0.10054,0.58624,0.16911,0.062241,0.067172,0.19542,0.23322,0.26746,-0.19892,-0.034445,0.18014,0.25836,0.051954,0.2146,0.018237,0.13653,0.24595,0.25784,0.22932,0.19017,0.12781,0.2386,0.20338,0.22751,0.0048097,0.18756,-0.087967,-0.058973,0.034735,0.12016,0.19048,0.17073,0.116,0.12572,0.06008,0.030102,0.24062,0.055764,-0.1103,0.12861,0.14618,-0.085171,-0.28872,-0.24298,0.0058503,-0.29893,-0.17949,-0.11375,0.10737,0.23352,0.24375,0.022335,0.034559,0.18566,0.18826,0.15378,0.2474,0.14604,0.12582,0.078204,0.05275,0.12915,0.078204,0.11695,0.14143,0.2438,0.15072,0.1605,0.10599,0.081708,0.096829,0.35546,0.26879,0.0050413,0.070014,-0.048119,-0.11277,-0.11743,-0.0011872,-0.20254,-0.092599,-0.17256,-0.2428,-0.22165,-0.31638,-0.081585,0.05473,-0.0078658,0.060084,-0.13633,0.29276,0.011816,0.046147,-0.039488,0.18321,0.047383,0.33509,-0.021481,0.3365,-0.24737,-0.080136,-0.04928,-0.15497,0.17008,0.043119,-0.12858,-0.087294,0.19399,0.12566,0.021249,-0.12542,0.2587,0.2203,0.12756,0.13477,0.13033,0.066221,0.16921,0.060331,0.24289,0.38141,0.32419,0.038312,0.30648,0.054656,0.12909,0.21921,0.12268,0.11522,0.22809,-0.064611,0.11774,-0.012205,0.13243,-0.022104,0.044327,0.18157,0.088957,0.10287,-0.019479,0.080631,0.14334,-0.057505,-0.052452,-0.34402,-0.1298,-0.056285,0.0065506,-0.0088417,0.14463,0.043624,0.07061,0.17211,0.13845,0.15304,0.1869,0.092043,-0.069673,0.14883,0.28739,0.25159,-0.10162,-0.18982,-0.29468,0.1104,0.087903,0.17071,0.10367,0.093037,0.040691,0.094739,0.018874,-0.10019,-0.12356,-0.027921,0.16949,0.066665,0.11245,0.043401,0.14918,0.031035,0.19459,-0.030184,-0.083741,-0.022916,0.20038,0.14797,0.26664,-0.034093,-0.16842,0.14665,0.12368,0.23406
0.028086,0.036795,-0.01076,-0.065753,0.067465,-0.035149,0.043792,0.057801,-0.011917,-0.02908,0.010215,0.049558,0.077344,0.013641,0.035219,0.0030272,0.019389,-0.020424,0.1093,-0.029833,0.054373,0.012802,-0.025617,-0.044042,-0.021942,-0.023924,0.12973,0.071696,-0.021661,-0.061313,0.39579,-0.017027,-0.14739,-0.12989,-0.0004033,-0.013787,0.035335,-0.011374,0.016488,0.094629,0.055111,0.031462,-0.019138,0.1398,0.40767,0.074609,0.24734,-0.097431,-0.098015,-0.072237,0.032179,-0.019618,-0.098101,-0.064851,0.068767,-0.014562,-0.029485,0.039564,0.085298,0.029045,-0.041383,-0.036196,-0.031524,-0.09603,-0.12393,-0.0065785,-0.02523,-0.051427,-0.083733,0.084579,0.035177,0.108,0.036611,0.036813,-0.0093741,0.016063,-0.0013303,-0.001226,-0.017466,0.030194,-0.040864,-0.0070608,-0.015118,-0.030626,0.042197,-0.014666,-0.02827,0.34795,0.05361,0.099641,-0.0020301,0.03702,0.27938,1,0.20997,-0.10607,-0.065173,0.085698,-0.044421,0.14943,-0.05871,-0.1679,-0.12255,-0.16799,0.15132,0.23442,0.062535,-0.13107,0.031633,-0.071925,0.066416,0.025615,0.15293,-0.13334,-0.13607,-0.11948,-0.019527,0.028007,0.005197,0.061172,0.037245,-0.01444,0.090605,0.048673,0.024367,0.04401,-0.03971,-0.065728,0.095158,-0.021901,-0.013543,-0.0038759,-0.06113,0.025848,-0.012911,-0.1113,0.00023345,-0.056086,-0.067384,-0.069525,-0.065067,0.12393,0.054538,0.18394,0.029454,-0.032143,0.19933,0.37348,0.19753,0.18387,0.092614,-0.16374,-0.040284,0.045795,-0.0045296,-0.071623,0.057194,0.19684,0.042836,0.013397,-0.048283,-0.035645,-0.19486,-0.17816,-0.05297,-0.049524,-0.074326,-0.14016,0.067377,-0.13533,-0.066756,-0.0076945,0.032536,0.020172,0.091675,-0.0080628,-0.02649,-0.002115,-0.0093091,0.013619,-0.019632,-0.047168,0.016943,0.03878,-0.0034878,0.02379,0.02619,0.19935,-0.08055,-0.054578,0.12724,0.040969,0.044529,0.062339,0.090504,-0.067019,0.016764,0.020371,-0.015221,-0.0072863,-0.0394,-0.020154,-0.0011518,-0.012024,-0.010195,0.0056743,0.11767,0.066941,-0.016515,0.0070008,0.3723,-0.011472,-0.046314,-0.12071,-0.034851,-0.094575,0.048344,-0.009183,-0.0046258,0.044834,0.035681,-0.10299,-0.0007326,0.2705,0.30795,0.0365,0.2228,-0.058141,-0.076388,-0.12185,0.015409,-0.070638,-0.022998,-0.053476,0.091204,-0.08615,0.0071337,0.082652,0.024276,-0.0079875,-0.066705,0.0066103,0.047192,-0.041566,-0.086221,-0.050149,-0.07208,-0.04655,-0.13159,0.066425,0.022168,0.10344,0.031298,0.02137,0.073177,0.02212,0.00022276,0.059922,0.081022,0.022082,0.070824,0.063588,0.10707,-0.011442,-0.025936,0.15228,-0.036995,0.253,0.16388,0.054694,-0.11402,-0.012432,0.38215,0.41769,0.3086,0.0824,0.00089991,0.17315,-0.077031,0.12881,0.057453,-0.067051,-0.027581,-0.074093,0.16777,0.24244,0.13222,0.040997,0.022373,-0.03789,-0.025066,-0.047643,0.13828,-0.050575,-0.10665,-0.032261,-0.074182,0.052166,0.050209,0.031653,0.015207,0.010466,0.0061039,0.00091136,-0.039375,0.079353,0.074255,0.006402,-0.030922,0.08214,0.019796,0.014264,-0.013243,-0.00061911,-0.012994,-0.079114,0.045058,-0.0081739,0.016173,-0.036426,0.021148,0.12784,0.05391,0.19249,0.035141,0.0058039,0.18955,0.35338,0.19208,0.13948,0.028639,-0.091668,0.026856,0.094195,-0.015696,-0.03176,-0.062404,0.25776,0.05102,-0.019771,-0.035319,-0.0087063,-0.12337,-0.16477,-0.079833,-0.022316,0.0076568,-0.022881,0.14044,-0.12302,-0.013012,-0.0087841,0.03932,0.012177,0.027057,-0.041304,-0.040855,-0.019368,-0.0096584,0.071828,-0.050493,0.012073,-0.020704,-0.022446,-0.00011124,-0.025327,0.04927,0.11154,-0.10145,0.044473,0.1734,0.089445,0.038699,0.12178,0.1317,-0.067301,0.10214,0.05637,-0.052321
0.0033234,0.050804,0.051981,0.067752,0.076044,0.031561,0.14585,0.15911,0.001592,-0.00889,0.050163,0.074732,0.14625,0.095482,0.098905,0.067589,0.14315,0.25997,0.22544,0.1811,0.093101,0.074301,0.096873,0.068637,0.077555,0.032835,0.070236,0.14322,-0.041091,0.041084,0.042217,0.045798,0.017672,-0.028135,0.044328,0.033173,0.039111,0.026103,0.071172,0.026619,0.085134,0.087542,0.13393,0.067581,0.18119,0.10091,0.16626,-0.026713,0.071305,0.098533,0.16132,0.083969,0.11661,0.13777,0.071015,-0.0050732,-0.01282,0.058844,0.058094,-0.0028486,-0.053781,-0.026381,-0.10229,-0.10696,-0.047769,0.0067593,0.026082,0.054988,-0.019336,0.083261,0.10209,0.12681,0.10786,0.018947,0.026995,0.032517,0.05049,-0.050051,-0.069747,0.023841,0.15135,0.33373,0.16249,0.04089,0.26624,0.30261,0.12151,0.35981,0.43847,0.3072,0.29348,0.4417,0.016984,0.20997,1,0.51046,0.010714,0.14256,0.090937,0.43611,0.073847,0.20247,-0.11808,0.15737,0.043677,0.48491,0.23351,0.13001,0.23878,0.13928,0.14613,0.18781,0.29944,-0.11103,-0.072753,0.14407,0.15119,-0.0089731,0.024836,0.046175,0.12011,0.071002,0.090893,-0.023149,0.072588,0.021445,-0.10676,-0.060223,0.09527,0.17215,0.040116,-0.086416,-0.012418,0.01233,0.021935,-0.072276,0.039399,0.078497,0.034123,0.12804,0.018977,-0.049679,0.038005,0.038622,0.02798,0.075389,0.045809,0.096263,0.36414,0.16865,0.30203,0.25063,0.20603,0.12387,0.089557,-0.014632,0.0035356,0.17374,0.097059,0.086731,0.035318,0.019982,-0.0041966,0.046252,0.04072,-0.08838,-0.030772,0.20151,0.26265,0.14495,0.018434,0.072047,0.076081,0.022536,0.072436,0.068889,0.055465,0.082679,0.041399,0.17746,0.06364,0.025716,0.08095,0.10258,0.018052,0.075977,0.080868,0.15734,0.19201,0.3597,0.060456,0.14612,0.084354,0.076724,0.069597,0.24328,0.044486,0.033119,0.071545,0.098599,-0.050583,0.051959,0.073538,0.042019,0.058872,0.080219,0.067735,0.097116,0.02519,0.0076704,0.10226,0.0064291,0.048388,0.042513,0.033798,-0.042884,0.07987,0.039961,0.043542,0.030279,0.034039,-0.062532,0.17358,0.1004,0.078323,0.0094784,0.15689,0.034269,0.1105,0.07336,0.1702,0.038434,0.12338,0.1264,0.0038408,-0.036893,0.063706,-0.0043028,0.045646,0.0030226,-0.10902,-0.040389,-0.11666,-0.11139,-0.078078,-0.021973,0.058435,-0.073802,0.023166,0.025964,0.044639,0.11702,0.075801,-0.04292,-0.0042628,0.080655,0.081807,0.0031413,-0.021508,0.19037,0.2174,0.27298,0.15748,0.16303,0.15476,0.31178,0.091687,0.22071,0.28108,0.28828,0.1588,0.34347,0.13258,0.18823,0.21717,0.41743,0.004184,0.29372,0.083734,0.24556,0.12659,0.18404,-0.07019,0.18712,0.0038679,0.34726,0.18837,0.33635,0.24334,0.1043,0.20363,0.18199,0.20347,0.065842,-0.11295,0.14419,0.093539,-0.0044613,0.04821,0.045227,0.022059,-0.006981,0.052632,-0.031258,-0.056939,0.028959,-0.0059473,0.030053,-0.027262,0.18816,0.073297,-0.057657,0.020453,-0.0082753,-0.019828,-0.046839,0.037373,0.10276,0.018499,0.064989,0.077456,0.043344,0.0076104,0.032976,0.091016,0.039684,0.078001,0.12455,0.34058,0.16693,0.17897,0.22061,0.16022,0.070823,0.01484,-0.018594,0.061207,0.13949,0.042463,-0.12873,0.039108,0.038065,0.089233,0.12372,-0.0090727,-0.012895,-0.010172,0.30716,0.27688,0.15935,0.031666,0.055901,0.051042,0.065979,0.057853,0.03221,0.059357,0.0097792,0.038146,0.16432,0.13334,0.072466,0.056377,0.056015,0.1594,-0.004025,0.032743,0.31019,0.10415,0.28855,0.10725,0.072042,0.11736,0.046236,0.14616,0.076296,0.096844,0.11189,0.080734
0.031286,-0.0069772,-0.013412,0.051436,-0.013514,0.10354,0.043789,0.13581,-0.014361,-0.016735,0.037843,0.031128,0.12039,0.064957,0.054329,0.098187,0.1154,0.48616,0.11936,0.19759,0.062499,0.033174,0.090401,0.053127,0.065152,0.065055,-0.074166,0.063978,0.001617,0.04661,-0.10752,0.035904,0.24977,0.23976,0.00085703,-0.032342,0.034423,-0.0074873,0.015269,-0.063314,0.044877,0.082545,0.13568,0.046741,-0.024699,0.11294,0.050616,0.15183,0.30958,0.26532,0.20872,0.17385,0.25995,0.36613,0.018708,0.028699,-0.0054035,0.045341,-0.065114,-0.01968,0.040162,0.031836,-0.011547,-0.03296,0.13613,-0.0040742,-0.067542,0.029043,0.021981,0.0020259,0.083287,0.022211,0.090605,-0.00014373,0.029068,0.032092,0.078571,-0.045807,-0.002153,-0.028325,0.24466,0.49673,0.23505,0.069049,0.16341,0.62535,0.31688,0.042668,0.49702,0.2519,0.39473,0.57249,-0.042325,-0.10607,0.51046,1,0.084456,0.11642,0.15742,0.44617,0.11975,0.57562,0.094964,0.49554,-0.013989,0.34712,0.21761,0.47369,0.28613,0.30589,0.11013,0.2139,0.13916,0.01406,0.043639,0.52914,0.349,-0.049692,0.039357,0.026381,0.049758,0.12139,0.017079,-0.02063,0.032388,0.016576,-0.079632,0.0318,-0.022117,0.24709,0.046149,-0.03213,0.062986,0.038426,0.0068615,0.019857,-0.016983,0.18978,0.10074,0.13786,0.046223,-0.083264,0.025258,0.011542,0.012482,0.13316,0.033018,0.005822,0.4057,0.10328,0.30205,0.60215,0.37003,0.16854,0.18429,0.11429,-0.068413,0.24677,0.15716,0.098279,0.12774,0.043452,0.33795,0.4498,0.090676,-0.05863,0.024858,0.52884,0.37213,0.52886,0.068004,0.06931,0.030397,0.0059982,0.0027977,0.054805,0.022098,0.049167,0.097657,0.33284,0.17193,0.067129,-0.032761,-0.0021696,-0.055118,0.03793,0.042175,0.088159,0.54645,0.59169,0.034048,0.095637,0.017036,0.071734,0.14023,0.4458,0.073571,0.089992,0.02022,0.070865,-0.015092,0.054987,0.044529,0.021638,0.086318,0.15001,-0.023499,0.068428,0.042672,0.048286,-0.10524,-0.058106,0.12133,0.21255,-0.0041257,-0.057583,0.12828,0.046325,0.046029,0.00050373,0.0049979,0.044245,0.24636,-0.0084556,-0.14668,0.067416,0.10002,0.12505,0.18823,0.1735,0.10266,-0.0036166,0.1053,0.18237,-0.066995,0.064253,-0.0080947,-0.052926,0.034865,0.026152,-0.00026724,-0.015987,-0.087624,-0.082483,-0.085235,0.042736,0.074662,-0.063509,0.18329,-0.020286,0.058684,0.046114,0.089978,0.024441,-0.040651,0.095685,0.036321,-0.034589,-0.020814,0.064413,0.088055,0.2323,-0.076456,0.13744,0.072326,0.14083,0.1204,-0.11245,0.04833,0.076884,0.1329,0.48516,-0.079568,-0.098236,-0.052888,0.38113,0.02303,0.15199,0.0713,0.19734,0.026816,0.45848,0.0088154,0.43741,-0.025919,0.072168,0.086025,0.39533,0.22434,0.12167,0.17418,0.21817,0.013016,0.16084,-0.015492,0.2288,0.19587,-0.024002,-0.019809,0.003585,0.086623,0.053289,0.040436,0.024558,-0.10239,-0.0064382,0.036236,-0.020058,-0.035367,0.15331,0.049513,0.018451,0.049247,0.021898,0.018777,0.059293,-0.066459,0.14398,-0.016664,0.086389,0.060059,0.033509,-0.0066795,0.0069211,0.038451,-0.0015773,0.01262,-0.044522,0.21483,0.11352,0.075165,0.33437,0.14809,-0.014237,-0.032146,-0.038355,0.042118,-0.0072342,0.032734,-0.16049,0.098151,0.025517,0.3205,0.43103,0.0073494,0.025795,-0.037248,0.43125,0.17679,0.22958,0.0091671,0.11067,0.051598,0.047532,0.087511,0.0236,0.10343,-0.036768,-0.025913,0.13209,0.17649,0.12907,0.069826,0.08985,0.075643,0.038963,-0.025583,0.23781,0.23178,0.31666,-0.014388,-0.0049665,-0.0048218,0.0069468,0.085298,0.15055,0.013806,0.010739,0.097178
0.021591,0.019504,-0.0064763,0.0069792,0.062887,0.10772,0.1271,0.18733,0.010705,0.020733,0.13626,0.15383,0.21583,0.17156,0.2083,0.062698,0.077564,0.31521,0.01366,0.29735,0.21943,0.32022,0.3171,0.24092,0.29661,0.27888,0.21881,0.24924,0.50153,0.42564,0.27359,0.33481,-0.00060782,0.070764,0.27976,0.24386,0.20326,0.3015,0.24621,0.21152,0.23597,0.20283,0.18535,0.52454,0.17198,0.14631,0.21817,0.34276,-0.24613,-0.13367,0.031143,-0.19903,-0.092401,-0.19247,0.2165,0.24468,0.35595,0.069789,0.19179,0.14137,0.26024,0.44047,0.4893,0.36187,0.3986,0.23652,0.21803,0.33136,0.42539,0.25877,0.23173,0.26565,0.18934,0.22168,0.36184,0.23739,0.11164,0.11016,0.28024,-0.10219,0.061962,0.29687,0.0089166,-0.083728,0.10615,-0.1032,-0.22392,-0.27919,-0.013666,-0.18754,-0.18617,0.23002,0.41204,-0.065173,0.010714,0.084456,1,0.4915,0.58768,0.36622,0.58013,0.3542,0.46313,0.42527,0.33113,-0.13237,-0.16079,-0.096308,-0.20743,0.27794,0.1167,-0.047072,-0.032896,0.45455,0.5294,0.15648,-0.068434,0.25154,0.15752,0.159,0.11714,0.1144,0.16442,0.20602,0.2016,0.23925,0.37861,0.26067,0.081386,0.36032,0.048148,0.19288,0.050752,0.16023,0.37502,0.54389,-0.090749,0.093198,-0.009788,0.13836,-0.026802,-0.016117,0.14803,0.15545,0.1501,0.05107,-0.10593,0.092493,-0.07271,-0.17937,-0.24572,0.16216,-0.086193,0.11731,0.19468,0.39189,0.17359,0.13897,0.12438,0.16399,0.25067,0.38014,0.45408,0.24475,0.36632,0.37428,0.66231,0.27134,-0.24044,-0.2012,0.2051,0.13703,0.14514,-0.01362,0.10597,0.11175,0.27661,0.33509,0.1088,-0.14942,0.069898,0.11352,-0.0023672,0.055777,0.043987,0.16625,0.1475,0.43539,0.16494,0.30903,0.10111,0.16773,0.18513,0.29821,-0.20823,-0.019284,0.12063,0.19845,0.063066,0.29845,0.13662,0.28309,0.3177,0.34748,0.27316,0.21771,0.20594,0.26774,0.39563,0.445,-0.046782,0.31229,-0.056769,-0.10401,0.1825,0.37474,0.22655,0.28482,0.17135,0.19627,0.18008,0.19235,0.25839,0.05511,-0.099903,0.019084,0.082001,-0.053048,-0.28659,-0.23801,0.021678,-0.24733,-0.1475,-0.17704,0.13985,0.23985,0.27824,0.030387,0.12421,0.1747,0.23921,0.30456,0.30706,0.16553,0.36621,0.20765,0.30333,0.33053,0.33295,0.21868,0.21169,0.261,0.18475,0.23891,0.29372,0.11346,0.15088,0.30776,0.23445,-0.08355,-0.027164,0.10261,-0.12944,-0.13113,-0.049932,-0.19626,-0.14428,-0.30336,-0.14582,-0.14997,-0.22323,0.0107,0.014072,-0.10852,-0.045549,-0.012236,0.48062,0.017614,0.26506,0.0044176,0.29505,0.18618,0.30641,0.15616,0.16744,-0.2323,-0.21258,-0.033612,-0.11545,0.18643,0.088665,-0.0037634,-0.14253,0.34522,0.35936,0.083723,0.067684,0.32585,0.24933,0.18778,0.10332,0.066644,0.098814,0.17574,0.11518,0.18248,0.3727,0.26486,0.062913,0.21734,-0.05656,0.072427,0.16768,0.10767,0.33921,0.50651,-0.015771,0.03679,-0.0023627,0.12287,0.063703,0.038651,0.15228,0.10889,0.063856,0.0018265,0.028337,0.10131,-0.087646,-0.042227,-0.26707,0.026794,-0.0068407,0.065773,0.056806,0.33653,0.25849,0.10324,0.28144,0.22694,0.17588,0.20761,0.22958,0.055535,0.31287,0.34017,0.33152,-0.0065985,-0.17711,-0.22797,0.21116,0.14739,0.086235,0.0026419,0.16143,0.24019,0.21637,0.20209,0.044938,-0.15497,-0.1022,0.21479,0.018997,0.054002,0.062526,0.16222,0.1284,0.16014,0.018512,0.049257,0.014848,0.14852,0.17809,0.26146,-0.090753,-0.11254,0.18183,0.0792,0.11915
0.065492,0.0005548,-0.012703,0.014454,0.086817,0.10869,0.061403,0.14745,0.010705,-0.010893,0.095838,0.12642,0.20293,0.18403,0.17771,0.058438,0.086046,0.23674,0.040787,0.30019,0.26758,0.3196,0.32166,0.24062,0.34874,0.26352,0.23462,0.26289,0.48392,0.50497,0.24064,0.34267,0.033982,0.098255,0.35838,0.33582,0.31568,0.38418,0.31526,0.29391,0.295,0.28288,0.15926,0.40539,0.15597,0.27337,0.29558,0.26715,-0.12414,0.0059732,0.0082877,-0.077163,-0.0066541,-0.084279,0.21316,0.1778,0.2392,0.085674,0.15369,0.083555,0.12527,0.30363,0.28768,0.2562,0.29503,0.17879,0.22285,0.35304,0.44715,0.26025,0.17573,0.26292,0.15998,0.10932,0.24928,0.16321,0.10257,0.092056,0.16794,-0.073693,0.0091429,0.26348,0.072896,0.027306,0.144,-0.0048367,-0.053506,-0.10956,-0.040478,-0.14101,0.004745,0.18862,0.35816,0.085699,0.14256,0.11642,0.4915,1,0.57921,0.45946,0.48989,0.27133,0.18818,0.25777,0.20255,0.0090483,-0.01329,-0.096993,-0.16521,0.11714,0.12041,-0.03876,0.00098523,0.37931,0.34418,0.17095,-0.10523,0.12844,0.15824,0.10727,0.12898,0.13371,0.13796,0.080185,0.12791,0.18697,0.21524,0.16195,0.11921,0.25809,0.051507,0.089979,0.047591,0.11093,0.23779,0.41287,-0.028515,0.10337,0.019413,0.18766,-0.012481,0.050655,0.13945,0.2266,0.13599,0.078278,0.095293,0.18501,0.05158,-0.051537,-0.067604,0.2284,-0.0063917,0.17981,0.26259,0.31665,0.26044,0.28648,0.20917,0.30326,0.33519,0.44357,0.32758,0.21561,0.47466,0.14742,0.39222,0.19843,0.012711,-0.079145,0.2543,0.10416,0.14371,0.057124,0.2094,0.19039,0.33495,0.40118,0.11925,-0.056139,0.10768,0.087068,0.041669,0.077452,0.035556,0.13001,0.14602,0.40398,0.16155,0.20838,0.071694,0.16486,0.15145,0.29442,-0.018192,-0.022785,0.089032,0.14507,0.0239,0.29477,0.048686,0.3053,0.31794,0.3428,0.32063,0.2391,0.2408,0.26224,0.44478,0.33074,0.038756,0.27929,0.011699,-0.056183,0.23631,0.39254,0.27496,0.32189,0.26192,0.26183,0.24273,0.16546,0.21905,0.12417,-0.03186,0.12576,0.16603,-0.027661,-0.16618,-0.071688,-0.0026857,-0.15859,-0.088287,-0.11547,0.1664,0.14909,0.235,0.039709,0.16558,0.11722,0.10991,0.18763,0.11135,0.083762,0.31914,0.081258,0.32292,0.25546,0.37902,0.20843,0.13074,0.28092,0.086164,0.14386,0.1539,0.10224,0.10247,0.21528,0.16585,-0.031112,-0.04045,0.11952,-0.080219,0.04638,0.091499,-0.07655,-0.059633,-0.12684,-0.084686,-0.10197,-0.072118,0.097045,0.12156,0.054857,0.1095,0.073305,0.24274,0.12754,0.29164,0.17264,0.29561,0.16983,0.092324,0.1189,0.067588,-0.094684,-0.084239,0.070485,-0.087963,0.095434,0.095034,0.0048532,-0.038983,0.37631,0.2394,0.12986,-0.0019482,0.17871,0.18496,0.11198,0.13821,0.10125,0.18003,0.13507,0.019538,0.15425,0.1835,0.12242,0.064645,0.15216,-0.02585,0.012561,0.069799,0.10178,0.16678,0.33922,0.016924,0.065368,-0.030582,0.10556,0.11734,0.095871,0.10596,0.17172,0.088738,0.085673,0.09444,0.17681,0.094893,0.08064,-0.12073,0.045802,0.032766,0.05804,0.1226,0.2399,0.34652,0.16616,0.19432,0.15951,0.25826,0.32037,0.21974,0.13168,0.34295,0.12544,0.15263,0.061405,0.01367,-0.099826,0.2289,0.1442,0.098709,0.047891,0.20607,0.23464,0.2859,0.2262,0.10529,-0.066349,0.0083184,0.19139,-0.0048161,0.086675,0.07839,0.12791,0.13006,0.17743,0.016272,0.094483,0.053483,0.12985,0.11744,0.25704,0.040826,-0.064835,0.16625,0.021068,0.091201
0.024212,0.070872,0.077874,0.06112,0.054332,0.082385,0.12222,0.1304,0.0016986,-0.0054362,0.081367,0.079858,0.25414,0.20127,0.23539,0.10616,0.09425,0.21703,0.11374,0.28246,0.28244,0.34769,0.31118,0.26505,0.34866,0.26422,0.34451,0.32645,0.45312,0.49065,0.24994,0.33495,-0.00092399,-0.059811,0.3336,0.30903,0.28863,0.34542,0.3364,0.28727,0.26879,0.27457,0.12736,0.34219,0.070374,0.17483,0.21133,0.29843,-0.14546,0.01857,0.0073663,-0.092965,0.010812,-0.16936,0.2559,0.15346,0.22379,0.10985,0.25183,0.14976,0.11578,0.27482,0.23762,0.21512,0.28419,0.18869,0.27416,0.35402,0.48983,0.37947,0.24788,0.34035,0.22497,0.16212,0.31199,0.13933,0.13951,0.036697,0.088023,-0.083947,-0.033595,0.24044,0.056776,0.042417,0.1544,0.034677,-0.06994,-0.18545,0.15418,-0.077927,-0.03641,0.26613,0.1786,-0.044421,0.090937,0.15742,0.58768,0.57921,1,0.48696,0.58648,0.41073,0.18866,0.31119,0.056688,-0.029063,-0.052148,-0.059783,-0.24595,0.11075,0.086205,-0.052317,-0.035203,0.45148,0.45431,0.26952,-0.0086222,0.15814,0.20116,0.18485,0.14842,0.14207,0.16417,0.13865,0.13799,0.22823,0.19776,0.065521,0.13442,0.18734,0.050752,0.036773,-0.0060532,0.14927,0.32616,0.4838,-0.028914,0.077091,0.038967,0.21311,0.016706,0.062019,0.16416,0.20299,0.12885,0.056492,-0.015039,0.066992,-0.076181,-0.094501,-0.094324,0.30422,0.011413,0.17071,0.24227,0.43028,0.28499,0.15381,0.18182,0.29255,0.2614,0.49222,0.39777,0.36643,0.54101,0.19984,0.41765,0.15892,-0.046414,-0.042347,0.19332,0.12085,0.14035,0.075015,0.23198,0.20669,0.36058,0.40069,0.086959,-0.13022,0.12075,0.061994,0.030455,0.12584,0.029347,0.14219,0.19828,0.2832,0.10957,0.37548,0.086254,0.18042,0.18311,0.33256,-0.067772,0.017515,0.084124,0.049444,0.023239,0.30913,0.10248,0.32498,0.32296,0.34756,0.30737,0.26189,0.31622,0.32547,0.39615,0.42314,0.13322,0.2849,-0.045713,-0.15034,0.2381,0.43001,0.31861,0.29744,0.20771,0.27515,0.23573,0.21246,0.23454,0.14727,0.10465,0.022127,0.18215,0.0013338,-0.178,-0.077287,-0.0050138,-0.14814,-0.059492,-0.11481,0.19188,0.12857,0.22532,0.078094,0.2073,0.14817,0.072046,0.22645,0.16976,0.084327,0.38926,0.12787,0.36011,0.29518,0.38593,0.30725,0.20032,0.30662,0.1472,0.2232,0.22684,0.11694,0.1603,0.19564,0.14026,-0.015186,-0.04462,0.17529,-0.041645,0.016221,0.017425,-0.021819,-0.05281,-0.1694,0.043388,-0.011585,-0.04555,0.10343,0.13419,0.081947,0.077321,0.11778,0.34038,0.16911,0.42134,0.14859,0.38231,0.24751,0.050859,0.1737,0.0042391,-0.047308,-0.13599,0.029817,-0.043445,0.058835,0.11889,0.029761,-0.070342,0.40105,0.32607,0.21283,0.19453,0.21265,0.24345,0.17659,0.15358,0.057215,0.14758,0.13358,0.061265,0.20245,0.16058,0.11397,0.034909,0.10536,-0.0928,-0.011145,0.047967,0.084976,0.25598,0.45285,0.096197,0.030144,0.039855,0.096578,0.16844,0.069389,0.12331,0.23605,0.14658,0.10891,0.12095,0.22448,0.085239,0.10834,-0.10163,0.17445,0.061549,0.13967,0.12952,0.35749,0.39694,0.27339,0.27689,0.20956,0.24145,0.34431,0.22197,0.16832,0.42739,0.15038,0.18649,0.10889,0.017449,-0.05127,0.22478,0.16422,0.087767,0.062449,0.28419,0.31566,0.29474,0.27315,0.18028,-0.085985,0.020059,0.22302,-0.028885,0.096627,0.071938,0.1381,0.164,0.10394,-0.01068,0.22515,0.071079,0.162,0.18997,0.31501,0.02323,-0.050904,0.1878,0.027703,0.031587
-0.0094304,0.033109,0.013022,0.034236,-0.024164,0.043021,0.138,0.13211,0.018315,0.03092,0.077321,0.052565,0.17844,0.16399,0.12381,0.036376,0.12932,0.30959,0.18388,0.24255,0.14943,0.1814,0.17361,0.15169,0.19761,0.11273,0.20041,0.21893,0.25678,0.31805,0.25896,0.15484,0.015956,-0.031513,0.14202,0.14876,0.17419,0.15189,0.18244,0.13178,0.16537,0.15083,0.14684,0.27624,0.14443,0.16002,0.24042,0.14683,-0.0047543,0.056456,0.067558,-0.010388,0.096169,0.0031636,0.1293,0.02171,0.091131,0.054748,0.1099,0.055881,0.021767,0.098447,0.095094,0.02998,0.098502,0.097462,0.087389,0.18667,0.21635,0.23241,0.178,0.23584,0.1395,0.054011,0.17248,0.081978,0.083265,0.035458,0.00090912,-0.052088,0.019917,0.44355,0.079507,0.027426,0.21039,0.31801,0.068248,0.033675,0.40222,0.073739,0.14968,0.5588,0.15712,0.14943,0.43611,0.44617,0.36622,0.45946,0.48696,1,0.41078,0.53772,0.040031,0.38388,0.049345,0.3132,0.069414,0.042344,0.00058421,0.14875,0.14296,0.10328,0.1084,0.20829,0.14031,0.37893,0.1018,0.042475,0.14758,0.086779,0.11076,0.14534,0.12999,0.049739,0.088774,0.10398,0.034051,-0.019634,0.19181,0.30566,0.072813,-0.051678,-0.012678,0.032468,0.13604,0.22993,0.024288,0.12014,-0.017168,0.18252,0.031655,0.070187,0.071346,0.11387,0.06756,0.022051,0.076763,0.16537,0.24641,0.011787,0.066069,0.39927,0.046193,0.10235,0.11534,0.22355,0.099496,0.24478,0.19024,0.18859,0.13201,0.24564,0.32293,0.3268,0.30847,0.059903,0.24738,0.31818,0.16425,0.10245,0.044737,0.081007,0.0777,0.035051,0.10836,0.097507,0.1516,0.20325,0.054313,0.056321,0.15552,0.057704,0.038239,0.068735,0.02928,0.1371,0.13838,0.28383,0.28427,0.50679,0.099821,0.1875,0.11196,0.20291,0.089965,0.14682,0.067015,0.036956,0.046135,0.21125,0.0017328,0.18943,0.18115,0.17348,0.158,0.16822,0.21093,0.19617,0.26781,0.24248,0.13467,0.09207,0.012487,-0.063272,0.10775,0.16427,0.1762,0.12896,0.095219,0.14168,0.15882,0.022714,0.192,0.16146,0.043857,0.078743,0.18301,-0.0078473,-0.068734,-0.01629,0.058148,-0.11326,0.0409,-0.084462,0.10715,0.066302,0.10832,-0.0062571,0.13367,0.048267,-0.039784,0.10935,-0.0054902,-0.037193,0.1214,0.028605,0.20201,0.068874,0.26551,0.15687,0.1063,0.20856,0.06616,0.090248,0.076449,0.10159,0.11132,0.063708,0.024144,1.3431e-05,0.011372,0.30273,-0.034491,0.0733,0.041493,0.091243,-0.098483,-0.047735,0.1017,0.06506,-0.017214,0.2811,0.17234,0.11355,0.14056,0.32432,0.18122,0.30321,0.28708,0.32029,0.31894,0.27602,-0.0391,0.25337,-0.094229,0.14367,-0.0050471,0.23821,0.00024343,0.029596,0.13256,0.11374,0.030714,0.28581,0.078555,0.14698,0.14003,0.14702,0.145,0.074133,0.090538,0.050327,0.11391,0.06793,0.03884,0.046016,0.074033,0.015353,0.027865,0.10644,-0.034089,-0.049147,0.018834,-0.032038,0.12188,0.20876,0.02811,0.017791,-0.020728,0.056729,0.1453,0.06026,0.054773,0.14371,0.057956,0.069821,0.084995,0.18639,0.20761,0.079812,-0.029972,0.21139,0.059793,0.10705,0.064182,0.21081,0.24645,0.18971,0.1821,0.021465,0.11273,0.1489,0.22104,0.23791,0.23089,0.080944,0.13692,0.24679,0.12258,-0.016416,0.11879,0.11247,0.023746,0.0080173,0.12632,0.15473,0.16329,0.11673,0.12418,0.022286,0.0089648,0.14443,-0.022378,0.04777,0.078159,0.06844,0.12342,0.2827,0.016067,0.32726,0.062035,0.10249,0.11686,0.16026,0.048702,0.012241,0.11202,-0.0051856,0.012338
0.023964,0.020404,-0.05936,-0.0029166,-0.0096305,0.10519,0.056859,0.10793,-0.017024,0.029042,0.047989,0.049354,0.1346,0.15061,0.11698,0.050725,0.067577,0.24786,0.055448,0.22679,0.126,0.21076,0.23728,0.23543,0.24786,0.19469,0.1352,0.13896,0.36721,0.37168,0.17455,0.21174,0.022216,0.054432,0.16358,0.19829,0.19716,0.21056,0.18998,0.12364,0.19563,0.11555,0.072277,0.41267,0.027084,0.14246,0.12519,0.35221,-0.14296,-0.067572,-0.03337,-0.11842,-0.010883,-0.14046,0.098113,0.13429,0.27244,0.043055,0.093327,0.037912,0.18913,0.22913,0.36729,0.33488,0.35797,0.19476,0.1611,0.2348,0.40813,0.18011,0.11856,0.15069,0.12295,0.10367,0.21248,0.16202,0.13747,0.091826,0.13877,-0.1457,-0.028292,0.18783,-0.060939,-0.084038,0.060526,-0.01922,-0.10327,-0.27436,0.074246,-0.097887,-0.10526,0.14948,0.20807,-0.05871,0.073847,0.11975,0.58013,0.48989,0.58648,0.41078,1,0.34439,0.37908,0.30344,0.18192,0.00056218,-0.084188,-0.069224,-0.082768,0.10867,0.076505,0.033661,-0.035932,0.5144,0.48729,0.21858,-0.045173,0.085347,0.10079,0.054704,0.047082,0.10824,0.042747,0.059528,0.061852,0.10099,0.24796,0.21331,0.077302,0.1862,0.052862,0.096285,0.081726,0.0721,0.29219,0.51252,-0.046872,0.083618,0.0049167,0.12274,0.059271,-0.037282,0.032576,0.037331,0.062556,0.039741,-0.015023,0.020878,-0.038803,-0.16424,-0.18328,0.25176,0.012585,0.12099,0.1762,0.49073,0.16839,0.1235,0.20848,0.20442,0.21286,0.43608,0.38736,0.29848,0.39839,0.21797,0.57427,0.21779,-0.15441,-0.10615,0.16415,0.074447,0.067029,0.020579,0.058067,0.12862,0.20074,0.23828,0.050731,-0.13509,0.10578,0.092901,-0.020653,0.019681,0.047562,0.1178,0.081653,0.24687,0.13515,0.38032,0.07012,0.081468,0.062467,0.15628,-0.10983,-0.026768,0.027422,0.12755,-0.01652,0.21858,0.15454,0.21134,0.22949,0.24017,0.2183,0.15007,0.10138,0.091268,0.33082,0.33918,-0.081969,0.16017,-0.04115,-0.035396,0.12294,0.35431,0.17565,0.17122,0.12859,0.14942,0.22597,0.24582,0.10992,0.044415,-0.1104,0.064474,0.045199,0.071342,-0.20199,-0.13605,-0.012379,-0.15996,-0.098489,-0.18427,0.049062,0.17306,0.22982,-0.063122,0.0796,0.073125,0.20665,0.14466,0.25725,0.24239,0.42193,0.17267,0.32878,0.20199,0.33139,0.10539,0.077533,0.10365,0.068683,0.12816,0.12414,0.12868,0.15735,0.13232,0.076308,-0.11739,-0.12168,0.17572,-0.094027,-0.080844,0.020954,-0.070247,-0.041504,-0.24216,-0.06205,-0.067249,-0.030436,0.071257,0.055763,-0.065769,0.046278,0.090881,0.36952,0.14211,0.36954,0.10046,0.4127,0.22282,0.27108,0.16581,0.00095153,-0.089358,-0.19001,0.065373,-0.1008,0.14113,0.12456,0.068011,-0.1161,0.33294,0.41712,0.12086,0.1607,0.16018,0.096036,0.07823,0.070908,0.032173,0.10712,0.15333,0.035579,0.053501,0.17522,0.11218,0.056118,0.06201,-0.076058,-0.0037372,0.056234,0.052461,0.31641,0.48002,-0.017207,-0.04324,-0.058387,0.044605,0.10036,0.025523,0.0095499,0.059422,-0.048262,0.074316,-0.042693,0.0084245,0.006776,-0.054538,-0.18691,0.15547,0.038113,0.059592,0.19279,0.49984,0.37758,0.068746,0.21632,0.36886,0.17679,0.26369,0.30353,0.1962,0.40753,0.20401,0.3915,0.11729,-0.055427,-0.079265,0.14509,0.09445,0.057065,-0.022087,0.10985,0.2355,0.16067,0.18908,0.045729,-0.14773,-0.030453,0.17079,-0.064584,0.047294,0.013885,0.093596,0.075286,0.11885,0.0053494,0.17776,-0.0060217,0.033992,0.054195,0.10993,-0.12858,-0.027982,0.074244,-0.0090823,0.019599
-0.061938,-0.0041877,-0.0032125,0.067127,-0.07679,0.032719,0.049479,0.11101,0.042253,0.0047954,0.046084,0.024271,0.07454,0.10204,0.11933,0.047437,0.12312,0.44288,0.096545,0.16895,0.06318,0.059061,0.10607,0.10619,0.11438,0.11454,0.039527,0.033982,0.20293,0.23007,0.084547,0.06726,0.15195,0.19358,0.052353,0.081401,0.08396,0.059565,0.10578,0.0044505,0.069593,0.071396,0.081771,0.20494,-0.047072,0.10704,0.083379,0.26469,0.17413,0.085147,0.13281,0.048768,0.16669,0.15264,-0.022684,-0.034595,0.06635,-0.0058985,-0.0014255,-0.011663,0.013619,0.081981,0.1925,0.075951,0.20601,0.086974,0.062711,0.13567,0.20014,0.071232,0.086872,0.05387,0.0583,0.010485,0.13109,0.084626,0.11586,0.014204,0.013628,-0.049321,0.17309,0.42994,0.136,0.070072,0.050044,0.49262,0.20749,-0.18172,0.441,0.15204,0.25797,0.62339,0.018211,-0.1679,0.20247,0.57562,0.3542,0.27133,0.41073,0.53772,0.34439,1,0.31553,0.65023,0.066536,0.14063,0.051142,0.36691,0.078851,0.26433,-0.016609,0.099457,-0.0065039,0.30141,0.23825,0.56678,0.35893,0.0057915,0.076219,0.032419,0.03475,0.10997,0.023826,-0.010906,0.016587,0.032618,0.10052,0.027656,0.10358,0.35419,0.10572,0.012848,0.00055225,-0.0015889,0.12275,0.27324,0.020275,0.14885,0.055239,0.13837,0.02697,0.026119,0.033548,0.029984,0.027202,0.043704,-0.0030073,0.036492,0.19782,-0.06453,0.044167,0.53568,0.18152,0.041865,0.10528,0.21005,0.021521,0.15854,0.14566,0.097713,0.084317,0.14443,0.57223,0.61165,0.24192,0.1094,0.25219,0.57086,0.16206,0.36553,0.017164,0.070456,0.023285,0.026584,0.0087905,0.039226,0.082505,0.11657,0.030331,0.17985,0.1974,0.097144,-0.023033,0.0098295,0.022454,0.080799,0.068633,0.10471,0.48423,0.61609,0.054105,0.10767,0.055526,0.12737,0.038806,0.32712,0.05208,0.091728,0.13103,0.12861,0.038311,0.11361,0.07679,0.10896,0.090139,0.10146,0.074195,0.067838,0.15971,0.22097,-0.063368,0.033499,0.10347,0.09963,0.046507,0.14544,0.088172,0.10397,0.048905,0.030597,0.097371,0.068306,0.14759,0.053389,-0.099385,0.034863,0.047505,0.090187,0.021805,-0.006968,0.050065,-0.080716,0.044256,-0.057564,0.010982,0.10441,0.061001,-0.03248,0.024757,0.0085255,0.021406,0.12188,0.063733,-0.011675,0.11785,0.08767,0.19265,0.10234,0.29541,0.037967,0.07117,0.050368,0.020629,0.079725,0.085718,0.082891,0.061126,0.019054,-0.019068,-0.027495,-0.022479,0.23587,-0.11999,-0.0093519,-0.13192,-0.063847,-0.10739,-0.25998,-0.026665,-0.04859,-0.020882,0.34521,-0.086049,-0.18917,-0.23499,0.17079,0.18159,0.043123,0.1595,0.096737,0.075682,0.45137,0.072209,0.46724,-0.027483,-0.066212,-0.13046,0.21312,0.042201,0.097221,0.059084,0.1503,-0.10869,0.26914,0.12256,0.10262,0.26591,0.097002,0.061007,0.029761,0.013235,0.010263,0.0526,0.026476,0.0184,-0.033304,0.098433,0.0083644,0.0061505,0.055345,-0.022137,0.004398,-0.026778,-0.011035,0.18142,0.24235,-0.031607,-0.04316,-0.029581,0.041295,0.11105,0.0010334,0.0085346,0.051815,0.0048151,0.02207,-0.037526,0.016446,0.016443,-0.031637,-0.049139,0.23223,0.031465,0.059645,-0.011354,0.11987,0.14259,0.034493,0.14906,-0.013119,0.093619,0.052244,0.35749,0.38428,0.16212,0.12166,0.10577,0.31042,-0.023224,-0.017273,0.055308,0.087626,-0.015408,-0.041871,0.068819,0.1075,0.1391,0.0768,0.13403,-0.02712,-0.011452,0.12354,-0.039436,-0.0033556,0.031588,0.02998,0.038631,0.11458,0.14676,0.25091,-0.054331,0.020878,0.040061,0.066116,-0.068166,0.048235,0.038434,0.005057,0.02671
-0.015388,-0.064843,-0.13965,-0.028378,-0.0053181,0.14488,0.041074,0.16715,0.027609,0.0037365,0.10329,0.10189,0.1151,0.095542,0.068072,0.054423,0.078754,0.47979,-0.07316,0.22112,-0.015938,0.094355,0.16992,0.14661,0.10939,0.13538,-0.048746,0.072562,0.33042,0.041871,0.082674,0.13189,0.17244,0.3938,-0.01682,-0.026338,0.029517,0.026231,0.012143,-0.031116,0.11936,-0.0044619,0.17271,0.49776,0.17166,0.13809,0.10632,0.48947,-0.052078,-0.080465,0.17627,-0.098795,0.0081151,0.060011,0.024885,0.29265,0.51481,0.039078,0.029678,0.07473,0.36946,0.32297,0.74161,0.51906,0.53573,0.19853,-0.054831,0.17407,0.16991,0.047121,0.086943,0.055991,0.08317,0.18333,0.13316,0.23675,0.12144,0.21512,0.37458,-0.022411,0.26367,0.21193,0.14469,-0.043336,-0.076613,0.10697,0.03587,-0.24172,-0.084559,-0.040477,-0.078584,0.18924,0.36407,-0.12255,-0.11808,0.094964,0.46313,0.18818,0.18866,0.040031,0.37908,0.31553,1,0.4264,0.65777,-0.060882,-0.080989,0.19094,0.073894,0.41497,0.040103,0.099888,-0.028211,0.30308,0.53789,0.18603,0.17834,0.12378,0.052103,0.014907,0.025855,0.092069,0.02133,0.10505,0.11629,0.16279,0.43127,0.36359,-0.045157,0.35445,0.047382,0.24014,0.15719,0.061195,0.18061,0.35071,-0.098546,0.12774,0.01906,0.058728,0.0048515,-0.1433,0.013273,-0.037054,0.091937,0.10916,-0.11501,0.061302,0.1581,-0.14039,-0.20893,0.14134,0.051427,0.067828,0.073581,0.40121,-0.065024,0.096041,0.084985,-0.0063662,0.26916,0.25005,0.51708,0.31154,0.094752,0.33507,0.62322,0.53308,-0.16944,0.038495,0.16192,0.060309,0.041818,-0.020797,-0.11066,-0.069904,-0.0030717,0.054772,0.072764,0.136,0.18304,0.12875,-0.065151,-0.04473,0.058195,0.06908,-0.0086508,0.29886,0.46882,0.19248,0.079927,0.098958,0.06729,0.051097,-0.15703,0.16219,0.10049,0.32155,0.16013,0.15647,0.18868,0.049293,0.1401,0.17604,0.13352,0.13444,-0.029288,0.07337,0.13091,0.25361,-0.27753,0.096944,0.067334,0.18316,-0.035724,0.12523,0.10217,0.079031,0.0067302,0.019011,0.076085,0.19912,0.14332,-0.15068,-0.31962,0.12577,-0.057911,0.11259,-0.16792,-0.1562,0.088035,-0.23242,-0.16024,-0.097964,-0.017413,0.37351,0.31102,-0.069271,-0.024693,0.1894,0.42033,0.28026,0.50101,0.38348,0.26095,0.28008,0.13846,0.13794,0.10161,-0.0024507,0.12818,0.088461,0.12524,0.15738,0.15406,0.21737,0.18794,0.32891,0.33209,-0.029496,0.07213,0.0090557,-0.15544,-0.17809,-0.119,-0.27532,0.02041,-0.37574,-0.36994,-0.28818,-0.29268,-0.018868,-0.18762,-0.36245,-0.22229,-0.25239,0.44724,-0.23894,0.0040088,-0.22166,0.14976,0.23966,0.71664,0.2213,0.48937,-0.33594,-0.21317,-0.036102,-0.16071,0.32557,0.051444,-0.020545,-0.21226,0.22735,0.40916,-0.0047898,0.015331,0.24038,0.11255,0.078326,0.075608,0.017818,0.046923,0.18004,0.094656,0.0071668,0.48144,0.34508,0.034105,0.17891,0.048477,0.15956,0.18507,0.079682,0.35714,0.4371,-0.13627,0.01239,-0.047193,0.084843,-0.037684,-0.065922,0.0016477,-0.11547,-0.037231,-0.048319,-0.13019,-0.1221,-0.19879,-0.24238,-0.35109,-0.058716,-0.065323,-0.0074776,0.026553,0.32786,0.072805,-0.14877,0.1722,0.35208,0.13721,0.13191,0.2944,0.06256,0.16175,0.44385,0.54159,0.02816,-0.30258,-0.24404,0.041964,0.057049,0.037107,-0.035894,-0.010111,0.0056444,0.039132,-0.0061524,-0.052317,-0.16452,0.021568,0.20662,-0.0066385,0.0057034,-0.040503,0.1249,-0.0096269,0.13308,0.18107,-0.16487,-0.11906,0.0053452,0.037148,0.0467,-0.19257,-0.034299,0.030551,0.22501,0.27814
-0.063264,-0.042802,-0.063059,0.02277,0.0038881,0.081338,0.060384,0.16226,0.0017878,0.043144,0.091452,0.12004,0.10948,0.081554,0.080232,0.026077,0.10936,0.45852,-0.019997,0.19099,0.085993,0.08977,0.16281,0.14254,0.12602,0.13368,-0.0085708,0.055471,0.23722,0.16049,0.092991,0.11544,0.10532,0.20725,0.065812,0.034215,0.028663,0.083963,0.084705,0.0355,0.11354,0.060653,0.14157,0.27467,0.022898,0.060541,0.093247,0.23637,-0.044569,-0.028833,0.12429,-0.076058,0.060179,0.030854,0.023334,0.13658,0.1874,0.01079,0.01796,0.084732,0.11833,0.21481,0.30974,0.1472,0.28514,0.072013,-0.024894,0.11972,0.14551,0.053178,0.087365,0.061371,0.084313,0.11894,0.088713,0.12883,0.1179,0.03908,0.14907,-0.04968,0.25002,0.44082,0.16845,0.015367,0.11597,0.21892,-0.010603,-0.25926,0.15573,-0.092521,0.077352,0.50481,0.21058,-0.16799,0.15737,0.49554,0.42527,0.25777,0.31119,0.38388,0.30344,0.65023,0.4264,1,0.28394,-0.021509,-0.068834,0.25947,-0.032762,0.46854,0.033087,0.036427,-0.050015,0.24924,0.25344,0.33253,0.14274,0.069684,0.03119,0.083771,0.079287,0.08539,0.06233,0.090716,0.078647,0.097752,0.25412,0.19902,0.0055128,0.50023,0.056555,0.074153,0.067581,0.048887,0.086795,0.22334,-0.069247,0.13279,0.018074,0.09153,-0.049901,-0.046161,0.070713,0.054193,0.089014,0.083684,-0.090354,0.033123,0.06899,-0.16016,-0.13566,0.31031,0.035163,0.072001,0.089829,0.13979,-0.03459,0.11597,-0.0032174,0.0043424,0.13059,0.096447,0.52945,0.38801,0.15551,0.17585,0.37662,0.52613,-0.097288,0.11011,0.082301,0.069083,0.028138,-0.0042787,-0.018746,-0.003397,0.069921,0.11085,0.058838,0.058927,0.097202,0.09769,-0.028832,-0.0031578,0.052067,0.089862,0.058628,0.32541,0.53311,0.5153,0.070391,0.12901,0.11737,0.14127,-0.15611,0.25722,0.12197,0.18278,0.15068,0.14361,0.038323,0.08931,0.10904,0.14378,0.11278,0.11306,0.022573,0.074831,0.12853,0.19994,-0.12238,0.089077,0.033759,0.0099268,0.039931,0.094772,0.088751,0.090348,0.064376,0.031163,0.040572,0.052108,0.17452,-0.027215,-0.19771,0.00076963,-0.0085259,-0.067838,-0.17926,-0.11361,0.010656,-0.21834,-0.090583,-0.13117,0.0062171,0.17981,0.09921,-0.034438,0.012339,0.081625,0.13188,0.11948,0.12678,0.012884,0.073718,0.12031,0.11974,0.1115,0.16686,0.0096806,0.10062,0.065177,0.088503,0.077013,0.089412,0.078137,0.10283,0.14357,0.10163,-0.05981,-0.031757,0.1015,-0.17289,-0.10018,-0.10785,-0.24627,-0.18697,-0.39597,-0.21436,-0.20546,-0.21193,0.14508,-0.1398,-0.24752,-0.23041,0.043821,0.24155,-0.050916,0.067662,-0.032269,0.068719,0.31131,0.2131,0.32735,0.096286,-0.25898,-0.1913,0.054573,-0.094544,0.17202,0.095705,0.038018,-0.17293,0.21182,0.094586,0.033018,0.091431,0.11139,0.085746,0.080791,0.0043704,0.03683,0.020809,0.071252,0.04971,0.042436,0.22989,0.16997,-0.0047191,0.21606,0.0014678,0.088238,0.09327,0.048238,0.17097,0.24531,-0.066648,0.015348,-0.030292,0.076587,0.033804,-0.0049756,0.042287,0.0020228,0.0062569,-0.03936,-0.062887,-0.033562,-0.13974,-0.12375,-0.25129,0.037859,-0.016805,0.0041872,-0.043656,0.088965,0.030274,-0.0061079,0.14245,-0.0081144,0.058762,0.040096,0.25156,0.17228,0.084387,0.23929,0.19225,0.097234,-0.21825,-0.20728,0.10271,0.082205,0.066404,-0.013947,0.066633,0.081737,0.10104,0.01345,-0.00063943,-0.15549,-0.067388,0.14279,-0.045809,0.034935,0.025857,0.092644,-0.0059732,0.16685,0.090176,0.074544,-0.098291,0.047595,0.087095,0.10872,-0.15211,-0.037282,0.076332,0.078988,0.14138
-0.010943,-0.075629,-0.15334,-0.071366,0.046656,0.13048,0.087745,0.21782,0.044788,0.023239,0.16301,0.18625,0.13591,0.10857,0.050884,0.056422,0.099604,0.45771,-0.017423,0.23761,0.002026,0.14893,0.18272,0.16196,0.128,0.10913,-0.027205,0.10093,0.36079,0.055562,0.21844,0.16483,0.13502,0.3442,0.059958,0.070867,0.027846,0.11696,0.054153,0.063391,0.1905,0.013518,0.20342,0.49181,0.45126,0.17778,0.19395,0.28748,-0.14743,-0.16669,0.21231,-0.1469,-0.037576,0.028672,0.026437,0.28266,0.46357,-0.011808,0.044639,0.073481,0.23696,0.29882,0.62145,0.34906,0.36789,0.10305,-0.048895,0.15095,0.10427,0.03093,0.077406,0.07545,0.08139,0.098197,0.049026,0.2167,0.072735,0.25739,0.39503,0.069172,0.29917,0.1971,0.2078,-0.015862,-0.01428,-0.021051,-0.059597,0.02683,-0.15165,0.035264,-0.048804,0.19391,0.53318,0.15132,0.043677,-0.013989,0.33113,0.20255,0.056688,0.049345,0.18192,0.066536,0.65777,0.28394,1,0.13734,-0.043521,0.098571,0.15567,0.43616,0.09299,0.13082,0.086807,0.1554,0.26026,-0.014708,0.08037,0.14327,-0.023454,0.020546,0.074561,0.095804,0.064716,0.10226,0.11244,0.17582,0.39082,0.348,-0.022736,0.39559,0.072529,0.2383,0.16537,0.039713,0.073678,0.16959,-0.14391,0.078583,-0.03478,0.029477,-0.038527,-0.1145,0.0017312,-0.009022,0.0939,0.073088,-0.057505,0.18522,0.27284,-0.060648,-0.15264,-0.019975,-0.014777,0.050216,0.03799,0.12069,-0.021265,0.13589,0.013051,-0.032627,0.25631,0.14548,0.32489,0.082198,0.070576,0.22583,0.49473,0.45718,-0.18654,-0.12431,0.19772,0.051859,0.06745,-0.030987,-0.072287,-0.077471,0.075604,0.096424,0.061821,0.12488,0.12865,0.085069,-0.004993,-0.021346,0.051717,0.08688,0.0079486,0.45962,0.40004,0.077299,0.076405,0.1442,0.10288,0.04925,-0.15613,0.12331,0.12522,0.35107,0.21254,0.19113,0.039242,0.061419,0.15524,0.19875,0.16433,0.13097,-0.036555,0.075818,0.11545,0.16198,-0.17059,0.13679,0.069774,0.11887,0.023617,0.10403,0.085004,0.11149,0.052184,0.047715,0.10286,0.028048,0.16071,-0.055194,-0.19205,0.15408,-0.0064128,0.030588,-0.19798,-0.24239,0.13899,-0.26067,-0.17114,-0.085042,-0.012296,0.28714,0.31164,-0.069739,-0.020254,0.16922,0.25606,0.21552,0.34989,0.21702,0.15518,0.12201,0.06495,0.12687,0.036227,-0.037033,0.086695,0.11335,0.077645,0.07176,0.07403,0.22063,0.17737,0.38164,0.34525,0.054427,0.18236,-0.0089393,-0.017441,-0.16491,-0.083931,-0.15886,-0.050243,-0.16534,-0.25567,-0.18793,-0.31671,-0.065628,-0.05638,-0.18521,-0.066563,-0.22891,0.28274,-0.16459,-0.11686,-0.19634,0.097027,0.048846,0.58628,0.062206,0.55943,-0.17792,-0.11883,0.0019951,-0.11184,0.34154,0.058492,-0.026282,-0.071258,0.16909,0.14188,-0.097717,-0.13129,0.21304,0.080577,-0.0076765,0.053777,0.039216,0.028145,0.11689,0.08887,0.016898,0.46585,0.39897,0.04078,0.25804,0.12577,0.18499,0.18991,0.058255,0.14508,0.18717,-0.14014,0.038529,-0.03324,0.079742,-0.051911,-0.055442,0.010387,-0.12943,-0.030051,-0.06973,-0.092129,-0.030192,-0.098999,-0.19749,-0.32187,-0.15391,-0.056246,0.007258,-0.023728,0.14014,0.032769,-0.1095,0.070717,0.11764,0.10278,0.10027,0.14403,-0.10757,0.074451,0.36041,0.39543,-0.012054,-0.23678,-0.30182,0.12039,-0.00082749,0.03948,-0.022768,-0.0085881,-0.024349,0.07411,-0.035006,-0.10684,-0.10741,0.011366,0.19712,-0.0050424,0.00064322,-0.0054021,0.1355,-0.0076884,0.22365,0.11645,-0.20366,-0.074075,0.043936,0.065988,0.0096748,-0.1592,-0.096323,0.05276,0.30434,0.36209
-0.019903,0.02333,0.022103,0.03908,-0.030771,-0.017483,0.085555,0.070691,0.055224,-0.01821,-0.0089197,0.0083263,0.011349,0.059074,0.059778,0.058954,0.067592,0.25586,0.19252,0.080487,-0.054598,-0.060295,0.020047,0.044842,0.0093279,-0.056341,0.023742,0.045597,-0.08223,-0.047904,0.025455,-0.068564,0.091346,0.096372,-0.069622,0.022006,0.024186,-0.045842,0.011091,-0.0040749,0.067004,-0.037076,0.028009,0.074114,0.19292,0.10566,0.062362,-0.0017303,0.24215,0.12145,0.23885,0.16812,0.19184,0.27632,-0.05091,-0.13256,-0.063238,0.0066281,-0.0081445,-0.085101,-0.09918,-0.14687,-0.057631,-0.10915,-0.12817,-0.013247,-0.043615,-0.043082,-0.095474,0.0093687,0.04371,0.051782,0.020945,-0.13241,-0.0086653,-0.0055109,-0.0021887,0.031757,-0.091444,0.036122,0.13877,0.15257,0.17334,0.08459,0.098853,0.44827,0.30875,0.45117,0.51574,0.5109,0.35131,0.40693,-0.041175,0.23442,0.48491,0.34712,-0.13237,0.0090483,-0.029063,0.3132,0.00056218,0.14063,-0.060882,-0.021509,0.13734,1,0.22068,0.25546,0.42434,0.071213,0.11368,0.25204,0.27411,-0.082521,-0.13888,0.22474,0.36495,-0.068361,0.047018,-0.0092926,-0.021996,0.078398,-0.013983,-0.11313,-0.043037,-0.061789,-0.16161,-0.054647,0.1052,0.033113,0.092039,-0.052937,0.0033749,-0.017669,-0.051506,-0.11197,0.056086,0.072321,-0.0009069,0.011582,0.030412,-0.013922,-0.10779,-0.08666,-0.042348,0.0009562,0.12392,0.13918,0.55254,0.21391,0.3004,0.25579,0.26966,0.014572,0.0099948,-0.078989,0.011416,0.17848,0.18724,0.043666,-0.020936,-0.027607,-0.015985,0.131,-0.0035808,-0.099373,-0.074632,0.29088,0.35723,0.31196,-0.044831,-0.017148,0.018621,0.011594,-0.017482,0.01574,-0.0068964,-0.043399,0.0076486,0.34229,0.216,0.024619,0.0044491,-0.0033092,-0.054666,0.0056815,0.020222,-0.073858,0.23392,0.32706,0.045507,0.094743,-0.030016,-0.077535,0.21713,0.31657,-0.020272,0.040184,0.059098,0.0054621,-0.065352,-0.01137,-0.011237,-0.016407,0.025932,0.0012586,0.013585,0.0070662,-0.058273,-0.1292,0.0082363,-0.12058,0.15269,0.18337,-0.064024,-0.12762,-0.039068,-0.049342,0.02256,-0.0021792,0.095895,-0.10934,0.047163,0.084129,0.077686,0.040964,0.083852,0.15894,0.17567,0.088533,0.2208,0.074137,0.17403,0.13627,-0.007529,-0.037139,0.028008,-0.049992,0.034282,-0.079849,-0.15221,-0.064286,-0.060797,-0.07613,-0.10067,-0.077707,-0.036673,-0.12499,-0.036803,-0.0022022,-0.004494,0.031568,-0.031249,-0.087434,-0.031648,0.1415,0.07835,-0.03902,-0.069782,0.17049,0.1897,0.2018,0.25321,0.11209,0.0090292,0.34192,0.15696,0.31173,0.29893,0.27063,0.19162,0.25455,0.09994,0.13394,0.17911,0.26031,-0.11812,0.16295,-0.068939,0.10829,0.023065,0.12677,0.0070385,0.11491,0.012431,0.43841,0.16616,0.28623,0.27764,0.11432,0.1493,0.24022,0.14658,-0.050167,-0.098485,0.0044776,0.10333,0.017785,-0.0097255,-0.038979,0.04339,-0.011557,0.045923,-0.031352,-0.034467,-0.12361,-0.06555,-0.071041,-0.01387,-0.01572,0.065954,-0.066121,-0.041809,-0.047988,-0.063014,-0.16611,-0.041416,0.017101,-0.0069424,-0.0069256,0.03386,-0.046481,-0.081482,-0.039411,-0.019515,0.012252,-0.0091792,0.040844,0.30785,0.075058,0.20145,0.15893,0.18555,0.072828,0.029048,-0.050031,0.046973,0.00024699,-0.038162,-0.079851,0.016039,-0.010721,0.044689,0.12523,-0.046732,-0.073567,0.0017373,0.34201,0.30445,0.16544,-0.067038,0.007633,-0.021509,-0.035592,-0.020271,-0.072696,0.026236,-0.036131,0.044272,0.19326,0.10511,0.032995,-0.014076,-0.019144,0.083919,-0.053697,0.068544,0.13251,0.15865,0.22519,0.067332,-0.034544,0.0053414,-0.097562,0.061221,0.10682,-0.052671,0.08745,0.054395
0.085943,-0.010669,0.08539,0.109,0.050063,0.075708,0.01441,0.080092,-0.0083178,-0.052545,0.0026575,0.0075743,0.14114,0.090618,0.0079294,0.13533,0.066532,0.12078,0.13441,0.14272,0.030481,0.036227,0.04462,0.066511,0.081394,0.0049548,-0.029392,0.06743,-0.05142,-0.029294,-0.11784,-0.0037454,0.19996,0.16514,-0.0051817,0.0098273,0.034493,-0.0024709,-0.0080164,-0.012046,0.075735,0.02598,0.096542,-0.082169,0.08661,0.13795,0.005782,0.043114,0.28551,0.25583,0.17114,0.23916,0.21105,0.32215,0.017299,-0.013707,-0.019733,0.077673,-0.031339,-0.039923,0.012643,-0.052783,-0.073276,-0.017376,0.087837,-0.030774,0.0042737,0.02207,0.025263,0.0088333,0.025418,0.020452,0.046793,-0.030875,-0.037534,-0.0028324,0.04387,-0.015958,-0.0094525,0.10769,0.10032,0.078268,0.23454,0.30414,0.066737,0.24681,0.28013,0.284,0.14667,0.24783,0.46501,0.062743,-0.09627,0.062535,0.23351,0.21761,-0.16079,-0.01329,-0.052148,0.069414,-0.084188,0.051142,-0.080989,-0.068834,-0.043521,0.22068,1,0.22192,0.2808,-0.0069169,0.040527,0.26379,0.19638,-0.10199,-0.068389,0.14195,0.17601,-0.044908,0.019628,-0.025036,0.049615,0.10063,0.025025,-0.066204,0.0028718,0.040671,-0.16477,-0.042298,-0.010656,-0.067375,0.032907,-0.0033037,0.017892,0.0057139,0.0027557,-0.038939,0.032568,0.1082,0.094237,0.071966,0.044803,-0.048104,0.04889,0.0054113,0.013016,0.081789,0.12643,-0.004011,0.2505,0.32571,0.40046,0.23962,0.30014,0.094099,0.11406,0.0092105,0.012105,0.089818,0.049275,0.083989,0.095104,0.021798,0.06814,0.17103,0.012985,-0.09645,-0.15826,0.13169,0.39587,0.32258,0.087266,-4.2391e-05,0.029112,0.016977,0.004431,0.068952,0.017278,-0.0086656,0.063975,0.25066,0.067395,0.0078705,0.046161,0.15787,-0.018324,-0.031387,0.0085333,-0.067505,0.087207,0.054912,0.011613,0.061851,-0.00044711,-0.0021527,0.22767,0.18571,0.024192,0.060194,0.023685,0.046171,-0.03772,-0.016505,-0.0075334,-0.0061303,0.069558,0.069415,0.01003,0.058026,0.017046,-0.035782,0.037509,-0.066692,0.17243,0.25717,0.015989,-0.067254,0.029795,0.0072442,0.043093,0.00065381,0.011782,0.016299,0.13204,0.048588,0.0092188,0.12931,0.11622,0.17905,0.37359,0.26008,0.12446,0.23581,0.15949,0.34591,-0.052227,0.00082489,0.024536,-0.02123,0.021967,0.020637,-0.016872,-0.018974,-0.1176,-0.06107,-0.12011,-0.0052211,0.0048593,-0.098544,0.039123,-0.018275,0.040523,0.06021,0.031658,-0.012675,-0.048204,0.099338,0.061139,-0.0069277,0.012798,0.23485,0.23771,0.07048,0.13146,0.30816,0.16926,0.27434,0.22777,0.29276,0.12963,0.18058,0.2427,0.19936,0.021834,0.082748,0.097293,0.087261,-0.035697,0.034201,-0.019121,0.093253,-0.02059,0.11441,-0.064002,0.16802,0.079522,0.18983,0.30658,0.1563,0.20499,0.030782,0.12783,0.14035,0.1576,0.069447,-0.041102,0.15891,0.041439,-0.056877,-0.028096,0.0029428,0.094714,0.039546,0.051718,-0.01313,-0.050165,0.0065398,-0.016462,-0.04274,0.041835,0.034745,0.1334,-0.0081311,0.027677,-0.010028,-0.012027,-0.032012,0.030845,0.13443,0.049967,0.057365,0.027862,0.017561,-0.042121,-0.0069873,0.058948,0.060443,0.04317,0.040356,0.27997,0.19319,0.29482,0.13585,0.1591,0.013883,-0.011501,-0.057017,0.068541,0.012263,-0.072044,-0.10395,0.092721,0.032026,0.11609,0.15443,-0.037481,-0.029292,-0.053888,0.21892,0.2574,0.29501,-0.0054635,0.014258,0.0012427,0.10445,0.042317,0.021429,0.06262,-0.025174,-0.036528,0.27729,0.23864,0.034418,0.15513,0.10748,0.077936,0.055795,-0.022813,0.10773,0.16043,0.06327,0.099571,0.025838,0.0066452,-0.027379,0.26665,0.1172,-0.007163,0.12286,0.20874
-0.013926,-0.042773,-0.027192,0.052221,-0.064939,0.034199,-0.028012,0.14017,-0.0084188,-0.029016,-0.013634,-0.019627,0.0004173,0.05326,0.025181,0.085131,0.020614,0.39805,0.081113,0.055454,-0.060607,-0.064426,-0.0029706,0.03892,0.010644,0.017722,-0.13883,-0.083913,-0.052716,-0.042941,-0.16373,-0.050254,0.30691,0.36228,-0.044185,0.0473,0.061886,-0.04623,0.0017483,-0.070514,0.041136,-0.015643,-0.016356,-0.079159,-0.023297,0.099062,-0.11737,0.1749,0.42194,0.22856,0.26345,0.23525,0.28156,0.46192,-0.13171,-0.080447,-0.06053,-0.01712,-0.11901,-0.089782,-0.051684,-0.063553,0.049292,-0.028864,0.14131,-0.018907,-0.030231,-0.0084607,0.024119,-0.10628,-0.035964,-0.104,-0.013326,-0.12455,-0.017807,-0.047902,0.074677,0.01445,-0.020275,0.097431,0.33677,0.18535,0.24822,0.16662,-0.10817,0.55266,0.44508,0.063078,0.32676,0.42747,0.45879,0.30647,-0.1461,-0.13107,0.13001,0.47369,-0.096308,-0.096993,-0.059783,0.042344,-0.069224,0.36691,0.19094,0.25947,0.098571,0.25546,0.22192,1,0.42302,0.18803,-0.085021,0.18417,0.067015,0.073577,-0.016673,0.41387,0.52927,-0.13368,-0.017124,-0.083266,-0.06136,0.097128,-0.10161,-0.13784,-0.086164,-0.065045,-0.049342,0.067857,-0.069554,0.1288,0.091501,0.009512,0.071298,-0.0099985,-0.059347,0.021877,0.017584,0.15811,0.098023,0.0081936,0.07878,-0.07223,-0.065545,-0.089053,-0.030688,0.061593,0.10945,-0.034804,0.35452,0.14839,0.30687,0.4273,0.42343,0.03713,0.077447,0.01645,-0.008973,0.11159,0.13487,-0.00030979,0.047064,-0.10081,0.30739,0.46168,-0.0055357,-0.076346,-0.10015,0.48621,0.36385,0.57716,0.065228,-0.015898,0.0092717,0.035742,-0.029923,0.059106,-0.022606,-0.069512,0.030379,0.40577,0.23733,0.063537,-0.047312,-0.072921,-0.071358,-0.076307,-0.059347,-0.14473,0.46493,0.2736,0.001739,-0.0062631,-0.13417,-0.11359,0.22414,0.42893,-0.031123,0.1423,0.12432,0.0089897,0.017973,-0.0059093,-0.052184,-0.0303,0.044789,0.025802,-0.080886,-0.049347,-0.054837,-0.062333,-0.16601,-0.096802,0.26026,0.34037,-0.02799,-0.041418,0.021112,-0.0048409,0.098569,-0.016482,0.08106,0.019558,0.064098,-0.014985,-0.11468,0.086459,-0.016032,0.22885,0.29341,0.17165,0.12393,0.10243,0.14209,0.22132,-0.097473,0.041624,-0.0063178,-0.064152,0.015924,-0.04952,0.027146,-0.022632,-0.046211,-0.095292,-0.10091,0.03845,0.042172,-0.069561,0.13353,-0.084767,0.019492,-0.047044,-0.0074248,-0.056951,-0.073634,0.14115,-0.012351,-0.092202,0.017328,0.091419,0.12746,0.080081,-0.022036,0.088839,-0.1125,0.088189,0.15932,-0.020752,0.022194,0.0053683,0.14275,0.26526,-0.15179,-0.18625,-0.21546,0.044167,-0.079966,-0.14642,-0.16013,-0.066794,-0.19452,0.29013,0.060606,0.32705,0.12059,0.035942,0.092123,0.20375,0.22015,0.13526,0.053774,0.16792,-0.013338,0.050347,-0.032914,0.0028993,0.16548,-0.10699,-0.11657,-0.075897,0.06337,0.0016539,0.047067,-0.056995,-0.0618,-0.14188,0.02592,-0.1213,-0.049097,-0.016194,0.040935,0.031412,-0.047986,-0.007409,0.021465,-0.067547,-0.083999,0.055715,-0.018087,-0.028575,-0.051541,-0.046661,-0.10311,-0.089842,-0.089137,-0.052461,-0.11963,-0.1155,0.071101,-0.0059908,0.13063,0.14564,0.12817,-0.014799,-0.035289,-0.13714,0.022725,-0.09685,-0.10153,-0.1815,0.03201,-0.11134,0.22349,0.26567,-0.069173,-0.02723,-0.086954,0.32359,0.097014,0.16116,0.00073137,-0.004678,-0.046571,-0.052583,0.014051,-0.02335,0.070815,-0.082795,-0.028565,0.1706,0.13441,0.047845,0.019948,-0.0017309,-0.0062128,-0.0082598,-0.022047,0.020074,0.25666,0.062783,-0.041626,-0.079325,-0.087805,-0.13744,0.031368,0.17213,-0.080104,0.1039,0.13375
-0.045741,-0.014006,-0.11303,-0.013248,-0.072136,-0.012248,-0.05649,-0.017686,0.014331,-0.020791,-0.074499,-0.061444,-0.095778,0.025855,-0.071594,0.052914,-0.0066231,0.24578,0.098413,0.03361,-0.19296,-0.12846,-0.063508,-0.011873,-0.11077,-0.097845,-0.18916,-0.16232,-0.1485,-0.14285,-0.20948,-0.14294,0.26002,0.33765,-0.2003,-0.13492,-0.070759,-0.20122,-0.12882,-0.18686,-0.077843,-0.15071,-0.022068,-0.071637,0.03262,0.099461,-0.12967,0.070963,0.39214,0.16517,0.21305,0.20401,0.23443,0.4045,-0.21221,-0.13577,-0.1002,-0.047212,-0.22294,-0.16485,-0.0036284,-0.14121,-0.0006989,-0.045467,0.025644,-0.044089,-0.13566,-0.17049,-0.14784,-0.17369,-0.07014,-0.1825,-0.064261,-0.21725,-0.07729,-0.026131,-0.024555,0.06298,-0.013844,0.043024,0.18502,0.1311,0.084475,-0.032913,-0.15712,0.40884,0.39363,0.2836,0.30775,0.44746,0.34245,0.19923,-0.11155,0.031633,0.23878,0.28613,-0.20743,-0.16521,-0.24595,0.00058421,-0.082768,0.078851,0.073894,-0.032762,0.15567,0.42434,0.2808,0.42302,1,0.023689,-0.044643,0.30858,0.1753,-0.070433,-0.15385,0.25126,0.3708,-0.136,-0.026866,-0.14659,-0.10499,0.077133,-0.16587,-0.1894,-0.12009,-0.15658,-0.14278,0.064646,-0.046802,0.0076071,0.12394,0.03042,0.10372,-0.088648,-0.096477,-0.078763,0.012705,0.094275,0.032813,-0.03048,0.097935,-0.061942,-0.17524,-0.14943,-0.13722,-0.011781,0.16814,0.042967,0.51461,0.2254,0.35065,0.26132,0.34593,-0.0035497,-0.036391,-0.056049,-0.10707,0.075513,0.1614,-0.046733,0.0026741,-0.14135,0.086041,0.24175,-0.13508,-0.06798,-0.10431,0.3684,0.36477,0.42474,-0.0031367,-0.076194,-0.062067,-0.028973,-0.13086,0.0022615,-0.13214,-0.21277,-0.00022631,0.39331,0.2068,-0.00014951,-0.024001,-0.17705,-0.079957,-0.04015,-0.10654,-0.18662,0.25329,0.11984,-0.039417,-0.013884,-0.2078,-0.22284,0.29937,0.28076,-0.041228,0.11441,0.026973,-0.045223,0.011239,-0.073014,-0.097469,-0.11717,-0.054478,-0.049122,-0.19053,-0.17335,-0.093793,-0.17594,-0.20932,-0.18587,0.19762,0.39403,-0.0923,-0.18102,-0.13537,-0.15006,-0.063056,-0.10464,0.032003,-0.035226,-0.023022,-0.010941,-0.15115,0.15739,-0.024062,0.21282,0.33592,0.16063,0.13724,0.14173,0.1253,0.18315,-0.16547,0.0044464,-0.058515,-0.1237,-0.039717,-0.069897,0.031882,-0.050479,-0.033351,0.020907,-0.081448,0.017501,-0.069689,-0.17272,-0.0022094,-0.16003,-0.0189,-0.1745,-0.072265,-0.085417,-0.15105,0.11317,0.0071722,-0.13584,-0.094792,0.11454,0.15955,0.11284,0.085092,0.064903,-0.045751,0.23002,0.16649,0.20477,0.070749,0.083237,0.17501,0.2164,-0.047234,-0.091165,-0.050094,0.098527,-0.13828,-0.04617,-0.16682,-0.0021643,-0.13571,0.1098,0.1029,0.16341,0.047064,0.26788,0.19907,0.32286,0.25826,0.070688,0.054682,0.22967,0.091719,-0.022427,-0.032545,-0.09447,0.045062,-0.096752,-0.17244,-0.15425,0.072297,0.0044911,0.044183,0.007379,-0.079139,-0.24119,-0.059354,-0.14261,-0.014702,-0.073366,0.082611,0.019223,-0.025501,-0.053041,-0.02996,-0.15573,-0.12535,-0.017291,-0.072045,-0.055402,-0.049061,-0.056166,-0.1695,-0.16319,-0.15013,-0.067784,-0.14715,-0.16567,0.19109,0.034416,0.17844,0.1214,0.10512,-0.047633,0.0008593,-0.083605,-0.016022,-0.20821,-0.12191,-0.091987,0.028925,-0.10119,0.15162,0.20615,-0.09541,-0.035667,-0.0056776,0.31186,0.22942,0.1972,-0.07996,-0.039008,-0.11139,-0.079094,-0.10201,-0.11819,-0.028491,-0.15466,-0.073049,0.16446,0.13066,-0.018857,0.0027434,-0.05568,-0.026401,-0.03375,-0.06683,0.10725,0.21095,0.052904,-0.029143,-0.14611,-0.15129,-0.27107,-0.0036504,0.1274,-0.18198,0.035123,0.12501
0.0085466,-0.0698,-0.036733,0.035225,0.13661,0.14277,0.14346,0.22278,-0.0060521,-0.0061078,0.14257,0.17327,0.21246,0.1164,0.08911,0.071437,0.17433,0.46073,-0.061244,0.26039,0.11966,0.14047,0.21612,0.14124,0.17262,0.13644,0.013705,0.15396,0.14872,0.018751,0.044809,0.16486,0.16617,0.29448,0.10884,0.030493,0.013294,0.1378,0.089687,0.10579,0.17655,0.095365,0.21766,0.29829,0.23443,0.062157,0.19962,0.21875,-0.015572,0.047463,0.26075,-0.025016,0.077063,0.13719,0.13048,0.29725,0.32324,0.043123,0.10785,0.12421,0.17922,0.21664,0.28246,0.20988,0.29595,0.074804,-0.050381,0.1943,0.064815,0.052319,0.13014,0.12438,0.11114,0.18071,0.022071,0.14825,0.08717,0.01757,0.1954,0.10159,0.35013,0.31673,0.34418,0.088807,0.24813,0.11949,-0.035098,0.016593,0.055975,0.026084,0.071171,0.36625,0.29682,-0.071925,0.13928,0.30589,0.27794,0.11714,0.11075,0.14875,0.10867,0.26433,0.41497,0.46854,0.43616,0.071213,-0.0069169,0.18803,0.023689,1,0.20001,0.054294,0.086781,0.045104,0.22042,0.086003,0.12136,0.11222,-0.015084,0.14101,0.078253,0.068737,0.14304,0.18073,0.18505,0.21247,0.26093,0.17599,-0.017936,0.38576,0.022769,0.031303,0.012436,0.074137,0.052134,0.056602,-0.11234,0.081338,0.013207,0.12178,-0.075773,-0.15984,0.12857,0.029873,0.12846,0.11241,-0.19505,0.052591,0.14493,-0.075718,-0.090717,0.11606,0.021306,0.12366,0.15147,0.079989,-0.023991,0.12767,-0.091518,-0.014833,0.26882,0.11653,0.31946,0.11049,0.065575,0.15602,0.33349,0.42395,-0.055348,0.018359,0.13904,0.10866,0.077298,-0.0043203,-0.014807,-0.063761,0.093379,0.16635,0.076584,0.14723,0.027226,0.063934,-0.0060907,0.085978,0.032963,0.0982,0.079523,0.35608,0.43026,0.24257,0.058207,0.17467,0.21646,0.16256,-0.23549,0.24536,0.16091,0.22276,0.21063,0.19737,0.031194,0.078524,0.17386,0.19767,0.18579,0.18387,0.026942,0.12873,0.008815,0.11092,-0.1074,0.15717,0.054254,0.14973,0.031324,0.081364,0.14759,0.15493,0.095376,0.049198,-0.028314,0.021841,0.24813,-0.061083,-0.13017,0.018381,0.037008,-0.092847,-0.13328,-0.058406,0.18725,-0.20465,-0.021313,0.056947,0.0075822,0.18992,0.19986,0.014644,-0.016842,0.17442,0.12186,0.086627,0.15453,0.10247,0.038472,0.13485,0.03666,0.10753,0.078309,0.00073475,0.097023,0.14107,0.14564,0.066748,0.085463,0.1127,0.12246,0.30793,0.22632,0.13878,0.24096,-0.0036107,0.029609,-0.036013,0.022257,-0.13987,0.0010766,-0.18985,-0.15814,-0.049358,-0.16895,0.04566,-0.15804,-0.16829,-0.089854,-0.034655,0.19176,-0.084295,-0.061762,-0.083152,0.035201,0.15103,0.29589,0.12677,0.32918,-0.17933,-0.096826,0.0052554,0.00054239,0.35847,0.17262,-0.021594,-0.071875,0.15521,0.027145,0.04855,-0.056177,0.11949,0.15448,0.10354,0.035881,0.048121,-0.011664,0.024309,0.0087914,0.13653,0.33854,0.33472,-0.0090989,0.33087,0.12787,0.11994,0.1666,0.051486,0.073908,0.16083,-0.010302,0.13616,0.047173,0.15654,0.016155,-0.043316,0.12836,-0.085299,0.14177,-0.022363,-0.02936,-0.025566,-0.090888,-0.11097,-0.22882,-0.069261,0.015697,0.041188,-0.12578,-0.0019894,-0.052142,-0.026362,0.14099,0.019549,0.14086,0.14192,0.10234,0.00049787,0.043661,0.24968,0.15618,0.066504,-0.14323,-0.10629,0.12105,0.082209,0.14132,0.071553,0.077873,0.035824,0.093936,0.037363,-0.072404,-0.012781,0.072472,0.16421,0.048184,0.10668,0.10675,0.10458,0.0073207,0.19619,0.1465,-0.046333,-0.043609,0.11183,0.19078,0.093473,-0.069795,-0.091631,0.14121,0.25059,0.31868
0.080122,0.026809,0.053151,0.075405,0.13678,0.13859,0.13754,0.13849,0.031109,0.023336,0.073944,0.096626,0.22251,0.050283,0.10706,0.076354,0.096835,0.16671,0.079344,0.22545,0.16696,0.13433,0.23109,0.18849,0.20058,0.13951,0.13362,0.23391,0.10866,0.030707,0.078408,0.15465,0.051173,0.051519,0.10636,0.023025,0.12731,0.11789,0.10739,0.16332,0.19051,0.12486,0.16876,0.14074,0.2015,0.15014,0.18817,0.13951,-0.0077979,0.10286,0.11365,0.09374,0.0061136,0.07124,0.21331,0.19781,0.14547,0.1427,0.13959,0.10367,0.1679,0.14268,0.042708,0.12025,0.13566,0.084652,-0.017959,0.12722,0.052027,0.17588,0.18318,0.19704,0.16916,0.20588,0.088753,0.11532,0.0097897,-0.025528,0.11311,0.010549,0.04178,0.098886,0.12294,0.0011186,0.28466,0.061947,0.0021335,0.17837,0.02477,0.032928,0.021532,0.094518,0.14774,0.066416,0.14613,0.11013,0.1167,0.12041,0.086205,0.14296,0.076505,-0.016609,0.040103,0.033087,0.09299,0.11368,0.040527,-0.085021,-0.044643,0.20001,1,0.16348,0.30758,-0.051273,0.12755,0.012126,-0.038725,0.1024,0.082597,0.15655,0.09173,0.072679,0.14347,0.14409,0.13004,0.16806,0.031249,0.02613,-0.0058836,0.031229,0.018903,-0.037223,0.0029688,0.12639,0.10188,0.041551,-0.067889,0.05308,0.073827,0.11719,-0.038162,-0.048893,0.14694,0.13182,0.088777,0.13055,-0.064417,0.12505,0.087692,0.091212,0.041715,0.020075,0.022816,0.18547,0.19767,0.061424,0.039674,0.16972,0.075632,0.14274,0.19684,0.15035,0.008072,-0.060684,0.072264,0.060254,0.10991,0.03342,0.12664,-0.034135,0.11364,0.094416,0.057041,0.014047,0.11891,0.041266,0.11954,0.1553,0.093099,0.079218,-0.0052061,0.025741,0.027812,0.097641,0.00816,0.083929,0.092834,0.18041,0.077446,0.031171,0.0091061,0.14393,0.1376,0.17992,-0.032544,0.010949,0.10975,0.081959,-0.032124,0.16883,0.019127,0.11681,0.21751,0.18315,0.22013,0.20639,0.14243,0.21664,0.11685,0.10345,0.085137,0.12092,-0.015075,0.058691,0.0033913,0.053943,0.18703,0.15403,0.13136,0.14038,0.062608,0.04205,0.19837,0.08454,0.015182,0.084643,0.20101,-0.044455,-0.0064606,0.093727,0.07596,-0.031212,0.05498,0.1453,0.11509,0.065141,0.12999,0.10513,0.10089,0.14866,0.067699,0.010984,0.052909,0.071911,0.048061,0.071751,0.030381,0.034103,0.064136,0.13217,0.13419,0.2076,0.16357,0.10506,0.10481,0.062476,0.031219,0.15122,0.13994,0.12035,0.15112,0.032739,0.096822,0.14892,0.22228,0.1245,0.1382,0.11279,0.041319,0.13491,0.062387,0.08939,0.070763,0.1452,0.23197,0.15552,0.089323,0.095412,0.073962,0.12854,0.14777,0.091876,0.076819,0.035358,0.14175,0.062177,0.10951,0.089283,0.082073,0.1613,0.14834,-0.013223,0.11695,0.10436,0.055665,0.14422,-0.024464,0.084206,0.18213,0.13194,0.12506,0.05717,0.055878,0.075385,-0.075285,0.21416,0.1414,0.11371,0.05223,0.18146,0.081559,0.00020219,0.07796,0.091401,0.068133,0.10277,-0.0014114,0.11187,0.065516,0.13873,0.064338,0.057123,0.15447,0.093935,0.12578,0.032075,0.14791,0.1466,0.16577,0.14513,0.049805,0.048044,0.093899,0.04627,0.0065919,0.03982,0.059206,0.14168,0.088594,0.027942,0.13798,0.17436,0.028397,0.029043,0.094914,0.068634,0.060305,0.095049,0.15943,0.13192,0.042819,0.09875,0.18227,0.10497,0.16143,0.05731,0.12085,0.069864,-0.01318,0.10287,0.11357,0.14157,0.091646,0.11374,0.11507,0.077422,0.058301,0.14178,0.066551,0.066572,0.032108,0.11498,0.16485,0.18317,0.15267,-0.0038496,0.1251,0.11024,0.17929
0.018548,-0.017463,-0.072102,0.010928,-0.034799,0.065134,0.015664,0.060695,0.040688,-0.0045705,0.015094,0.011441,0.012142,0.033406,-0.042947,0.067854,0.04519,0.21018,0.09861,0.079642,-0.079586,-0.06594,-0.022574,0.036294,-0.021266,-0.055052,-0.067437,-0.0015432,0.012611,-0.05404,-0.030175,-0.088922,0.18724,0.16467,-0.13435,-0.05884,-0.029584,-0.10893,-0.070767,-0.097906,0.022504,-0.061569,0.10013,-0.009114,0.11797,0.11799,-0.033384,0.079752,0.23784,0.10793,0.1389,0.18834,0.17436,0.25996,-0.065044,0.0074206,0.037023,-0.0018985,-0.073623,-0.055578,0.052834,-0.047703,0.043267,0.038224,0.08285,-0.038699,-0.078103,-0.053036,-0.046002,-0.04799,-0.014334,-0.023177,0.010269,-0.059516,-0.017449,0.02218,0.023783,0.05948,0.027289,0.01555,0.10508,0.1116,0.091785,0.022373,-0.044284,0.27856,0.20814,0.15776,0.1977,0.23418,0.23043,0.14008,-0.0071724,0.025615,0.18781,0.2139,-0.047072,-0.03876,-0.052317,0.10328,0.033661,0.099457,0.099888,0.036427,0.13082,0.25204,0.26379,0.18417,0.30858,0.054294,0.16348,1,0.14315,-0.052621,-0.021299,0.2379,0.18313,-0.04973,-0.015267,-0.072878,-0.014038,0.10272,-0.039662,-0.095117,-0.02056,-0.044954,-0.077732,0.049776,-0.025803,0.005013,0.042505,0.023688,0.097982,-0.03478,-0.024296,0.0092712,-0.037067,0.099573,0.034421,0.04992,0.09755,-0.083409,-0.030999,-0.071242,-0.069823,0.070881,0.052884,0.040734,0.27949,0.18251,0.2324,0.21605,0.19666,0.055134,0.034356,0.026356,-0.074741,0.11024,0.10025,0.025425,0.063048,-0.00066119,0.12273,0.16339,-0.049193,-0.076755,-0.0019525,0.22767,0.22836,0.22833,0.0049998,-0.014142,-0.042622,-0.017292,-0.070222,-0.022486,-0.063251,-0.098909,-0.0045831,0.2486,0.086402,0.011299,0.044167,0.0069064,0.061356,0.010456,-0.054705,-0.039012,0.18665,0.12693,-0.020257,0.057785,-0.080576,-0.070929,0.15585,0.13076,0.017149,0.11444,-0.005273,-0.017342,-0.038988,-0.044823,-0.055334,-0.07427,-0.0022812,0.029126,-0.057578,-0.021119,-0.01395,-0.041934,-0.069537,-0.13648,0.074627,0.19062,-0.10759,-0.096863,-0.0054486,-0.064964,-0.047055,-0.073352,0.0072364,-0.011463,0.060912,0.02592,-0.11461,0.13573,0.076256,0.13611,0.19538,0.14026,0.086682,0.10241,0.040845,0.15705,-0.093449,0.056888,0.011702,-0.092622,-0.019923,-0.021551,-0.00035985,0.0023204,-0.024735,0.019419,-0.072684,-0.0011989,-0.0015755,-0.13823,0.021796,-0.10879,-0.010353,-0.00060709,-0.008084,-0.025261,-0.1033,0.12869,0.086582,-0.037957,-0.015141,0.094239,0.11846,0.067431,0.047004,0.14641,0.064312,0.16025,0.10591,0.13677,0.056161,0.082739,0.10379,0.14414,0.030496,-0.0097594,0.087428,0.1418,-0.014531,0.032137,-0.0036617,0.081073,0.054451,0.10029,0.080242,0.12018,0.045466,0.127,0.20253,0.19379,0.10956,0.053779,0.08858,0.14139,0.089731,0.049304,0.014491,0.035438,0.038602,-0.042553,-0.054248,-0.10668,0.064463,0.0036492,0.044223,0.058369,-0.059098,-0.11213,0.058192,-0.03066,0.063783,-0.0089028,0.11596,0.022067,0.045214,-0.0065976,0.024056,-0.055039,-0.059173,0.037219,-0.053787,0.015694,0.027438,-0.015374,-0.086972,-0.051819,-0.041112,0.013304,-0.057986,-0.063838,0.17562,0.067157,0.1214,0.1897,0.077137,-0.007015,0.033091,0.011415,0.040544,-0.029604,-0.071667,-0.063293,0.034744,9.3296e-05,0.1216,0.17267,0.0016951,0.014387,0.075062,0.21514,0.17343,0.17944,-0.089923,0.010472,-0.019085,0.008938,-0.02622,-0.096017,-0.021395,-0.10679,-0.03495,0.098317,0.12166,0.09648,0.047853,0.0056302,0.020779,0.075685,-0.021455,0.11219,0.099145,0.089331,-0.0025626,-0.050317,-0.071853,-0.096273,0.051181,0.050996,-0.066381,0.054879,0.17517
0.061208,-0.0076375,0.09852,0.07333,0.080653,0.084773,0.058162,0.11841,-0.022021,-0.025833,0.0031557,0.046402,0.13657,0.07942,0.056281,0.085515,0.07107,0.097923,0.035643,0.13986,0.12304,0.068201,0.092511,0.060398,0.074344,0.048505,0.070123,0.13193,-0.013793,0.0010928,-0.012519,0.06748,0.044932,0.040972,0.032255,0.0089599,0.076738,0.022525,0.062349,0.067435,0.086674,0.086433,0.081335,0.069932,0.2406,0.094082,0.11552,0.048897,0.095008,0.099755,0.15701,0.10967,0.033447,0.1516,0.11126,0.061864,0.073099,0.10236,0.051831,0.027095,0.067231,0.0052526,0.01399,0.014611,0.033151,0.024728,-0.019293,0.064535,-0.027152,0.0719,0.094048,0.11305,0.10067,0.046687,0.010571,0.029542,0.011669,-0.023323,0.011684,0.083497,0.13685,0.11477,0.18317,0.085418,0.17403,0.119,0.093218,0.35,0.16339,0.23616,0.22668,0.14198,0.053478,0.15293,0.29944,0.13916,-0.032896,0.00098523,-0.035203,0.1084,-0.035932,-0.0065039,-0.028211,-0.050015,0.086807,0.27411,0.19638,0.067015,0.1753,0.086781,0.30758,0.14315,1,-0.13867,0.014026,-0.0017314,0.10966,0.044465,0.016483,0.047123,0.056284,0.056853,0.067352,0.051248,0.069306,0.055295,-0.034526,0.0064399,0.03296,0.067852,0.035919,-0.0092602,-0.0091217,0.071075,0.046799,-0.052718,0.027785,0.059077,0.0849,0.071975,0.01906,-0.078899,0.014103,0.055697,0.065927,0.10204,0.04516,0.076076,0.26362,0.22399,0.24757,0.061483,0.15779,0.12285,0.10118,0.028634,0.012782,0.12986,0.085446,0.10949,0.12644,0.047536,-0.025802,-0.023329,0.0065026,0.0024008,-0.024241,0.089649,0.2244,0.083821,0.065534,0.061622,0.058668,0.040252,0.10296,0.051052,0.042605,0.07932,0.04067,0.1652,0.016301,0.011628,0.047722,0.083373,0.10629,0.012672,0.05612,0.072144,0.034769,0.056158,0.028195,0.062317,0.04518,0.074407,0.085313,0.13203,0.017861,0.055869,0.073573,0.091776,0.0040107,0.05211,0.10704,0.070729,0.09264,0.11236,0.074274,0.12293,0.012766,0.0047334,0.021727,0.047827,0.074626,0.13357,-0.01217,-0.040909,0.11391,0.060824,0.077404,0.052182,0.017699,0.0023611,0.13258,0.035365,0.017734,0.098867,0.10861,0.034493,0.10428,0.1041,0.12763,0.065775,0.0894,0.20062,0.03582,0.028381,0.1154,0.046868,0.010123,0.089868,0.020059,-0.022082,-0.0003639,0.0077601,-0.034652,0.034635,-0.0070618,-0.056721,-0.027448,0.02873,0.034679,0.1123,0.079892,0.032667,0.050592,0.085769,0.069829,0.066481,0.051306,0.23481,0.22905,0.03349,0.12424,0.1507,0.10964,0.16857,0.15734,0.21885,0.10253,0.15631,0.057132,0.077953,0.020213,0.066121,0.12048,0.066359,-0.015831,0.010776,-0.021076,0.037352,-0.0021131,0.031136,0.016125,0.025393,0.10615,0.15802,0.19777,0.088322,0.1551,0.062112,0.15089,0.04494,0.18296,0.025666,-0.04484,0.031868,-0.049218,0.033305,0.095887,0.070432,0.050988,0.029637,0.028229,0.016672,-0.027634,0.071611,0.042548,0.045178,0.11008,0.14198,0.17129,-0.0012776,0.038587,0.042279,0.027186,-0.0095739,0.02828,0.13014,0.066777,0.10479,0.04122,-0.0062832,0.075839,0.032521,0.10351,0.051792,0.083542,0.083203,0.17213,0.078653,0.12211,0.013454,0.12932,0.064714,-0.037023,-0.024317,0.015993,0.053193,0.059003,-0.014751,0.10456,0.062479,0.0063839,-0.03267,-0.0063387,0.003375,-0.0069634,0.10021,0.15714,0.093005,0.020648,0.049417,0.073794,0.092927,0.090693,0.012836,0.057341,0.018368,-0.0017979,0.13888,0.15439,0.056925,0.091912,0.055675,0.13299,-0.013601,0.023418,0.09793,0.078888,-0.004211,0.072899,0.067912,0.078067,0.034484,0.14411,0.039096,0.092067,0.1371,0.19222
-0.047203,0.01729,-0.0058854,0.02315,-0.045639,0.033361,0.050153,0.071995,0.030934,-0.003008,0.070979,0.045611,0.05739,0.17901,0.14044,0.054595,0.015139,0.21471,0.084689,0.14612,0.079713,0.20787,0.19988,0.25434,0.26228,0.21017,0.12048,0.066034,0.37634,0.40675,0.094863,0.20916,0.096768,0.2107,0.24493,0.40224,0.25795,0.29342,0.26469,0.20328,0.22663,0.12835,0.0063433,0.27718,-0.042771,0.1557,-0.035451,0.28492,-0.064736,-0.055679,0.046417,-0.12016,0.031054,-0.0965,0.029129,0.054955,0.16673,0.031878,0.078389,0.0095933,0.13823,0.16303,0.30252,0.30779,0.3658,0.26754,0.37369,0.27502,0.55003,0.13468,0.095352,0.099735,0.078683,0.039933,0.22035,0.11611,0.10105,0.15814,0.12363,-0.042797,-0.0026061,0.045077,-0.0056587,0.020087,-0.049888,-0.050372,-0.04587,-0.30745,-0.010698,-0.051359,-0.016319,0.071438,0.085714,-0.13334,-0.11103,0.01406,0.45455,0.37931,0.45148,0.20829,0.5144,0.30141,0.30308,0.24924,0.1554,-0.082521,-0.10199,0.073577,-0.070433,0.045104,-0.051273,-0.052621,-0.13867,1,0.38099,0.17058,0.0042752,0.038565,0.083612,0.025586,-0.01705,0.10972,-0.029025,-0.0040772,-0.0078834,0.067148,0.23963,0.1918,0.076729,0.16157,0.11506,0.10053,0.053598,0.025154,0.30875,0.5788,-0.0025213,0.064882,0.018401,0.051665,0.026566,0.031742,-0.011994,0.0065924,0.057061,-0.038157,0.040735,-0.040114,-0.064296,-0.14751,-0.18105,0.22477,0.038606,0.0040212,0.12617,0.35807,0.34845,0.047599,0.17559,0.14067,0.19008,0.34065,0.43199,0.44975,0.46512,0.20261,0.42062,0.20672,-0.12014,-0.013777,0.20798,0.011899,0.088863,0.021912,0.068578,0.21375,0.30547,0.24658,0.023188,-0.051852,0.1609,0.096775,-0.031123,-0.04335,-0.0029608,0.073456,0.037614,0.11634,0.10043,0.17499,0.052874,0.048526,0.014634,0.069684,-0.042333,0.02466,-0.00076476,0.11662,0.06755,0.19618,0.18388,0.22641,0.18671,0.24522,0.21669,0.10468,0.10505,0.069335,0.30591,0.28079,-0.088679,0.20381,0.088519,0.048827,0.21784,0.47108,0.11852,0.20224,0.22786,0.20741,0.30995,0.24682,0.043287,0.08756,-0.0121,0.034778,-0.026933,0.043965,-0.11219,-0.11601,0.019621,-0.099574,-0.066516,-0.14005,0.046429,0.14768,0.15977,-0.016905,0.098351,0.047564,0.24135,0.18322,0.19984,0.15851,0.44917,0.20412,0.36472,0.33766,0.38908,0.10153,0.091746,0.073462,0.04426,0.11875,0.1019,0.09162,0.048986,0.12354,0.095934,-0.11041,-0.14735,0.090939,-0.097739,-0.11109,-0.08468,-0.10906,-0.12273,-0.20082,-0.04919,-0.10469,-0.051178,0.038054,-0.0069342,-0.091206,-0.097718,-0.055192,0.18936,-0.066532,0.15816,2.2328e-05,0.13732,0.12849,0.15858,0.1545,0.039501,-0.085357,-0.1802,-0.00062929,-0.048695,0.081079,0.032573,0.064898,-0.11573,0.32006,0.31367,-0.017705,0.11108,0.10432,0.02164,0.038834,0.085944,0.0055722,0.10483,0.12421,0.054199,-0.012412,0.12302,0.012339,0.030774,-0.049535,-0.12076,-0.0018607,-0.036751,0.02138,0.24467,0.37826,-0.023979,-0.10128,-0.030947,0.02007,0.06879,0.023312,-0.017247,0.023522,-0.082519,0.031888,-0.06529,0.015524,-0.050678,-0.060131,-0.089283,0.038697,0.030724,0.044681,0.13785,0.2839,0.38838,0.023452,0.12546,0.21401,0.13017,0.16535,0.24898,0.18068,0.35592,0.11447,0.16862,0.051887,-0.066096,-0.10704,0.18856,0.04708,-0.01145,-0.098434,0.13191,0.31403,0.26207,0.23781,0.10142,-0.079661,-0.087716,0.11997,-0.096735,-0.032769,-0.042173,0.087879,0.10137,-0.020595,0.062762,0.030167,-0.0027442,-0.0024713,0.031375,0.058525,-0.11701,0.026031,0.011421,0.010615,0.00015637
0.069662,0.030716,0.0059584,0.06648,0.064949,0.15098,0.060196,0.14374,-0.027018,-0.031173,0.10689,0.071125,0.3055,0.18634,0.20184,0.13177,0.10808,0.2745,0.026264,0.36059,0.32038,0.33679,0.36622,0.25433,0.3502,0.31843,0.28084,0.3418,0.44975,0.32016,0.076886,0.36164,0.11243,0.16466,0.25958,0.19478,0.29129,0.27249,0.26485,0.241,0.22641,0.29261,0.20514,0.50201,0.088201,0.25505,0.19584,0.53437,-0.12725,0.064306,0.040546,-0.051701,-0.014499,-0.085491,0.31155,0.35453,0.442,0.24448,0.21703,0.20345,0.47776,0.4009,0.56062,0.60153,0.57398,0.37935,0.22596,0.41557,0.46013,0.37628,0.33238,0.31282,0.33375,0.41771,0.3387,0.2679,0.12806,0.134,0.26515,-0.076739,0.079893,0.13445,0.10365,-0.02169,0.092288,-0.067399,-0.043777,-0.19574,-0.096036,-0.10931,-0.074923,0.039884,0.24826,-0.13607,-0.072753,0.043639,0.5294,0.34418,0.45431,0.14031,0.48729,0.23825,0.53789,0.25344,0.26026,-0.13888,-0.068389,-0.016673,-0.15385,0.22042,0.12755,-0.021299,0.014026,0.38099,1,0.14501,-0.038151,0.17989,0.16059,0.21915,0.14115,0.17892,0.16235,0.24423,0.19607,0.2859,0.33538,0.1913,0.036921,0.143,0.0085349,0.15321,0.092352,0.22957,0.47715,0.6186,-0.072602,0.11146,0.068517,0.23208,0.039739,-0.10649,0.16861,0.13091,0.17228,0.18733,-0.064792,0.045459,-0.060449,-0.046783,-0.12059,0.1171,0.05641,0.2477,0.29519,0.62132,0.23816,0.14139,0.23043,0.29115,0.41437,0.59063,0.35999,0.28266,0.40136,0.35598,0.58145,0.1705,-0.070447,-0.062517,0.32635,0.12855,0.1581,0.068205,0.21136,0.22845,0.30505,0.37523,0.16875,-0.061525,0.11984,0.14301,-0.016687,0.050948,0.019742,0.12214,0.1462,0.26555,0.1427,0.10351,0.087471,0.19567,0.13807,0.29696,-0.11569,-0.0018372,0.086144,0.20271,-0.0154,0.32163,0.35232,0.2724,0.37529,0.35635,0.32953,0.35295,0.25152,0.31187,0.38181,0.45903,-0.043264,0.28342,-0.011108,0.036316,0.1637,0.42126,0.3657,0.30893,0.21092,0.27282,0.21404,0.44813,0.27981,0.035711,-0.064147,0.12725,0.1175,0.097411,-0.14854,-0.043643,0.023557,-0.16159,-0.15041,-0.0098418,0.14088,0.35023,0.38246,0.088023,0.20985,0.31984,0.50298,0.32669,0.49441,0.42311,0.48875,0.41944,0.38704,0.36939,0.30644,0.2682,0.28035,0.30173,0.28619,0.35958,0.30641,0.20207,0.17832,0.32668,0.3152,0.0032527,0.047104,0.11693,-0.080683,-0.031913,0.038491,-0.093448,0.11661,-0.22873,-0.14654,-0.084398,-0.11864,0.077101,-0.0085054,-0.085785,-0.0050423,-0.054721,0.5288,-0.035995,0.29321,0.027203,0.34995,0.27983,0.45357,0.21167,0.31361,-0.18554,-0.10707,0.014581,-0.056429,0.20425,0.1113,-0.02798,-0.095939,0.41279,0.62525,0.21417,0.099993,0.26566,0.25638,0.21813,0.21036,0.077755,0.15235,0.29322,0.09109,0.21258,0.35621,0.25877,0.081303,0.19968,-0.008858,0.074624,0.19602,0.1628,0.48119,0.66073,0.0002618,0.1342,0.012566,0.21139,0.087775,0.03682,0.11182,0.098186,0.10195,0.082549,0.075044,0.082143,-0.023731,0.03832,-0.18248,0.034985,0.058284,0.067138,0.13057,0.47584,0.35345,0.13342,0.38792,0.46953,0.31828,0.38179,0.29181,0.11521,0.42313,0.37519,0.44439,0.04928,-0.072583,-0.068155,0.19531,0.18465,0.17155,0.084598,0.27917,0.33222,0.26782,0.28543,0.070315,-0.063435,0.087225,0.30853,0.037749,0.11742,0.044118,0.14412,0.11408,0.12241,0.1317,0.015228,0.032791,0.14166,0.12837,0.2353,0.021854,-0.033542,0.14498,0.17027,0.17996
0.0073801,-0.0071905,-0.076098,0.029446,-0.099906,0.091875,-0.023167,0.0072392,0.015503,-0.032287,-0.046259,-0.057739,0.06267,0.061331,0.033503,0.1107,0.052084,0.41157,0.12913,0.19718,0.023638,0.011201,0.10122,0.11402,0.10585,0.085212,-0.029443,0.057677,0.1739,0.13445,-0.0042584,0.033979,0.31474,0.27179,-0.006198,0.002878,0.12121,-0.011724,0.06894,-0.041419,0.081182,0.051546,0.077888,0.05981,-0.0061092,0.21843,0.011726,0.33313,0.37497,0.29904,0.13934,0.19063,0.25444,0.36543,-0.026858,-0.0489,0.0048784,0.04254,-0.099962,-0.069144,0.038585,0.006707,0.08865,0.056238,0.22461,-0.00013623,-0.040348,0.069702,0.14705,0.039356,0.053418,0.026485,0.050408,-0.10561,0.085812,0.012354,0.096457,0.063449,0.0096107,-0.094173,0.092702,0.33871,0.081118,0.035256,-0.081077,0.67635,0.47571,-0.093572,0.41986,0.23823,0.29541,0.39769,-0.047126,-0.11948,0.14407,0.52914,0.15648,0.17095,0.26952,0.37893,0.21858,0.56678,0.18603,0.33253,-0.014708,0.22474,0.14195,0.41387,0.25126,0.086003,0.012126,0.2379,-0.0017314,0.17058,0.14501,1,0.4639,-0.056949,0.09264,-0.054674,0.013796,0.15787,-0.060247,-0.11637,-0.018888,-0.018654,-0.062115,0.054192,0.011357,0.096663,0.088106,-0.0015313,0.11371,0.0017295,0.050883,0.18656,-0.022042,0.22157,0.11698,0.18378,0.15398,-0.034584,-0.027311,0.027616,-0.048967,0.13615,0.11593,0.092191,0.36101,0.10264,0.23969,0.6514,0.34101,0.13324,0.20557,0.27688,0.025933,0.30077,0.31496,0.23024,0.17307,0.21053,0.47121,0.63697,0.23512,-0.035789,0.040444,0.5182,0.40902,0.5961,0.1313,0.028776,-0.0016335,0.028925,0.036386,0.085942,0.064591,0.047919,0.10824,0.33979,0.35975,0.071593,-0.056082,-0.076616,-0.06493,0.025918,0.010765,-0.037369,0.4628,0.45281,0.00062889,0.049814,-0.11874,-0.0010808,0.29261,0.34065,0.054419,0.12093,-0.066404,0.086395,0.0012842,0.11405,0.085239,0.067118,0.15024,0.19374,0.028736,0.072184,0.16412,0.11877,-0.062804,-0.051519,0.11162,0.21454,0.014173,0.044192,0.1445,0.067825,0.091934,0.090318,0.16821,0.10844,0.16691,0.099709,-0.099012,0.21283,0.17286,0.23461,0.21593,0.21952,-0.001453,0.068664,0.056541,0.12098,-0.047345,0.10322,0.0038483,-0.10666,0.075047,-0.039973,-0.00090147,0.069984,0.0038137,0.016045,0.048425,0.045131,0.15646,-0.033706,0.2999,0.019465,0.085346,0.065504,0.0003052,0.028958,-0.064767,0.16952,0.075221,-0.105,-0.0071462,-0.0093609,0.038619,0.22706,-0.077344,0.13841,-0.0075903,0.12423,0.16858,-0.094157,0.021276,-0.035677,0.08201,0.42823,-0.027158,-0.10325,-0.09341,0.25919,0.063949,0.078142,0.15413,0.17414,0.065496,0.47973,0.039642,0.43989,-0.01547,0.041125,0.069652,0.31857,0.12026,0.0078822,0.075214,0.168,-0.042996,0.26404,0.16328,0.23754,0.2922,0.024388,-0.0034921,-0.080959,0.19818,0.07144,0.11999,0.063347,-0.10538,-0.089504,0.062741,-0.13539,-0.017027,-0.051832,0.012252,0.010074,-0.022209,0.03448,0.079601,0.1181,-0.10718,0.066782,-0.095133,0.065136,0.081101,0.043218,-0.080661,0.061579,-0.054048,0.012506,0.022187,-0.0010443,0.2021,0.11067,0.067002,0.32766,0.086279,-0.024578,0.056574,0.05188,0.19189,0.012971,0.0044654,-0.045722,0.15531,0.13141,0.40338,0.47833,0.18871,0.019985,0.026228,0.43807,0.20105,0.2201,-0.0044531,0.15773,-0.0082333,0.023806,0.14011,0.011117,0.18015,0.0026202,0.037462,0.07176,0.14121,0.16622,0.0093867,0.056231,-0.035012,0.056563,0.0058554,0.15486,0.17171,0.29335,-0.033337,-0.071469,-0.086194,0.001214,0.074712,0.17285,-0.074192,-0.015972,0.1049
-0.039167,-0.0037718,0.040449,0.077049,-0.069353,-0.00094369,0.045415,0.085972,0.040442,-0.003667,-0.06314,-0.076542,0.020301,0.066089,0.10033,0.032925,0.048341,0.37099,0.14823,0.038445,-0.072523,-0.072857,-0.0074386,0.039743,0.02597,0.021101,-0.090391,-0.059602,-0.089544,-0.09664,-0.021723,-0.070967,0.20245,0.2246,-0.04205,-0.021079,-0.003991,-0.082561,0.0040813,-0.035877,0.028461,-0.037658,-0.021357,-0.017258,0.124,0.093019,-0.031415,0.18557,0.39279,0.20032,0.29133,0.20611,0.25236,0.3825,-0.10718,-0.12084,-0.05111,-0.018246,-0.068392,-0.098336,-0.088186,-0.14315,0.07499,-0.010098,0.086922,-0.062261,-0.055455,-0.0060905,-0.043309,-0.082263,-0.067742,-0.054282,-0.086328,-0.1538,-0.015474,-0.011083,0.071112,-0.004131,-0.081851,0.063732,0.25558,0.15206,0.18624,0.13056,-0.067314,0.65353,0.50922,0.20582,0.50237,0.54064,0.36609,0.43538,-0.15235,-0.019527,0.15119,0.349,-0.068434,-0.10523,-0.0086222,0.1018,-0.045173,0.35893,0.17834,0.14274,0.08037,0.36495,0.17601,0.52927,0.3708,0.12136,-0.038725,0.18313,0.10966,0.0042752,-0.038151,0.4639,1,-0.11114,-0.0020112,-0.077221,-0.035926,0.038601,-0.058965,-0.15944,-0.060853,-0.05966,-0.099403,-0.035005,0.0023652,0.054969,0.096969,-0.087704,-4.7979e-05,-0.075508,-0.05937,-0.059045,0.04943,0.1354,0.073421,0.0062426,0.073404,-0.01328,-0.056693,-0.078883,-0.055177,0.027833,0.065813,0.032872,0.41509,0.13435,0.24153,0.3511,0.33905,-0.0040126,0.0432,0.042833,-0.0054409,0.089831,0.1327,-0.023638,0.013443,-0.044652,0.23747,0.3715,-0.02176,-0.053786,-0.10304,0.47184,0.38188,0.5326,-0.013385,-0.010434,0.0058855,0.049739,-0.032451,-0.013851,-0.023476,-0.059645,-0.011591,0.40098,0.31629,0.039277,-0.026417,-0.063465,-0.075195,-0.026831,-0.037676,-0.19006,0.39315,0.28225,0.048119,0.01072,-0.05774,-0.094901,0.16755,0.4332,-0.053007,0.081531,0.1585,-0.010433,-0.010722,0.016316,-0.041094,-0.012095,0.024632,0.027058,-0.032656,-0.038268,-0.091354,-0.095494,-0.037246,-0.06905,0.20009,0.26102,-0.020002,-0.071501,-0.0013926,-0.03233,0.033516,-0.014767,0.086674,-0.05614,0.014195,0.016486,0.042793,0.045589,-0.00070828,0.2171,0.25675,0.15573,0.15828,0.093504,0.18074,0.15205,-0.030289,0.006586,0.033166,-0.032546,-0.0098372,-0.087841,-0.067725,-0.012003,0.004753,-0.021638,-0.075238,-0.01539,0.011109,-0.05205,0.065004,-0.071067,-0.017258,-0.017724,-0.04858,-0.059045,-0.026469,0.1329,0.048484,-0.092491,-0.0018599,0.17445,0.25454,0.19077,0.16492,0.11112,-0.13467,0.2138,0.23553,0.10885,0.18296,0.12477,0.15029,0.29673,-0.1068,-0.1031,-0.19954,0.10711,-0.09444,-0.077129,-0.15177,-0.053467,-0.19883,0.30796,0.056164,0.32592,0.17058,0.18732,0.055067,0.18146,0.23285,0.15903,0.045726,0.11079,0.00057169,0.0037292,-0.056198,0.060332,0.31019,-0.052493,-0.054154,-0.085202,0.034115,0.018165,0.02222,-0.12675,-0.033591,-0.1231,0.030924,-0.11735,-0.085497,-0.0074926,0.053698,-0.016791,-0.089391,-0.040839,-0.0066998,-0.080447,-0.016641,-0.003175,0.052253,-0.016267,0.014859,-0.064736,-0.076593,-0.10457,-0.021058,-0.0082115,-0.097617,-0.041864,0.11768,-0.024497,0.14671,0.16673,0.13514,0.074645,-0.036415,-0.10654,0.01688,-0.050636,-0.06698,-0.071237,0.039384,-0.028819,0.18014,0.21055,-0.037857,-0.077517,-0.048266,0.41217,0.14935,0.16966,-0.043048,0.043764,-0.049199,-0.028528,0.015154,-0.051446,0.048715,-0.039951,0.074703,0.16541,0.13713,0.048386,-0.024261,0.014973,-0.01378,-0.041048,0.041906,0.054556,0.24147,0.14242,0.022216,-0.017909,0.0066375,-0.096655,0.016257,0.13816,-0.078898,0.16642,0.1093
0.092325,0.038653,0.068201,0.013258,0.095029,0.077702,0.064883,0.091496,0.017886,-0.010456,0.11743,0.13106,0.20592,0.09557,0.17188,0.073722,0.095104,0.065425,0.028559,0.27724,0.23266,0.22459,0.29372,0.22123,0.24158,0.19455,0.31939,0.37234,0.25427,0.11957,0.13577,0.23134,0.039203,0.010884,0.16226,0.12093,0.15335,0.20041,0.16877,0.20301,0.21058,0.18168,0.23688,0.21079,0.17432,0.12767,0.18592,0.15372,-0.14057,0.013875,0.081067,-0.031824,-0.02234,-0.073225,0.31994,0.2798,0.24139,0.17053,0.24583,0.21957,0.24592,0.2458,0.18317,0.18699,0.16917,0.15152,0.079998,0.18608,0.13581,0.32142,0.28314,0.35381,0.23609,0.27178,0.189,0.13881,0.019765,0.086769,0.19915,-0.015023,0.029469,0.065474,0.070786,0.0073743,0.10122,-0.1345,-0.11887,-0.029163,-0.095293,-0.14293,-0.09094,-0.011348,0.22863,0.028007,-0.0089731,-0.049692,0.25154,0.12844,0.15814,0.042475,0.085347,0.0057915,0.12378,0.069684,0.14327,-0.068361,-0.044908,-0.13368,-0.136,0.11222,0.1024,-0.04973,0.044465,0.038565,0.17989,-0.056949,-0.11114,1,0.25263,0.22691,0.16142,0.1363,0.24332,0.24464,0.18509,0.26913,0.13312,0.10753,0.056981,0.077613,-0.0042436,0.14905,0.051895,0.15335,0.16957,0.11617,-0.049602,0.062387,0.029958,0.12798,-0.057243,-0.016792,0.27306,0.2444,0.12871,0.074988,-0.025876,0.14524,-0.037409,-0.001277,-0.065197,-0.046053,-0.047176,0.10774,0.16657,0.052216,0.098418,0.08973,0.003364,0.13329,0.23169,0.18124,0.066562,-0.021327,0.14316,0.20734,0.1836,0.0036306,-0.052548,-0.14039,0.16142,0.13564,0.13551,-0.014028,0.16819,0.096625,0.19518,0.21891,0.086828,-0.027611,0.0054979,0.083945,0.016219,0.069684,0.066171,0.11906,0.1695,0.22126,-0.011519,0.006317,0.050128,0.21347,0.26071,0.28629,-0.1222,-0.025228,0.15815,0.076748,0.041547,0.25086,0.033072,0.16175,0.28882,0.28691,0.25411,0.22481,0.26836,0.33297,0.21111,0.16238,0.088098,0.21612,-0.0061871,-0.039732,0.092549,0.099845,0.21514,0.19665,0.14089,0.20156,0.1276,0.038054,0.26846,0.08664,0.053448,0.040904,0.17374,-0.035488,-0.071667,-0.01976,0.056295,-0.059995,-0.034376,0.03261,0.20629,0.17045,0.21119,0.1224,0.1611,0.2144,0.14782,0.18881,0.1089,0.037724,0.054834,0.082451,0.10169,0.10222,0.089056,0.20942,0.1988,0.34833,0.15073,0.20263,0.11592,0.10901,0.10669,0.25947,0.21361,0.078042,0.13584,-0.0047717,0.045834,0.070707,0.082559,-0.0037769,0.014582,-0.0041275,-0.014364,0.042347,-0.037494,-0.02056,0.07826,0.085879,0.083211,-0.00047876,0.18983,0.033965,0.15814,0.051811,0.15396,0.039042,0.10026,0.0092784,0.11973,-0.054389,0.041481,-0.0088674,0.010816,0.064018,0.064975,-0.045796,-0.014734,0.17707,0.097264,0.13151,-0.023844,0.33328,0.30827,0.19542,0.17619,0.097298,0.13249,0.20993,0.09543,0.2356,0.20154,0.21649,0.043349,0.15064,0.013152,0.086039,0.18347,0.063243,0.13173,0.15559,0.045442,0.12599,0.071691,0.14365,0.0060675,0.034576,0.19841,0.16952,0.13127,0.031681,0.12039,0.17404,0.054469,0.044623,-0.058317,0.031206,0.023265,0.058343,0.075327,0.077347,0.13275,0.17363,0.1687,0.051428,0.17471,0.16462,0.028913,0.008011,0.14279,0.20578,0.095148,-0.011338,0.0066037,-0.017567,0.13455,0.15594,0.16608,0.081984,0.17905,0.095261,0.16304,0.057658,0.052958,0.0022704,0.042895,0.18682,0.069096,0.10644,0.072954,0.14035,0.13311,0.093451,0.002334,0.029115,0.070811,0.18766,0.2014,0.30605,0.11461,-0.070645,0.19356,0.095613,0.16992
0.079966,0.055577,0.11162,0.087682,0.0041399,0.093751,0.033563,0.027566,0.015453,-0.00078626,0.058711,0.054357,0.22034,0.14664,0.16987,0.068928,0.10529,0.02851,0.11325,0.24388,0.25825,0.21405,0.28597,0.21414,0.2696,0.21971,0.4687,0.48724,0.1998,0.14967,0.076467,0.21265,0.059663,-0.040992,0.12972,0.11086,0.25963,0.16114,0.21252,0.23052,0.23924,0.22921,0.18984,0.13389,0.040925,0.159,0.1252,0.13845,-0.018882,0.12249,0.061278,0.048877,0.076303,0.0071865,0.39062,0.10722,0.10331,0.27852,0.23123,0.19953,0.18166,0.18857,0.08241,0.095051,0.077546,0.17741,0.12771,0.16404,0.15385,0.516,0.3711,0.52244,0.32262,0.20343,0.37028,0.12405,0.06685,0.091961,0.098416,-0.047566,0.0076051,0.062253,0.030298,0.064015,0.063977,0.039623,0.055733,0.0085092,0.075456,0.012811,0.020149,0.064618,0.090209,0.005197,0.024836,0.039357,0.15752,0.15824,0.20116,0.14758,0.10079,0.076219,0.052103,0.03119,-0.023454,0.047018,0.019628,-0.017124,-0.026866,-0.015084,0.082597,-0.015267,0.016483,0.083612,0.16059,0.09264,-0.0020112,0.25263,1,0.25964,0.20453,0.15285,0.25956,0.22917,0.19806,0.27015,0.05647,0.071958,0.15049,0.030707,0.066525,0.10146,0.074275,0.24745,0.21471,0.18155,0.0012623,0.10075,0.0599,0.18605,0.026221,0.087494,0.30915,0.30112,0.046346,0.085805,0.12577,0.21841,0.086864,0.03904,0.086537,0.11544,0.073387,0.13422,0.171,0.11929,0.18032,0.14751,0.16555,0.22367,0.17493,0.21462,0.067609,0.10136,0.18571,0.29821,0.082588,0.039468,0.12201,0.010427,0.081301,0.082569,0.093971,0.027184,0.25987,0.19705,0.16697,0.21041,0.11905,0.028663,0.099958,0.077353,0.016024,0.059345,-0.029046,0.12296,0.28806,0.048191,0.041574,0.041484,0.050241,0.25421,0.20015,0.33033,0.11277,0.055667,0.084773,0.047406,0.024885,0.24576,0.14005,0.2397,0.30073,0.28104,0.29883,0.2552,0.51148,0.52814,0.27247,0.20918,0.16748,0.16498,-0.0023148,-0.034503,0.10637,0.10068,0.27687,0.18128,0.18493,0.30708,0.25432,0.085899,0.24634,0.18176,0.13584,0.084783,0.26553,-0.0060031,-0.008626,0.099099,0.026775,0.0013588,0.022001,0.042225,0.30474,0.13534,0.15382,0.19124,0.33455,0.25502,0.10431,0.31258,0.10764,-0.0018918,0.043187,0.1385,0.16676,0.062614,0.13255,0.49505,0.35926,0.50208,0.25547,0.31334,0.27778,0.15548,0.10135,0.17112,0.18454,0.075776,0.075139,0.080895,0.0018212,0.099178,0.063524,0.082927,0.087172,0.055349,0.069154,0.049299,0.025249,0.05892,0.16006,0.15888,0.11571,0.066757,0.24687,0.066328,0.19079,0.10854,0.19672,0.12758,0.03828,0.10511,0.047278,0.065419,0.078566,0.03859,0.05535,-0.022058,0.065846,0.011054,-0.00063974,0.17071,0.15677,0.10911,0.072517,0.39514,0.51123,0.24283,0.33684,0.049504,0.24405,0.26273,0.17676,0.25319,0.1377,0.082203,0.03904,0.026436,0.0015301,0.012726,0.16438,0.13042,0.25746,0.20476,0.061153,0.10968,0.064617,0.13017,0.13286,0.086129,0.21353,0.32676,0.12338,0.091892,0.2096,0.32757,0.17139,0.18762,0.064428,0.12897,0.10886,0.11681,0.10365,0.11552,0.25147,0.29004,0.21958,0.075409,0.15319,0.15375,0.07678,0.067232,0.13439,0.25386,0.10477,0.11434,0.14324,0.066253,0.092048,0.17302,0.10816,0.060902,0.28703,0.16585,0.21545,0.090717,0.15972,0.038247,0.054548,0.2201,0.0087536,0.075332,0.056628,0.1464,0.3034,0.075218,0.031766,0.12513,0.08838,0.16171,0.17526,0.364,0.19199,0.013903,0.15743,0.023689,0.12126
0.082319,0.10474,0.15003,0.10421,0.11851,0.057728,0.12987,0.10688,0.023181,0.041275,0.077885,0.084576,0.30465,0.14323,0.20861,0.093881,0.10831,0.099383,0.077118,0.28034,0.29254,0.25502,0.30905,0.23363,0.27726,0.20717,0.41275,0.45148,0.14195,0.052969,0.088031,0.23183,0.038094,-0.048751,0.16348,0.043878,0.19439,0.1912,0.18884,0.26964,0.2184,0.19745,0.24179,0.16096,0.15059,0.11962,0.18914,0.13808,-0.086145,0.13782,0.078724,0.040625,0.014422,-0.028133,0.40489,0.22829,0.1417,0.27274,0.35007,0.28301,0.30099,0.17339,0.036021,0.12425,0.12799,0.29854,0.16857,0.18312,0.12153,0.51033,0.51839,0.41069,0.47106,0.3876,0.26757,0.16826,0.04658,-0.037253,0.075319,0.0063787,0.033443,0.057911,0.1236,0.063667,0.21058,-0.040714,-0.021075,0.090698,0.0078873,-0.035384,-0.038554,0.068597,0.14451,0.061172,0.046175,0.026381,0.159,0.10727,0.18485,0.086779,0.054704,0.032419,0.014907,0.083771,0.020546,-0.0092926,-0.025036,-0.083266,-0.14659,0.14101,0.15655,-0.072878,0.047123,0.025586,0.21915,-0.054674,-0.077221,0.22691,0.25964,1,0.23511,0.13697,0.31068,0.44735,0.22741,0.30724,0.069709,-0.049934,0.059221,0.0098952,-0.017926,0.013766,-0.033836,0.29944,0.2895,0.13415,-0.049716,0.037168,0.035324,0.17671,-0.028662,0.0081088,0.32106,0.26196,0.11316,0.11595,-0.02109,0.16607,0.0071567,0.048624,0.008185,0.023485,0.0044572,0.20691,0.23206,0.070861,0.20866,0.10961,0.03869,0.15508,0.22917,0.19863,-0.019815,0.022175,0.16464,0.22386,0.10291,-0.049176,0.050531,-0.068266,0.12689,0.093155,0.17351,0.028084,0.22407,0.17702,0.22458,0.242,0.12998,-0.016636,-0.0032247,0.03453,0.036828,0.13618,-0.027158,0.13505,0.25884,0.13265,0.0099676,0.017311,0.063752,0.25163,0.27808,0.34062,-0.044595,0.020088,0.14619,0.020511,0.025468,0.27636,0.24968,0.21074,0.30259,0.29453,0.27746,0.27015,0.34684,0.42809,0.18086,0.23279,0.197,0.21764,-0.034678,-0.041898,0.095212,0.12149,0.2864,0.19359,0.16977,0.24496,0.12056,0.13159,0.29957,0.12781,0.15957,-0.0085144,0.19946,-0.084239,-0.046751,0.066525,0.069645,-0.054585,0.019402,0.083539,0.22647,0.15307,0.20056,0.25678,0.28492,0.26764,0.21017,0.17374,0.14444,0.073021,0.090388,0.29695,0.14505,0.14622,0.077872,0.43248,0.40456,0.36584,0.3912,0.32355,0.28836,0.088543,0.085317,0.23233,0.21517,0.13409,0.12999,0.020749,0.12186,0.098778,0.11871,0.10389,0.10482,0.068368,0.062452,0.11915,0.036162,0.02549,0.11262,0.21281,0.17733,0.045866,0.21576,0.068702,0.16133,0.094638,0.17439,0.092358,0.052285,0.034516,0.12258,0.037907,0.071338,-0.01028,0.087298,0.094584,0.10692,-0.035416,0.045808,0.14069,0.13092,0.18421,0.026371,0.25782,0.37133,0.31298,0.18994,0.073799,0.12145,0.19709,0.062125,0.32014,0.16859,0.14398,0.030229,0.16412,0.0022704,0.004439,0.15872,0.16453,0.22919,0.25546,0.12612,0.14654,0.1542,0.1363,0.067367,0.057758,0.21009,0.22276,0.20041,0.079494,0.21128,0.27051,0.15523,0.17039,0.0065386,0.06625,0.14079,0.13203,0.052197,0.073561,0.15806,0.25868,0.28187,0.044887,0.21319,0.20433,-0.0096124,0.0090202,0.15614,0.19349,0.059544,0.03817,0.12243,0.081808,0.12593,0.15983,0.18677,0.1367,0.27884,0.24758,0.19253,0.15944,0.10912,0.08508,0.089967,0.22224,0.053707,0.14225,0.086592,0.14899,0.15417,0.096428,0.032275,0.098391,0.11881,0.21617,0.22574,0.32796,0.17546,-0.025844,0.20137,0.10598,0.13116
0.067543,0.027132,0.070625,0.067963,0.085671,0.11413,0.080897,0.097245,0.0027344,-0.011863,0.083577,0.058698,0.23373,0.13763,0.14868,0.055261,0.12099,0.065774,0.043578,0.27687,0.24427,0.24225,0.26864,0.19495,0.27291,0.17793,0.30908,0.35939,0.16512,0.12142,0.049527,0.22904,0.070258,-0.016091,0.16712,0.083654,0.16237,0.16891,0.17905,0.18167,0.20819,0.19087,0.23195,0.11126,0.17659,0.16636,0.17208,0.13124,-0.052639,0.085938,0.07904,0.045575,0.003267,0.0046559,0.32871,0.20411,0.15424,0.22015,0.2119,0.16815,0.19277,0.1476,0.078107,0.13563,0.13462,0.10482,0.1027,0.21588,0.12447,0.32904,0.26824,0.34367,0.22474,0.2325,0.15782,0.099876,0.012015,0.02069,0.093554,0.020775,0.035256,0.085083,0.067643,0.057958,0.14286,-0.0076219,-0.011597,0.085559,-0.0081291,-0.048692,0.022841,0.056257,0.12331,0.037245,0.12011,0.049758,0.11714,0.12898,0.14842,0.11076,0.047082,0.03475,0.025855,0.079287,0.074561,-0.021996,0.049615,-0.06136,-0.10499,0.078253,0.09173,-0.014038,0.056284,-0.01705,0.14115,0.013796,-0.035926,0.16142,0.20453,0.23511,1,0.12181,0.23644,0.15609,0.19418,0.23982,0.078569,0.0078794,0.08148,0.034132,0.013481,-0.011212,0.030493,0.15853,0.15597,0.11175,0.009925,0.073685,0.064139,0.21412,0.04329,0.041327,0.25758,0.19106,0.050561,0.14554,-0.01358,0.096603,0.033465,0.083724,0.053097,0.018926,-0.022766,0.14768,0.15166,0.070766,0.13461,0.099063,0.0097277,0.15759,0.21177,0.19102,0.054093,0.016304,0.14828,0.10145,0.064081,0.015736,0.063416,-0.046482,0.14259,0.12597,0.13756,0.097123,0.21152,0.11293,0.2085,0.20524,0.1311,0.0076761,0.010378,0.036199,0.056006,0.089214,0.017006,0.11186,0.28567,0.17214,0.044448,-0.0072892,0.035611,0.18923,0.20188,0.26698,-0.0060787,0.012548,0.10391,0.09787,0.07837,0.25166,0.027778,0.17809,0.27005,0.25356,0.23995,0.25456,0.29442,0.34383,0.15402,0.13989,0.13999,0.16992,-0.016014,-0.044117,0.14048,0.089275,0.22496,0.19384,0.15735,0.22756,0.11593,0.05927,0.26933,0.10733,0.104,0.061722,0.18111,-0.046485,0.0053822,0.059886,0.046864,-0.049927,0.010323,0.074846,0.17998,0.10986,0.12992,0.16734,0.20097,0.21713,0.095034,0.14913,0.021012,0.03449,0.065606,0.10722,0.1397,0.10897,0.076253,0.21337,0.17447,0.33418,0.17069,0.17888,0.099965,0.090522,0.08998,0.18825,0.17902,0.13799,0.12693,0.04328,0.068104,0.1235,0.090278,0.089079,0.055215,0.082129,0.043884,0.099999,0.0028628,0.055188,0.1062,0.15445,0.12151,0.094868,0.10873,0.068489,0.13094,0.11537,0.11542,0.059061,-0.0087685,0.045561,0.083069,0.047162,0.11846,0.052625,0.048831,0.052938,0.10974,-0.027246,0.089568,0.16809,0.053929,0.12024,-0.023465,0.19233,0.2767,0.16828,0.20004,0.058789,0.16862,0.1237,0.031263,0.21473,0.14508,0.14019,0.043087,0.13306,0.098095,0.044972,0.13155,0.038744,0.11032,0.12929,0.040234,0.14066,0.074999,0.1278,0.061393,0.10131,0.14871,0.17702,0.17409,0.10503,0.18148,0.20191,0.14681,0.15623,0.040127,0.052531,0.028532,0.077091,-0.011265,0.018241,0.10702,0.22933,0.14009,-0.020405,0.16705,0.18443,0.02933,0.0051328,0.13024,0.12191,0.026835,0.052544,0.11022,0.076426,0.14108,0.10301,0.13183,0.13571,0.22973,0.1164,0.22195,0.092243,0.070749,0.037857,0.11395,0.21204,0.056657,0.10886,0.082562,0.11587,0.11083,0.13928,0.0017473,0.069904,0.12175,0.16803,0.14358,0.2563,0.14643,-0.039964,0.17488,0.1016,0.16247
0.024952,0.041808,-0.025371,0.040502,0.025588,0.11124,0.047074,0.048387,0.005476,-0.021301,0.056297,0.020943,0.22619,0.20146,0.11885,0.11739,0.11292,0.18563,0.10679,0.30333,0.13957,0.23332,0.27265,0.24699,0.25919,0.1537,0.20807,0.31872,0.19338,0.12487,-0.0052088,0.22765,0.23216,0.19821,0.14489,0.11484,0.21518,0.14965,0.18904,0.18546,0.20868,0.13361,0.26591,0.14733,0.08935,0.22254,0.043708,0.23758,0.12193,0.20493,0.14521,0.10624,0.12931,0.14978,0.25259,0.18953,0.16535,0.17421,0.12239,0.13341,0.23448,0.095836,0.12181,0.19383,0.26369,0.14639,0.084949,0.17277,0.19466,0.27376,0.24157,0.25185,0.20602,0.15843,0.11628,0.079146,0.088549,0.11183,0.089141,0.0022825,0.046106,0.14707,0.11243,0.022457,0.062236,0.11184,0.13138,0.021239,0.047548,0.05001,0.16206,0.085337,0.10146,-0.01444,0.071002,0.12139,0.1144,0.13371,0.14207,0.14534,0.10824,0.10997,0.092069,0.08539,0.095804,0.078398,0.10063,0.097128,0.077133,0.068737,0.072679,0.10272,0.056853,0.10972,0.17892,0.15787,0.038601,0.1363,0.15285,0.13697,0.12181,1,0.15948,0.076732,0.082902,0.21971,0.039557,0.089938,0.054547,0.044522,0.06605,0.056563,0.12515,0.083453,0.15313,0.19209,-0.034512,0.13512,0.01968,0.19539,0.073327,-0.049428,0.17026,0.11039,0.047772,0.098945,0.096811,0.084245,0.13689,0.093522,0.084181,0.18481,0.13489,0.11346,0.18417,0.16606,0.17727,0.13432,0.12974,0.18391,0.28159,0.23145,0.18947,0.22961,0.2257,0.09335,0.13744,0.16507,0.17325,0.15774,0.24914,0.038551,0.064308,0.069044,0.12595,0.18124,0.22919,0.1897,0.12247,0.13929,0.1391,0.062318,0.0025226,-0.0033839,-0.017836,0.13914,0.13805,0.09511,0.12057,0.062588,-0.0010121,0.33323,0.11246,0.13582,0.093368,0.10781,0.081302,0.11347,0.014371,0.25181,0.1224,0.19948,0.23715,0.22853,0.26058,0.26849,0.1907,0.24736,0.23983,0.16544,0.025521,0.15603,0.12304,0.17258,0.14714,0.15411,0.23448,0.1591,0.19795,0.23635,0.18916,0.12886,0.26499,0.11901,-0.00027976,0.12448,0.12157,0.11168,0.10803,0.15359,0.082558,0.032694,0.062545,0.13446,0.10155,0.19324,0.17933,0.07528,0.20198,0.1792,0.1949,0.12469,0.075136,0.079235,0.1303,0.15888,0.18421,0.076136,0.19945,0.13414,0.18746,0.23733,0.12439,0.16714,0.033659,0.15296,0.11168,0.13292,0.16013,0.077099,0.13724,0.10699,0.039685,0.13051,0.11642,0.12851,0.1047,0.065594,0.014224,0.071032,0.052362,0.15915,0.062759,0.066084,0.085254,0.090737,0.10449,0.050804,0.15181,0.14174,0.15209,0.16194,0.080692,0.13447,0.098361,0.066367,0.1148,0.1391,0.061286,0.059882,0.15917,0.057843,0.065159,0.24919,0.1369,0.13756,0.050782,0.14946,0.16257,0.058713,0.26197,0.091157,0.19113,0.22504,0.03927,0.066314,0.13075,0.07499,0.075928,0.056818,0.047842,0.01815,0.10375,0.025182,0.14726,0.17914,-0.028346,0.097842,0.0011417,0.12487,0.039827,0.04684,0.031663,0.058108,0.051603,-0.00011138,0.035871,0.10348,0.14923,0.09408,0.053077,0.12685,0.093787,-0.0041649,0.069794,0.093387,0.22652,0.10644,0.1277,0.045085,0.23463,0.20939,0.16886,0.18705,0.22264,0.10545,0.10688,0.18181,0.15235,0.12794,0.16043,0.097936,0.074761,0.057271,0.24203,0.14464,0.25819,0.12729,0.048309,0.079214,0.11033,0.22784,0.010022,0.10524,0.038308,0.14369,0.047185,0.14432,0.10561,0.09848,0.033738,0.07049,0.12114,0.11692,0.090042,0.066234,0.037308,0.10165,0.23927
0.075216,0.023048,0.15579,0.077823,0.13319,0.13391,0.13489,0.16366,-0.0045485,-0.020182,0.1237,0.12677,0.32285,0.16891,0.22413,0.11174,0.13043,0.07635,0.091347,0.30731,0.33085,0.31958,0.33869,0.23202,0.3146,0.21494,0.39931,0.4362,0.17612,0.096875,0.14751,0.31501,0.03104,-0.069667,0.25739,0.10315,0.21358,0.23888,0.26902,0.28212,0.22961,0.26733,0.30346,0.21156,0.17972,0.17,0.25293,0.13359,-0.089208,0.10168,0.12055,0.024624,0.02028,-0.064285,0.40924,0.24674,0.18039,0.23596,0.34836,0.24203,0.20693,0.18063,0.080866,0.12479,0.087098,0.16882,0.12386,0.24729,0.096275,0.40386,0.34754,0.44605,0.27331,0.32381,0.2024,0.15968,0.02658,-0.0047761,0.097851,0.02389,0.02485,0.0637,0.1317,0.067556,0.22226,-0.063769,-0.060386,0.12604,0.024418,-0.04505,-0.0014396,0.086258,0.19538,0.090605,0.090893,0.017079,0.16442,0.13796,0.16417,0.12999,0.042747,0.023826,0.02133,0.06233,0.064716,-0.013983,0.025025,-0.10161,-0.16587,0.14304,0.14347,-0.039662,0.067352,-0.029025,0.16235,-0.060247,-0.058965,0.24332,0.25956,0.31068,0.23644,0.15948,1,0.29914,0.20357,0.31296,0.1155,-0.026319,0.10473,0.06869,0.018329,-0.0077425,-0.021372,0.15745,0.15877,0.070626,0.0064609,0.028425,0.028027,0.20738,-0.014713,0.042142,0.34033,0.30226,0.1552,0.11112,0.0037517,0.20652,-0.00024066,0.047046,-0.015414,-0.037722,-0.031286,0.16984,0.16517,0.04137,0.18227,0.14302,0.041118,0.18922,0.22442,0.19393,0.016117,-0.053264,0.13846,0.16896,0.10503,-0.012944,0.051754,-0.10682,0.17263,0.15924,0.16459,0.050141,0.2881,0.15238,0.23783,0.30951,0.13926,-0.0067676,0.0057915,0.051292,0.048783,0.16538,0.059191,0.15006,0.26701,0.18675,0.0158,0.039899,0.078315,0.27187,0.34707,0.3837,-0.06909,0.013314,0.14281,0.032813,0.11939,0.3242,0.093753,0.27084,0.35805,0.3374,0.29128,0.29887,0.40698,0.44314,0.21081,0.16048,0.20562,0.28404,0.008908,-0.070389,0.17764,0.13482,0.2771,0.26606,0.22017,0.28466,0.14766,0.066033,0.32378,0.18436,0.17688,0.054428,0.23191,-0.092002,-0.058844,0.045106,0.099957,-0.051986,0.067502,0.073278,0.2824,0.14995,0.21404,0.23797,0.24317,0.27449,0.11003,0.16181,0.10691,0.036831,0.075755,0.13441,0.10495,0.15633,0.056078,0.34128,0.26506,0.43877,0.24545,0.26155,0.22399,0.091211,0.081819,0.25245,0.21734,0.16261,0.15172,0.055259,0.14987,0.14204,0.10006,0.098489,0.050586,0.088054,0.07819,0.13191,0.0015916,0.013292,0.12533,0.19354,0.14011,0.06684,0.15852,0.074949,0.14988,0.076564,0.15428,0.052908,-0.00024823,0.029827,0.13389,0.042891,0.063722,-0.0070593,0.11217,0.09866,0.10243,-0.067234,0.056758,0.15432,0.06612,0.17933,0.012494,0.31181,0.35528,0.2305,0.15879,0.12496,0.18242,0.16817,0.094294,0.32029,0.16871,0.17472,0.072629,0.1741,0.029885,0.054851,0.15367,0.050698,0.1372,0.15214,0.11274,0.13399,0.11587,0.1723,0.096895,0.09347,0.24913,0.23165,0.22104,0.076145,0.21866,0.31206,0.14672,0.17292,0.03637,0.063752,0.11297,0.15957,0.022292,0.051115,0.14347,0.28364,0.24619,0.035773,0.22567,0.23515,-0.012224,-0.030883,0.15289,0.15721,0.032409,0.04604,0.10541,0.045796,0.19312,0.14042,0.18924,0.13703,0.31115,0.19715,0.24279,0.19362,0.14126,0.093959,0.09568,0.19631,0.043052,0.14927,0.087313,0.12239,0.17675,0.10005,0.033773,0.094457,0.13415,0.26604,0.30889,0.36462,0.19695,-0.018889,0.24774,0.12624,0.15663
0.072372,0.037032,0.13111,0.056909,0.11598,0.10651,0.12201,0.10977,-0.0078829,-0.012914,0.13616,0.13146,0.31275,0.12638,0.16573,0.070775,0.10752,0.088168,0.028157,0.2061,0.25337,0.17965,0.21789,0.13855,0.16647,0.17273,0.26814,0.33886,0.13918,0.033472,0.12303,0.18989,-0.0078078,-0.045225,0.11118,-0.02256,0.099891,0.11936,0.079481,0.16431,0.15642,0.14697,0.21119,0.26863,0.15204,0.064852,0.23538,0.13851,-0.17232,0.062237,0.064916,-0.050293,-0.031847,-0.093509,0.31818,0.30794,0.22327,0.24265,0.26514,0.26964,0.37517,0.25007,0.12857,0.18247,0.14804,0.28119,0.062049,0.13267,0.049051,0.36227,0.40219,0.3146,0.36875,0.39174,0.18447,0.17614,0.054105,-0.014685,0.14309,0.0047207,0.070477,0.083527,0.11869,0.0017123,0.21465,-0.13393,-0.13361,0.04794,-0.093533,-0.1244,-0.092146,0.013474,0.24723,0.048673,-0.023149,-0.02063,0.20602,0.080185,0.13865,0.049739,0.059528,-0.010906,0.10505,0.090716,0.10226,-0.11313,-0.066204,-0.13784,-0.1894,0.18073,0.14409,-0.095117,0.051248,-0.0040772,0.24423,-0.11637,-0.15944,0.24464,0.22917,0.44735,0.15609,0.076732,0.29914,1,0.25434,0.3173,0.17557,0.026526,0.017833,0.05544,-0.021168,0.079053,0.00029628,0.27104,0.27297,0.10065,-0.096229,0.019759,0.0006518,0.15606,-0.067817,-0.017954,0.27972,0.21599,0.14677,0.086305,-0.038237,0.14146,-0.079484,0.015518,-0.059123,-0.067717,-0.028944,0.19613,0.15748,0.11358,0.069214,0.092094,0.0024431,0.076778,0.17694,0.15599,0.0099495,-0.064133,0.04876,0.32271,0.23489,-0.045877,-0.052892,-0.14105,0.084303,0.10126,0.10744,0.011038,0.13039,0.08459,0.10917,0.17327,0.1136,-0.08711,-0.10734,0.026906,0.064541,0.14665,0.0017675,0.16131,0.19445,0.22644,-0.021624,-0.009251,0.015409,0.19297,0.27069,0.31826,-0.14824,-0.040141,0.11296,0.083451,0.04366,0.18604,0.22671,0.13152,0.21471,0.20534,0.18096,0.1858,0.24763,0.3295,0.14503,0.2322,0.11015,0.1692,-0.042895,-0.053139,0.017766,0.089593,0.20239,0.14418,0.083897,0.13249,0.028851,0.095938,0.25265,0.087623,0.050426,0.028134,0.1432,-0.073924,-0.08126,-0.038838,0.072356,-0.10257,-0.024943,0.08083,0.18846,0.19808,0.21005,0.2135,0.17746,0.31036,0.26894,0.18086,0.19869,0.1225,0.062889,0.28378,0.057684,0.13818,0.011249,0.33603,0.35467,0.28013,0.36652,0.30761,0.25663,0.061534,0.078748,0.29599,0.22669,0.10917,0.12667,-0.0084014,0.013548,0.040946,0.075379,-0.0052475,0.067013,-0.0091574,-0.03581,0.037723,-0.041497,-0.044123,0.041181,0.081666,0.10245,-0.043429,0.26498,0.040085,0.10206,0.019061,0.14681,0.034323,0.14283,0.00096461,0.16375,-0.089977,0.030645,-0.069099,0.043588,0.13179,0.065769,-0.077868,-0.048769,0.1043,0.13505,0.15528,-0.0058612,0.26312,0.35054,0.28272,0.13179,0.068603,0.061645,0.25788,0.14112,0.31159,0.23268,0.22981,0.0075855,0.2051,-0.016976,0.10605,0.20592,0.18288,0.24022,0.2664,0.11229,0.16039,0.13342,0.16106,0.057778,0.018867,0.24097,0.14225,0.19132,0.071308,0.16186,0.17698,0.012927,0.10597,-0.07155,0.0025964,0.082374,0.1017,0.010121,0.11414,0.063409,0.16971,0.33678,0.11854,0.16711,0.14985,-0.0088702,-0.043501,0.091668,0.27529,0.15324,-0.037663,0.00049624,-0.0031997,0.088182,0.14524,0.18146,0.1523,0.15608,0.16997,0.090285,0.087839,0.031031,0.044478,0.072019,0.13657,0.084613,0.13752,0.097453,0.16099,0.1149,0.064188,0.03211,0.017368,0.054842,0.19706,0.23492,0.27763,0.1259,-0.073953,0.17985,0.10839,0.13732
0.097886,0.028653,0.090136,0.064403,0.097824,0.11879,0.093888,0.085943,-0.031369,-0.029335,0.090822,0.097183,0.26311,0.12472,0.13638,0.086141,0.12505,0.09727,0.010422,0.22959,0.23514,0.22451,0.23431,0.1469,0.21205,0.17873,0.25597,0.32578,0.15786,0.057988,0.1047,0.21058,0.026775,0.0076195,0.15947,0.039553,0.10614,0.15172,0.13082,0.17776,0.15033,0.18684,0.2012,0.19873,0.1815,0.13276,0.25244,0.16398,-0.1027,0.11995,0.080969,-0.00038062,-0.0010102,-0.054819,0.28893,0.2462,0.22205,0.18451,0.23077,0.1724,0.22505,0.22446,0.12541,0.16552,0.17105,0.093509,0.053325,0.15644,0.083061,0.28896,0.23119,0.30923,0.1996,0.2532,0.15332,0.13442,0.039451,0.0083666,0.15899,0.0046899,0.11963,0.12531,0.1412,0.033131,0.20199,-0.048623,-0.057671,0.061399,-0.035397,-0.052915,-0.033602,0.067681,0.18709,0.024367,0.072588,0.032388,0.2016,0.12791,0.13799,0.088774,0.061852,0.016587,0.11629,0.078647,0.11244,-0.043037,0.0028718,-0.086164,-0.12009,0.18505,0.13004,-0.02056,0.069306,-0.0078834,0.19607,-0.018888,-0.060853,0.18509,0.19806,0.22741,0.19418,0.082903,0.20357,0.25434,1,0.26039,0.12802,0.093109,0.087083,0.10543,0.020854,0.036435,0.021777,0.17831,0.14715,0.0955,-0.048844,0.048767,0.013585,0.14775,-0.032508,-0.040571,0.25039,0.22056,0.13858,0.11329,-0.052987,0.15438,0.002684,0.021466,0.00046616,0.0078205,-0.014311,0.20325,0.20094,0.14009,0.10029,0.12017,0.019655,0.12412,0.22613,0.20363,0.069484,-0.01694,0.13192,0.14014,0.17746,0.034176,0.021418,-0.091924,0.14164,0.13166,0.14218,0.035985,0.16698,0.073641,0.16971,0.21279,0.14513,-0.019983,-0.0085952,0.022125,0.038788,0.16298,-0.0026528,0.2102,0.18375,0.2152,0.044246,0.0081128,0.073022,0.19545,0.23431,0.26118,-0.10623,-0.026418,0.13294,0.10151,0.0468,0.20771,0.058988,0.14819,0.25535,0.22413,0.20587,0.24682,0.23056,0.30582,0.14005,0.17878,0.12136,0.1873,-0.014718,0.00036021,0.073774,0.077799,0.24381,0.16534,0.13442,0.17428,0.018538,0.072608,0.22629,0.067724,0.075439,0.026904,0.173,-0.046876,-0.035995,0.039076,0.065159,-0.058615,-0.018239,0.070359,0.11989,0.11684,0.15429,0.10551,0.1409,0.22562,0.12205,0.16288,0.1423,0.088054,0.046497,0.13005,0.083187,0.095692,0.086348,0.21822,0.18752,0.30209,0.21251,0.18906,0.17127,0.10334,0.11882,0.28213,0.22711,0.14919,0.16529,0.06795,0.076241,0.058647,0.1135,0.045343,0.086133,0.026479,0.032626,0.060853,-0.022006,0.025624,0.057836,0.094975,0.12522,0.028425,0.21144,0.070259,0.13289,0.070686,0.17695,0.095413,0.11836,0.061397,0.17798,-0.03473,0.058797,0.0064719,0.047483,0.15591,0.12263,-0.057564,0.012591,0.1669,0.084964,0.17961,-0.0028314,0.19207,0.30661,0.17807,0.13992,0.094554,0.067969,0.11129,0.060523,0.24663,0.21633,0.20716,0.05088,0.22517,0.059743,0.070042,0.18378,0.11202,0.11277,0.18745,0.060732,0.15752,0.12227,0.18356,0.067368,0.043279,0.20677,0.1668,0.2005,0.051596,0.18037,0.17776,0.075509,0.13142,-0.057674,0.048604,0.061687,0.074435,0.0047002,0.081551,0.087718,0.15992,0.2126,0.098666,0.20192,0.2072,0.034502,-0.019861,0.12587,0.20752,0.12028,0.019299,0.046089,0.035861,0.094493,0.13736,0.15978,0.14739,0.21699,0.12577,0.14853,0.11295,0.035639,0.026367,0.083169,0.16804,0.097993,0.14021,0.093185,0.13524,0.11357,0.14149,0.077456,0.062142,0.058867,0.19452,0.22419,0.24701,0.13228,-0.072653,0.17033,0.1307,0.23187
0.092994,0.036739,0.08973,0.11007,0.16156,0.16768,0.14011,0.18509,-0.0079658,-0.040356,0.15911,0.1426,0.40877,0.21993,0.27238,0.13404,0.18407,0.17486,0.08013,0.39799,0.34209,0.3832,0.41691,0.31201,0.39281,0.30215,0.39655,0.52516,0.29436,0.16026,0.11841,0.38418,0.12437,0.053059,0.28822,0.15954,0.25382,0.28288,0.28006,0.34617,0.3319,0.28834,0.39683,0.28784,0.2644,0.18312,0.26121,0.25252,-0.11576,0.14234,0.15046,0.01904,0.040988,-0.0012612,0.47598,0.36641,0.30299,0.26707,0.32967,0.29131,0.32554,0.28522,0.21479,0.25713,0.3148,0.20029,0.15108,0.3028,0.22591,0.45677,0.35628,0.47907,0.31825,0.34722,0.20284,0.15624,0.11465,0.090589,0.21387,0.044827,0.10331,0.11174,0.17461,0.10418,0.2107,-0.049948,-0.049592,0.055366,-0.059275,-0.082852,0.0015044,0.057069,0.27396,0.04401,0.021445,0.016576,0.23925,0.18697,0.22823,0.10398,0.10099,0.032618,0.16279,0.097752,0.17582,-0.061789,0.040671,-0.065045,-0.15658,0.21247,0.16806,-0.044954,0.055295,0.067148,0.2859,-0.018654,-0.05966,0.26913,0.27015,0.30724,0.23982,0.21971,0.31296,0.3173,0.26039,1,0.15832,0.062254,0.026685,0.075959,-0.0019104,0.08155,0.053299,0.25833,0.22251,0.19736,-0.09316,0.13131,0.093813,0.2751,-0.03345,0.0073234,0.43161,0.35275,0.16354,0.17451,0.035774,0.18979,0.027509,0.070341,0.022944,0.027346,0.036546,0.24803,0.30121,0.18586,0.22283,0.17988,-0.0037084,0.18329,0.34186,0.304,0.16384,0.062113,0.21717,0.17756,0.21642,0.059917,0.034696,-0.075713,0.26689,0.17981,0.16316,0.044866,0.26692,0.14731,0.31303,0.33922,0.18244,0.0085114,0.01759,0.050814,0.036422,0.16549,0.0061161,0.15686,0.23453,0.27913,0.071667,0.024761,0.037715,0.37043,0.3691,0.43665,-0.073424,0.074031,0.22653,0.11435,0.082014,0.4025,0.11559,0.30333,0.42649,0.42754,0.39463,0.39789,0.37988,0.49576,0.27575,0.28676,0.17272,0.34204,0.044049,0.010434,0.18541,0.21379,0.38528,0.31188,0.28093,0.33876,0.18167,0.13905,0.44594,0.13946,0.1175,0.075275,0.24609,-0.0098352,-0.044241,0.056822,0.10546,-0.099572,0.029262,0.12461,0.24442,0.23764,0.30262,0.22867,0.25405,0.32538,0.21382,0.2118,0.17199,0.072444,0.14275,0.18229,0.18836,0.18189,0.18262,0.33375,0.28484,0.47737,0.2826,0.29241,0.19512,0.14412,0.1843,0.38024,0.33217,0.15585,0.2368,0.036117,0.089201,0.14006,0.15333,0.076932,0.1263,0.039037,-0.001944,0.066584,-0.015225,0.03866,0.11663,0.14633,0.12257,0.011995,0.29161,0.048933,0.1939,0.086659,0.22073,0.15161,0.15307,0.087378,0.27268,-0.032607,0.064528,-0.0031967,0.065238,0.13923,0.16331,-0.072401,0.0020254,0.28859,0.14169,0.25291,0.033655,0.32662,0.41943,0.25478,0.29198,0.16598,0.19788,0.23691,0.18117,0.38681,0.29084,0.28607,0.079871,0.25182,0.06489,0.058646,0.23285,0.093838,0.19484,0.29225,0.10091,0.19105,0.1096,0.2043,0.077788,0.083939,0.26833,0.26134,0.22542,0.09021,0.24024,0.28921,0.12877,0.16735,-0.020191,0.087419,0.10415,0.10961,0.082146,0.15169,0.22146,0.28696,0.25817,0.087748,0.28697,0.28873,0.095803,0.054577,0.23902,0.27086,0.14909,0.059329,0.075513,0.051897,0.22673,0.21682,0.21626,0.17646,0.34299,0.21703,0.30316,0.17909,0.059658,0.042287,0.14037,0.30115,0.10406,0.19072,0.13595,0.28089,0.19338,0.16475,0.076563,0.049885,0.10823,0.28949,0.3058,0.44126,0.19122,-0.068246,0.26851,0.20987,0.3281
0.0079789,-0.016435,-0.031594,-0.0045726,0.049413,0.063361,0.080863,0.15038,0.0031869,0.01891,0.1591,0.1282,0.11817,0.088776,0.091425,0.0058972,0.060183,0.1763,-0.077951,0.15513,0.055946,0.14949,0.16074,0.10818,0.11504,0.17411,0.056974,0.10002,0.28346,0.14543,0.14557,0.19655,-0.0073688,0.11958,0.13603,0.084235,0.078526,0.17623,0.077069,0.059899,0.082445,0.06147,0.10916,0.33472,0.12637,0.061362,0.11551,0.1927,-0.22555,-0.1491,0.01289,-0.15554,-0.073862,-0.14957,0.097626,0.25103,0.30735,0.031891,0.11779,0.14978,0.2059,0.29773,0.4219,0.29449,0.25687,0.13419,0.059307,0.18308,0.18785,0.083535,0.088647,0.098218,0.081888,0.19016,0.14427,0.16321,0.066782,0.1538,0.26334,0.0077068,0.13665,0.13108,0.05312,-0.063935,0.0068021,-0.20862,-0.20801,-0.17295,-0.18772,-0.17316,-0.17345,0.030593,0.32951,-0.03971,-0.10676,-0.079632,0.37861,0.21524,0.19776,0.034051,0.24796,0.10052,0.43127,0.25412,0.39082,-0.16161,-0.16477,-0.049342,-0.14278,0.26093,0.031249,-0.077732,-0.034526,0.23963,0.33538,-0.062115,-0.099403,0.13312,0.05647,0.069709,0.078569,0.039557,0.1155,0.17557,0.12802,0.15832,1,0.27827,0.0003851,0.29353,0.025582,0.21501,0.16073,0.069628,0.15989,0.24302,-0.094555,0.041074,0.0093836,0.062484,-0.0092303,-0.052589,0.064243,0.070656,0.10332,0.041748,-0.065758,0.073672,-0.083421,-0.14482,-0.26002,-0.060198,-0.087975,0.054228,0.059227,0.17771,0.010807,0.0095647,-0.054578,0.010277,0.16511,0.17946,0.23967,0.033035,0.12792,0.24624,0.42286,0.1442,-0.28418,-0.21626,0.12554,0.063556,0.06374,0.0012521,-0.019568,-0.020391,0.10461,0.15435,0.05912,-0.12252,-0.0029815,0.078218,-0.0099769,-0.039084,0.0726,0.09919,0.070733,0.39019,0.12453,0.042467,0.033483,0.076571,0.12369,0.10938,-0.20521,-0.023852,0.09224,0.18338,0.13231,0.17077,0.073341,0.10596,0.16048,0.18068,0.12096,0.093512,0.06209,0.11033,0.15034,0.16999,-0.095899,0.17445,-0.052448,-0.053684,0.075485,0.17531,0.093923,0.14944,0.064553,0.066274,0.051317,0.093562,0.14248,-0.071167,-0.11554,0.035151,-0.022646,-0.073514,-0.25415,-0.19369,0.0080205,-0.22881,-0.14899,-0.1476,0.073898,0.20533,0.17342,0.018389,0.030467,0.1694,0.22448,0.19197,0.2746,0.18675,0.19466,0.11079,0.11544,0.18253,0.069629,0.059401,0.085969,0.12641,0.091645,0.13061,0.13636,0.050006,0.078517,0.26012,0.24912,-0.052022,-0.019114,-0.046856,-0.095904,-0.13449,-0.061428,-0.25173,-0.10659,-0.23188,-0.23864,-0.19545,-0.22946,-0.12427,-0.075522,-0.16153,-0.10805,-0.19525,0.26418,-0.12001,-0.0061345,-0.15543,0.071311,0.0081513,0.33818,0.0084859,0.24814,-0.27246,-0.15947,-0.11657,-0.15071,0.18345,0.017754,-0.084198,-0.13696,0.13198,0.19766,-0.048616,-0.070871,0.17557,0.13526,0.086276,0.012857,0.044278,0.054127,0.1213,0.06176,0.083094,0.31877,0.25737,0.0356,0.18651,-0.0092157,0.13348,0.1301,0.071888,0.18239,0.27242,-0.056846,0.04823,-0.025019,0.068904,-0.023319,-0.0018594,0.10833,0.0051438,0.011705,-0.035438,-0.018984,0.011401,-0.15705,-0.098209,-0.24723,-0.13345,-0.087349,0.0081571,0.012061,0.13963,0.058874,-0.013777,0.11858,0.16535,0.073465,0.1188,0.065182,-0.10157,0.12028,0.25788,0.21442,-0.13788,-0.24186,-0.25169,0.11837,0.034143,0.059755,-0.019832,0.014224,0.055483,0.066772,0.052183,-0.031307,-0.15246,-0.09035,0.084097,-0.027355,-0.026864,0.013783,0.095945,0.011778,0.060414,0.019683,-0.15821,-0.050341,0.080907,0.1199,0.12146,-0.11479,-0.070862,0.10229,0.1093,0.12047
0.04534,-0.045252,-0.12446,-0.048476,0.060388,0.10349,-0.062433,0.092702,-0.022808,-0.0088128,0.088084,0.11977,0.037817,0.027708,-0.0059847,0.03199,-0.0011658,0.17031,-0.12456,0.15099,0.021994,0.10331,0.15322,0.092915,0.075681,0.12958,-0.058207,0.03872,0.23575,0.1212,-0.0081545,0.13668,0.10959,0.21663,0.054578,0.067071,0.066087,0.10197,0.020978,-0.012118,0.0721,0.030035,0.073947,0.20248,0.085379,0.075141,-0.0091593,0.16369,-0.056137,-0.079362,0.048142,-0.070003,-0.0090382,0.017339,0.018651,0.16634,0.20542,-0.0061252,-0.033605,0.029492,0.16108,0.20682,0.30359,0.20405,0.25574,0.056517,-0.0064705,0.084972,0.14524,-0.0094381,-0.004773,0.018598,0.044239,0.049908,0.063127,0.09965,0.062898,0.18975,0.27155,-0.033229,0.1632,0.10566,0.044467,-0.080465,-0.093459,-0.050385,-0.042687,-0.15352,-0.15679,-0.10229,-0.063579,-0.030367,0.25667,-0.065728,-0.060223,0.0318,0.26067,0.16195,0.065521,-0.019634,0.21331,0.027656,0.36359,0.19902,0.348,-0.054647,-0.042298,0.067857,0.064646,0.17599,0.02613,0.049776,0.0064399,0.1918,0.1913,0.054192,-0.035005,0.10753,0.071958,-0.049934,0.0078794,0.089938,-0.026319,0.026526,0.093109,0.062254,0.27827,1,-0.042706,0.18159,0.05884,0.24119,0.26887,0.066638,0.058143,0.17345,-0.10761,0.11883,0.036437,0.023538,0.015516,-0.084492,0.0035056,0.018233,0.040725,0.053179,0.0061371,0.018017,0.055199,-0.055176,-0.078448,0.07317,0.079498,0.080568,0.10231,0.12711,-0.0011202,0.071737,0.052982,0.058934,0.15885,0.094678,0.22186,0.10227,0.090617,0.14585,0.30399,0.22359,-0.12341,-0.023666,0.20434,0.04136,0.00305,-0.011725,-0.026475,0.041013,0.090402,0.064005,0.102,-0.017287,0.022034,0.067718,-0.067841,-0.096858,0.0069447,0.01459,-0.035299,0.22417,0.14904,0.062938,0.016383,0.022575,-0.053417,0.017055,-0.062466,0.0089421,0.062246,0.24736,0.029676,0.10825,0.0036776,0.10482,0.13828,0.11128,0.12997,0.073943,-0.067862,0.013584,0.15461,0.070875,-0.23846,0.090792,0.015629,0.093491,0.064282,0.086485,0.066062,0.079935,0.069146,0.020788,0.048645,0.099895,0.1262,-0.053867,-0.25309,0.086811,-0.037591,0.016169,-0.045218,-0.046178,-0.0065845,-0.083689,-0.11456,-0.0079849,-0.04864,0.15376,0.09842,-0.10801,-0.021008,0.057285,0.18859,0.083516,0.13565,0.083196,0.097821,0.057789,0.0592,0.081461,0.11347,-0.066678,0.027435,0.027606,-0.0016728,0.015643,-0.03709,0.050722,0.046433,0.14756,0.1708,-0.10481,-0.020408,-0.033697,-0.15535,-0.085197,0.0089405,-0.16567,-0.029748,-0.18199,-0.21882,-0.19547,-0.116,-0.032164,-0.083673,-0.20161,-0.079665,-0.12117,0.15554,-0.11652,-0.0058792,-0.08876,0.066679,0.060813,0.26207,0.056105,0.13835,-0.22384,-0.10602,0.019809,-0.093942,0.11145,0.062587,0.0050169,-0.076458,0.12395,0.13797,-0.049344,-0.084318,0.093062,-0.0061918,-0.025622,0.10305,0.085673,0.080672,0.1192,0.03929,-0.011824,0.23327,0.17924,0.04951,0.090423,0.038309,0.11986,0.13186,0.070633,0.066171,0.12767,-0.1584,0.030921,-0.089813,0.046324,-0.046813,0.016284,-0.029617,-0.029659,-0.12478,-0.084975,-0.052702,-0.11874,-0.10466,-0.088141,-0.18255,-0.056249,-0.026558,-0.10846,0.0072694,0.078624,0.036525,-0.14175,-0.037319,0.037203,0.0852,0.026718,0.16922,0.031998,0.061506,0.16153,0.15619,-0.020315,-0.12768,-0.10866,0.083885,0.065237,0.017564,-0.044265,-0.00083014,0.0087535,0.069124,-0.041197,-0.13581,-0.074146,-0.0072977,0.096391,-0.031256,0.046254,-0.0054613,0.10221,-0.018149,0.094707,0.034983,-0.1058,-0.083754,-0.047603,-0.019473,0.0005308,-0.093175,-0.010573,-0.0061223,0.084254,0.19134
-0.042162,0.061998,0.099264,0.055085,-0.0062802,-0.038452,0.033651,0.0058789,0.018168,-0.0019238,-0.0055544,-0.015461,0.065162,0.07741,0.10058,-0.0021746,0.08877,-0.012286,0.075062,0.034194,0.10842,0.11995,0.068391,0.037359,0.083351,0.062638,0.23726,0.12083,0.1163,0.148,0.1359,0.12636,-0.072178,-0.12889,0.11034,0.13131,0.1024,0.12841,0.15457,0.15563,0.032255,0.10295,0.002667,0.14029,-0.01413,0.093954,0.11762,0.0037054,-0.038442,-0.020704,-0.010185,-0.0063793,-0.0054684,-0.10223,0.067713,-0.09612,-0.009486,0.0061443,0.15384,0.027742,-0.048472,0.023197,0.022698,-0.027183,-0.10295,0.06071,0.14477,0.10673,0.080737,0.17951,0.10698,0.1801,0.058629,0.034439,0.12465,0.056378,0.00058871,0.093923,-0.052732,-0.034844,-0.029181,0.011418,-0.017851,0.0314,0.063133,-0.0047649,-0.014442,0.058071,0.18181,0.069251,0.016212,0.1127,0.0040933,0.095158,0.09527,-0.022117,0.081386,0.11921,0.13442,0.19181,0.077302,0.10358,-0.045157,0.0055128,-0.022736,0.1052,-0.010656,-0.069554,-0.046802,-0.017936,-0.0058836,-0.025803,0.03296,0.076729,0.036921,0.011357,0.0023652,0.056981,0.15049,0.059221,0.08148,0.054547,0.10473,0.017833,0.087083,0.026685,0.0003851,-0.042706,1,0.10476,0.23063,-0.01604,-0.057557,-0.028246,0.070302,0.083771,0.070542,0.0044349,-0.027913,0.083549,-0.0074079,0.13594,0.057332,0.082151,0.015862,-0.084959,0.066383,0.1257,0.00057636,0.012822,-0.0422,-0.0094788,-0.073364,-0.057124,-0.034924,-0.026245,0.15133,0.030401,0.091059,0.096839,-0.026695,0.051185,-0.031361,0.028643,0.14235,0.09066,0.071479,-0.026077,0.031374,-0.063719,-0.039074,0.022404,0.06185,0.026617,0.13739,0.11247,0.11271,0.1304,-0.00083427,-0.05931,0.024297,0.016261,0.033202,0.030966,0.036,0.077194,0.099279,0.0032636,-0.027367,0.10158,0.089689,0.11887,0.10246,0.13546,0.052502,-0.022875,0.029168,-0.020862,0.11098,0.088377,-0.010205,0.15009,0.10304,0.11388,0.042242,0.044467,0.2042,0.14074,0.12575,0.083823,0.085449,0.12375,0.038675,-0.071797,0.11622,0.083968,0.046935,0.087618,0.065226,0.16875,0.096945,-0.044727,0.024386,0.14685,0.085713,-0.019291,0.052939,-0.061465,-0.049247,-0.035075,0.025332,-0.037032,0.045833,-0.098627,0.15353,0.0069955,0.042651,0.05593,0.1115,0.035422,-0.071567,0.14172,0.031318,-0.028098,0.10703,-0.047987,0.096564,0.083183,0.074164,0.15113,0.065656,0.14292,-0.0029191,0.066938,0.11884,0.046764,0.015847,0.029287,0.0043089,0.03941,-0.038619,0.074462,0.084766,-0.020721,-0.034904,0.031549,-0.10615,0.053227,0.075503,0.076642,-0.0012971,-0.021496,0.12899,0.090322,0.047893,0.030131,0.045151,0.037073,0.093586,0.091929,0.094541,-0.031608,-0.070697,-0.0012759,-0.086656,0.10485,-0.017325,0.0028742,-0.00028827,-0.045944,0.015806,0.045693,-0.0027651,0.078013,0.0036958,-0.064171,0.032608,0.14741,0.13373,0.056267,-0.0072506,-0.0092119,0.074532,0.025959,0.14412,0.020594,-0.02829,-0.02321,-0.0036958,-0.05459,-0.073355,-0.020029,-0.036953,-0.040689,0.041332,0.024503,0.10423,-0.064301,0.055014,-0.020814,0.085469,0.025409,0.087336,0.15912,0.051263,0.043168,0.054595,0.15511,0.047029,0.050016,0.040539,0.05169,0.0011578,0.099401,0.066536,0.066736,0.15151,0.15333,0.14556,0.036816,0.043037,0.071812,-0.043328,-0.022952,0.093014,0.042287,0.048889,6.356e-05,0.040423,-0.033105,0.08308,0.023267,-0.031097,-0.022113,0.11242,0.12994,0.1076,0.10713,0.18476,-0.0086293,-0.040094,0.026656,-0.051356,-0.029152,0.046917,0.021706,0.14533,0.030156,-0.0091943,0.052729,0.00711,0.095248,0.14795,0.1337,0.0074014,-0.050838,0.096757,-0.014173,-0.035886
-0.057089,-0.031489,-0.02742,0.013856,0.017174,0.04712,0.10663,0.19471,0.043173,0.060226,0.12876,0.11552,0.064151,0.0709,0.092862,-0.01898,0.1136,0.33672,-0.032285,0.11065,0.028294,0.091672,0.080699,0.033496,0.05219,0.077162,-0.011825,0.038834,0.23015,0.15515,0.14202,0.10227,0.051766,0.19078,0.046234,0.031651,-0.00088064,0.079125,0.03706,0.034246,0.068616,0.047484,0.15418,0.29816,0.11693,0.059083,0.15697,0.11954,-0.12902,-0.11334,0.1557,-0.14733,-0.017434,-0.051593,-0.01911,0.11625,0.22276,-0.028109,0.052061,0.037943,0.053682,0.2013,0.33282,0.10987,0.16103,0.039529,-0.021943,0.10345,0.069652,0.0057426,0.030927,0.061104,0.016177,0.040766,0.055245,0.12295,0.066298,0.11166,0.17969,0.04058,0.29033,0.40922,0.18431,0.011686,0.1157,0.057781,-0.083477,-0.091878,0.05425,-0.068998,0.035886,0.41935,0.30867,-0.021901,0.17215,0.24709,0.36032,0.25809,0.18734,0.30566,0.1862,0.35419,0.35445,0.50023,0.39559,0.033113,-0.067375,0.1288,0.0076071,0.38576,0.031229,0.005013,0.067852,0.16157,0.143,0.096663,0.054969,0.077613,0.030707,0.0098952,0.034132,0.044522,0.06869,0.05544,0.10543,0.075959,0.29353,0.18159,0.10476,1,0.11297,0.11717,0.011053,-0.030339,0.036929,0.11726,-0.045424,0.075199,-4.1591e-05,0.050422,-0.076067,-0.016907,0.017628,0.023747,0.058901,0.017033,-0.080935,0.059475,0.13486,-0.1546,-0.1447,0.12677,-0.052357,-0.0084145,0.010029,0.056244,-0.056807,0.089267,-0.036323,-0.033309,0.1145,0.057308,0.35722,0.15399,0.10099,0.13169,0.36363,0.42806,-0.13826,-0.053534,0.036239,0.049002,0.032856,-0.016491,-0.051396,-0.071203,0.024001,0.095046,0.0105,0.015217,0.067312,0.063713,0.0089465,0.023708,0.077316,0.11617,0.070151,0.4423,0.37656,0.26486,0.062389,0.11344,0.142,0.082143,-0.13518,0.16085,0.091498,0.21176,0.21605,0.12907,0.0076757,0.069595,0.072382,0.11884,0.046411,0.049897,-0.0047824,0.066508,0.10817,0.14548,-0.12917,0.12651,0.074641,0.030875,0.048442,0.089025,0.040425,0.070183,0.037101,0.0087196,0.02316,-0.00042239,0.12914,-0.035966,-0.16751,0.02852,-0.02443,-0.084021,-0.21909,-0.16402,0.099045,-0.22419,-0.088851,-0.14403,0.015739,0.14877,0.13574,-0.042781,-0.046749,0.077654,0.083887,0.14689,0.12307,0.036831,0.083546,0.041845,0.057503,0.10203,0.095569,-0.0042095,0.046423,0.076888,0.030071,0.040896,0.073469,0.083383,0.047262,0.198,0.14081,0.01239,0.052954,0.053322,-0.085564,-0.13731,-0.087065,-0.25117,-0.21438,-0.26494,-0.22825,-0.19092,-0.26657,0.010294,-0.08087,-0.19139,-0.15035,-0.075365,0.18463,-0.073029,0.011304,-0.055679,0.060981,0.10147,0.22435,0.11334,0.17004,-0.20402,-0.17122,0.013965,-0.1384,0.19489,0.042068,-0.026416,-0.101,0.16687,0.027864,-0.10764,-0.080246,0.136,0.10074,0.014977,-0.034506,0.034792,0.027919,0.024669,0.1173,0.0059365,0.25492,0.22723,0.01603,0.2671,0.039693,0.10158,0.092194,0.032096,0.10328,0.13977,-0.073688,0.0046962,-0.0092931,0.029644,0.0022142,-0.040682,0.054881,-0.041943,0.012645,-0.037596,-0.059538,-9.3005e-06,-0.11956,-0.15127,-0.25565,-0.08459,-0.077656,0.034651,-0.04489,0.051572,0.018972,-0.046149,0.11789,0.032489,0.017466,0.029735,0.12579,-0.006847,0.027993,0.20055,0.16486,-0.017148,-0.22415,-0.28696,0.074525,0.011849,-0.025196,-0.044323,-0.013019,0.0083354,0.029459,-0.0016766,0.011795,-0.13491,-0.070137,0.043312,-0.015134,-0.012023,0.025209,0.048018,0.015721,0.2373,0.057438,-0.069,-0.10204,0.082859,0.1122,0.059744,-0.14727,-0.077589,0.112,0.1169,0.15079
-0.052709,0.02618,0.038451,0.019129,-0.0083623,0.022337,0.015639,0.038406,0.024893,-0.0027517,0.0078899,0.0012576,0.00031412,0.06641,0.049305,-0.0074413,0.10807,0.11386,0.079823,0.044918,0.028363,0.074682,0.053655,0.080666,0.07495,0.053721,0.055345,-0.0099288,0.12865,0.089561,0.018518,0.070302,0.073327,0.094282,0.057455,0.088818,0.056362,0.058017,0.075729,0.052734,0.04345,0.032113,-0.016529,0.070722,-0.0061815,0.10476,-0.017953,0.069066,0.095223,0.047505,0.067091,0.089099,0.054697,0.058702,-0.034487,-0.080744,-0.0093285,0.030418,0.038183,-0.033847,-0.0059144,0.0078371,0.054048,0.011558,0.0081429,0.041676,0.060448,0.070739,0.058988,0.03359,0.040557,0.0051378,0.016994,-0.051886,0.065929,0.046972,0.018548,0.086765,0.012017,0.018568,0.02727,0.03917,0.056526,0.024367,-0.033932,0.071622,0.1053,0.044762,0.10644,0.062531,0.10245,0.12339,-0.0266,-0.013543,0.040116,0.046149,0.048148,0.051507,0.050752,0.072813,0.052862,0.10572,0.047382,0.056555,0.072529,0.092039,0.032907,0.091501,0.12394,0.022769,0.018903,0.042505,0.035919,0.11506,0.0085349,0.088106,0.096969,-0.0042436,0.066525,-0.017926,0.013481,0.06605,0.018329,-0.021168,0.020854,-0.0019104,0.025582,0.05884,0.23063,0.11297,1,0.00057809,0.029495,-0.023675,0.030667,0.083695,0.034285,0.068717,0.019745,0.068677,0.056606,0.047231,-0.0056865,-0.00040888,-0.026698,-0.044064,0.044305,0.026061,0.092172,0.042978,0.025034,0.084534,0.048081,-0.062817,-0.010113,-0.025448,0.10548,0.021896,0.10286,0.068817,0.025017,0.016638,0.10646,0.15306,0.10132,0.049445,0.057134,0.14245,0.081141,0.087978,0.04094,-0.020697,0.023363,0.017946,0.045823,0.10256,0.081963,0.061603,0.0072623,0.077327,0.11966,0.032361,-0.0013469,-0.064351,0.003646,0.03106,0.019825,-0.011448,0.10942,0.064067,0.020423,0.033347,0.020203,0.01676,0.10645,0.048189,-0.0024107,0.021871,0.07626,0.064708,0.017231,0.12693,0.059998,0.081297,0.034924,0.032056,0.043277,0.0079088,0.09628,0.034952,-0.053795,0.07985,0.10525,0.05543,0.086751,0.076876,-0.013516,0.040601,0.061662,0.085283,0.10462,0.012416,0.0038569,0.086684,-0.028825,0.048955,0.017156,-0.012764,0.058258,0.054737,0.02744,0.049976,0.060851,0.0094002,0.036776,0.026088,-0.012786,-0.033556,0.059508,0.018011,-0.0014813,0.066731,-0.022391,-0.0086216,0.062992,-0.0082048,0.093292,0.086836,0.11006,0.038102,0.044927,0.0020802,-0.030494,0.039354,0.020067,0.058659,0.024476,-0.010072,-0.00064558,0.045403,0.027834,0.031597,0.042075,0.046178,-0.01214,-0.00081179,-0.076209,0.047478,0.013622,0.017015,0.019169,0.014153,0.014584,-0.012481,-0.019283,0.0025799,0.0062635,-0.060886,0.0031656,-0.0087341,0.0049161,-0.00042612,-0.019908,0.045513,-0.051484,0.042498,0.010853,0.041903,0.017352,-0.00061034,0.015668,0.068685,0.0098129,0.060029,-0.0036024,-0.11122,-0.016234,0.069952,0.021476,-0.0052161,0.045696,0.017028,0.049911,0.020259,0.060584,-0.059009,-0.0026156,-0.026378,0.024693,-0.046316,0.04163,0.031735,-0.017743,-0.053891,0.028565,0.0060762,0.0023931,-0.053555,0.0055989,0.021628,0.033627,0.012026,-0.0021046,0.010943,-0.013599,-0.0081129,-0.019378,-0.0083333,0.042345,0.037913,0.09161,0.042676,0.022062,0.055526,-0.011262,-0.0054312,0.11328,0.0045249,0.034499,-0.031142,0.05639,0.032899,0.015092,0.024077,0.071177,0.034246,0.023526,0.053565,0.042956,0.015542,0.073963,0.037139,-0.046123,-0.068056,0.059263,0.090015,0.11707,0.050663,0.093855,0.020895,-0.0074489,0.031312,-0.024236,-0.060615,-0.012927,0.022967,0.068006,0.043555,0.034766,0.0038863,-0.034424,0.003355,0.024334,0.009546,0.012236,0.003787,-0.014911,0.036358,0.065005
0.027368,-0.0149,-0.075616,0.0041525,-0.04811,0.022446,-0.095963,0.039709,0.0043168,-0.03502,0.078185,0.062282,0.028283,-0.00125,-0.029059,0.045089,-0.0066357,0.089218,-0.050394,0.10754,-0.020628,0.090141,0.096412,0.056327,0.025196,0.10531,0.036388,0.061339,0.20411,0.086526,0.028466,0.10176,0.079841,0.14199,0.026569,0.01569,0.032913,0.050601,-0.0076993,-0.027678,0.026707,0.0003121,0.087958,0.15591,0.052386,0.033192,0.0043742,0.076544,-0.064377,-0.058438,-0.015459,-0.07044,-0.035021,-0.013715,0.016691,0.11479,0.16519,0.014921,-0.011842,0.026264,0.15571,0.18981,0.27882,0.13533,0.13126,0.079063,0.0059538,0.025924,0.086098,0.061032,0.080995,0.055483,0.095802,0.070773,0.1151,0.055324,0.016504,0.18007,0.20792,-0.024326,0.042973,0.042903,-0.023767,-0.064089,-0.07462,-0.08668,-0.061542,-0.14336,-0.15764,-0.13325,-0.026234,-0.072898,0.20806,-0.0038759,-0.086416,-0.03213,0.19288,0.089979,0.036773,-0.051678,0.096285,0.012848,0.24014,0.074153,0.2383,-0.052937,-0.0033037,0.009512,0.03042,0.031303,-0.037223,0.023688,-0.0092602,0.10053,0.15321,-0.0015313,-0.087704,0.14905,0.10146,0.013766,-0.011212,0.056563,-0.0077425,0.079053,0.036435,0.08155,0.21501,0.24119,-0.01604,0.11717,0.00057809,1,0.20154,0.12383,0.10213,0.14647,-0.045785,0.062188,0.05463,0.031725,0.031092,-0.047309,0.039245,0.031011,0.039605,0.043625,0.024362,0.02978,0.033788,-0.03281,-0.044974,0.052073,0.035041,0.028126,0.012502,0.074786,-0.025846,0.060794,0.038838,0.0097565,0.096915,0.038,0.16694,0.086236,0.036681,0.18549,0.21923,0.1236,-0.083085,-0.025538,0.12186,0.0087216,-0.002158,-0.041435,-0.047434,0.015876,0.033632,0.022939,0.023282,-0.039834,0.021368,0.041011,-0.038884,-0.075923,0.017122,0.010975,-0.0086219,0.13458,0.056721,0.024876,0.016254,0.010591,-0.012617,0.046067,0.0046439,-0.026263,0.032068,0.14163,-0.039427,0.095903,0.035818,0.074499,0.086922,0.077595,0.07265,0.05291,0.0085887,0.063637,0.15317,0.098869,-0.19089,0.072528,0.029487,0.062861,0.031188,0.023034,0.021546,0.034405,0.017341,0.010119,0.042274,0.080652,0.10141,-0.059952,-0.20949,0.056109,-0.043733,0.031539,-0.030003,-0.081294,-0.019371,-0.068791,-0.094181,-0.047179,0.018061,0.14216,0.11694,-0.040494,0.018798,0.071618,0.18718,0.18722,0.14912,0.053143,0.050557,0.083009,0.045738,0.035651,0.051283,0.05511,0.10254,0.057892,0.062677,0.11462,0.04248,0.062192,0.039343,0.13754,0.13768,-0.10441,-0.069897,-0.041708,-0.18521,-0.12287,-0.044172,-0.15403,-0.056471,-0.16505,-0.19378,-0.21094,-0.095381,-0.053345,-0.05534,-0.1561,-0.063659,-0.18654,0.16011,-0.087515,0.01415,-0.08881,0.05527,0.0030628,0.22844,0.0040893,0.084017,-0.18983,-0.020139,-0.022098,-0.074644,0.0091965,-0.029263,0.019966,-0.067066,0.093514,0.14425,-0.052687,-0.086775,0.19382,0.051745,0.023255,0.11734,0.02322,0.077407,0.18833,0.070222,-0.019872,0.15282,0.12715,0.022355,0.033878,0.036129,0.10295,0.16205,0.075078,0.092019,0.11812,-0.10177,0.022518,-0.07762,0.049725,-0.07468,0.0040387,-0.0089548,0.0079912,-0.066924,-0.051941,-0.027091,-0.080696,-0.075986,-0.088965,-0.14952,-0.021634,-0.074966,-0.12113,0.0030057,0.075835,0.037285,-0.09701,0.028252,0.040888,0.081032,-0.0061454,0.10197,0.01091,0.057667,0.16944,0.14156,-0.076291,-0.12918,-0.11841,0.074115,0.037397,-0.033048,-0.029007,-0.0063462,-0.014748,0.055118,-0.037662,-0.078416,-0.071664,0.0091476,0.080613,0.0041633,-0.019193,-0.0046872,0.11825,-0.015919,0.055629,0.016217,-0.10729,-0.10442,-0.043463,-0.052226,0.022493,-0.054006,0.020461,-0.010928,0.0013093,0.096779
0.054062,-0.031861,-0.078963,-0.00026245,-0.024788,0.058577,-0.11728,0.011917,0.00526,-0.025391,0.01957,0.019761,0.01995,0.023149,-0.055637,0.078052,0.01065,0.0798,-0.012023,0.12189,0.017237,0.083549,0.097548,0.097561,0.065728,0.052279,-0.0072292,0.051216,0.14543,0.051646,-0.053977,0.10547,0.15706,0.17304,0.017936,0.0035882,0.069636,0.039813,0.012971,0.0093274,0.078847,0.029628,0.081213,0.065082,0.017637,0.13027,-0.045347,0.1115,0.064703,0.08572,0.013218,0.04146,0.039677,0.12212,0.025612,0.13465,0.10408,0.033634,-0.07344,0.050477,0.14145,0.11408,0.16348,0.11804,0.16921,0.064202,-0.041279,0.036741,0.050904,0.053642,0.05329,0.030314,0.10481,0.013509,0.046518,0.037141,0.024607,0.17169,0.19553,-0.056599,0.061808,0.048328,-0.037416,-0.05655,-0.095773,0.045793,0.078602,-0.097502,-0.094063,-0.054468,0.04301,-0.096118,0.12199,-0.06113,-0.012418,0.062986,0.050752,0.047591,-0.0060532,-0.012678,0.081726,0.00055225,0.15719,0.067581,0.16537,0.0033749,0.017892,0.071298,0.10372,0.012436,0.0029688,0.097982,-0.0091217,0.053598,0.092352,0.11371,-4.7979e-05,0.051895,0.074275,-0.033836,0.030493,0.12515,-0.021372,0.00029628,0.021777,0.053299,0.16073,0.26887,-0.057557,0.011053,0.029495,0.20154,1,0.14631,0.027485,0.10501,-0.049013,0.11899,0.043725,0.057752,0.08545,-0.056484,-0.0040689,0.011237,-0.018191,0.090479,0.1073,0.012636,0.098395,0.027434,0.037417,0.11073,0.10913,0.056868,0.081693,0.081793,0.028082,0.088075,0.098625,0.077441,0.1377,0.077718,0.13038,0.14737,0.059055,0.060302,0.092362,0.12855,0.033489,0.096113,0.19022,-0.012091,-0.023483,0.011081,0.017352,0.10169,0.076291,0.02748,0.053063,0.082205,0.031777,0.039226,-0.032503,-0.14286,-0.025495,0.014257,0.008581,0.060527,0.10273,-0.0015151,-0.016058,0.028302,-0.12569,-0.036347,0.10503,-0.01737,0.042615,0.11699,-0.079283,0.066434,0.012789,0.060691,0.086986,0.054444,0.10082,0.068962,-0.030937,0.027823,0.14369,0.043264,-0.14026,0.022766,0.025358,0.12095,0.050963,-0.0042826,0.075718,0.032771,0.049711,0.050351,0.086455,0.085457,0.082197,-0.054105,-0.17859,0.16617,0.0013355,0.067016,0.064461,0.080776,-0.025167,0.020714,-0.045298,0.055192,-0.08278,0.12814,0.061706,-0.10417,0.045134,0.07539,0.15051,0.091194,0.055838,0.053969,-0.00052863,0.045153,0.034171,-0.01358,0.10053,-0.021325,0.069623,0.039089,0.018685,0.050252,-0.08749,0.094268,0.058137,0.033056,0.11258,-0.057772,-0.018422,0.018118,-0.094632,0.034316,0.078613,-0.023056,0.077126,-0.055185,-0.13142,-0.10133,0.0060311,0.088644,-0.048932,-0.12702,-0.00016122,-0.021087,0.075075,-0.021386,0.055882,0.040343,0.084549,0.085768,0.15949,0.07774,0.065874,-0.084467,0.030657,0.10027,-0.027764,-0.0069409,0.044659,0.03595,-0.021686,0.12708,0.094596,0.042193,-0.040626,0.067372,-0.023483,-0.047114,0.15575,0.060368,0.039657,0.16837,0.018197,-0.06896,0.10699,0.042028,0.036492,-0.0082977,0.028284,0.068695,0.13606,0.0057819,0.021809,0.050339,-0.12187,0.06722,-0.070287,0.045366,-0.033892,0.013396,-0.076532,0.0018275,-0.090999,-0.10297,-0.041961,-0.098618,0.016003,0.0090875,-0.062638,0.047345,-0.019065,-0.13102,0.05736,0.043397,0.082522,-0.09049,-0.034343,0.0084664,0.087063,0.041472,0.15608,0.13815,0.071607,0.091483,0.10922,0.067346,-0.0045743,0.038124,0.049483,0.068719,0.013961,0.049392,0.035213,-0.012886,0.078782,-0.060278,-0.083136,-0.0076218,0.074453,0.089942,0.011372,0.030634,-0.054141,0.11348,-0.026011,0.10214,0.037366,-0.011743,-0.058725,-0.10798,-0.09552,-0.038889,-0.0061675,0.050746,-0.05785,0.036029,0.17421
0.092943,0.025158,0.064502,0.055627,0.12065,0.094628,0.037293,0.10032,-0.0059562,-0.028442,0.068565,0.097331,0.24794,0.080175,0.1144,0.10547,0.060448,0.10821,0.073687,0.22539,0.28759,0.19453,0.25296,0.17184,0.22119,0.19632,0.26278,0.3609,0.16588,0.084821,0.01775,0.19975,0.051535,0.012036,0.12824,0.042569,0.21136,0.14777,0.13591,0.20701,0.20339,0.21406,0.1363,0.14864,0.12144,0.13139,0.14986,0.17639,-0.037093,0.12149,0.040017,0.044872,-0.0084111,0.038298,0.31603,0.20476,0.13263,0.22166,0.21666,0.15218,0.27961,0.21933,0.061946,0.13572,0.1479,0.22393,0.099351,0.12193,0.12397,0.37967,0.3889,0.32696,0.39981,0.28353,0.2754,0.10162,0.031529,-0.017937,0.13203,-0.014034,0.061196,0.066265,0.060322,-0.007887,0.097821,-0.018795,-0.0054715,0.036468,-0.049403,-0.054836,-0.016926,-0.050524,0.1338,0.025848,0.01233,0.038426,0.16023,0.11093,0.14927,0.032468,0.0721,-0.0015889,0.061195,0.048887,0.039713,-0.017669,0.0057139,-0.0099985,-0.088648,0.074137,0.12639,-0.03478,0.071075,0.025154,0.22957,0.0017295,-0.075508,0.15335,0.24745,0.29944,0.15853,0.083453,0.15745,0.27104,0.17831,0.25833,0.069628,0.066638,-0.028246,-0.030339,-0.023675,0.12383,0.14631,1,0.28971,0.18924,-0.054072,0.038557,0.048662,0.13887,-0.002883,-0.041145,0.22478,0.24882,0.095867,0.13277,0.03494,0.15423,0.040563,0.10611,0.089733,0.07883,0.079482,0.20442,0.2481,0.14999,0.15115,0.16935,0.10262,0.18834,0.19358,0.17397,0.018807,0.054074,0.11016,0.20068,0.099771,-0.026263,0.077358,-0.0032628,0.14157,0.089304,0.10941,0.036769,0.22817,0.18246,0.14734,0.18091,0.10598,-0.0098699,0.022417,0.077956,-0.0067367,0.070754,-0.052523,0.07924,0.19918,0.13035,0.018878,0.0078939,0.03086,0.13156,0.1315,0.26552,0.019537,0.0048839,0.087429,0.10115,-0.068484,0.19267,0.21379,0.15483,0.25646,0.222,0.25711,0.23417,0.27106,0.34927,0.21873,0.24629,0.10043,0.14499,-0.034546,-0.012227,0.048186,0.05604,0.27981,0.16163,0.17645,0.19905,0.11814,0.16821,0.22726,0.082456,0.046075,0.068623,0.22084,0.022867,0.026157,0.084599,0.040466,-0.0051198,-0.027043,0.13255,0.15561,0.10359,0.16487,0.12387,0.22804,0.23716,0.22021,0.1894,0.1451,0.066125,0.039389,0.25978,0.12364,0.11847,0.10696,0.36428,0.35933,0.31773,0.36081,0.28169,0.26065,0.089092,0.071096,0.19835,0.19955,0.062815,0.12008,0.038453,-0.0043961,0.079499,0.11377,0.067958,0.16009,0.030036,-0.0032387,0.03736,0.025674,0.071644,0.069206,0.12715,0.13751,0.042646,0.26797,0.059801,0.16854,0.095223,0.19509,0.16638,0.1056,0.081702,0.13213,-0.039919,0.12527,0.030163,0.082773,0.095331,0.10243,-0.015736,0.034396,0.16226,0.21768,0.18624,0.03148,0.21407,0.31261,0.2484,0.22809,0.11361,0.11713,0.1954,0.04129,0.2507,0.18764,0.11348,0.026396,0.14805,0.042315,0.045118,0.1756,0.2031,0.24935,0.26604,0.0091865,0.17845,0.10104,0.16928,0.053876,0.079934,0.16904,0.22196,0.10692,0.023992,0.18589,0.19172,0.1169,0.17902,-0.0017802,0.078554,0.10431,0.047462,0.062623,0.10457,0.15864,0.1839,0.20325,0.044815,0.1763,0.12068,0.089437,0.079627,0.11192,0.23551,0.07878,0.064309,0.094099,0.076027,0.089344,0.13802,0.14244,0.10037,0.22523,0.1751,0.16629,0.0931,-0.015797,0.062066,0.11174,0.1751,0.065418,0.15121,0.046958,0.14219,0.1273,0.1062,0.073741,0.083352,0.09114,0.12271,0.080126,0.26203,0.16325,0.012423,0.16196,0.077421,0.12116
0.053082,0.057397,0.082771,0.098695,0.056045,0.085767,0.10043,0.099647,0.033235,-0.001051,0.092331,0.022036,0.28933,0.18459,0.1936,0.10594,0.086884,0.1449,0.13272,0.29619,0.33406,0.28824,0.30998,0.2248,0.3318,0.25384,0.37487,0.36624,0.32137,0.31543,0.042983,0.26659,0.077566,-0.0070905,0.21558,0.26056,0.31281,0.24553,0.25334,0.24093,0.2056,0.27035,0.14924,0.2808,0.13774,0.20148,0.16456,0.25723,-0.056164,0.08652,0.04678,0.037783,0.039689,-0.02225,0.30394,0.16177,0.19547,0.26214,0.23759,0.16002,0.37397,0.31425,0.24377,0.29898,0.26965,0.44167,0.45979,0.29918,0.39177,0.48597,0.52746,0.34742,0.4818,0.35293,0.49957,0.17432,0.071209,0.10605,0.15078,-0.00046111,-0.019601,0.032119,0.053887,0.043883,0.068229,-0.063226,-0.011843,0.00040123,0.0083963,0.030691,0.0071478,0.001114,0.081621,-0.012911,0.021935,0.0068615,0.37502,0.23779,0.32616,0.13604,0.29219,0.12275,0.18061,0.086795,0.073678,-0.051506,0.0027557,-0.059347,-0.096477,0.052134,0.10188,-0.024296,0.046799,0.30875,0.47715,0.050883,-0.05937,0.16957,0.21471,0.2895,0.15597,0.15313,0.15877,0.27297,0.14715,0.22251,0.15989,0.058143,0.070302,0.036929,0.030667,0.10213,0.027485,0.28971,1,0.63243,0.0025003,0.10217,0.067562,0.197,0.060576,0.0056419,0.17857,0.16373,0.087756,0.075411,0.027352,0.081481,-0.029044,0.083291,0.03895,0.07778,0.081422,0.18477,0.2729,0.3347,0.38136,0.087199,0.20619,0.27957,0.19061,0.30206,0.12279,0.21044,0.30316,0.418,0.35282,-0.017127,0.057347,-0.057958,0.1512,0.11122,0.15016,0.053309,0.27635,0.38929,0.27872,0.28368,0.10148,-0.0079518,0.044505,0.15951,0.039749,0.07788,0.00051429,0.077316,0.1668,0.098064,-0.017703,0.011383,0.046424,0.21123,0.12538,0.30153,0.037623,-0.038563,0.040555,0.11511,0.033515,0.26064,0.41276,0.24283,0.30211,0.28832,0.27137,0.29644,0.34222,0.37443,0.37066,0.39765,0.10572,0.22444,0.048328,-0.027497,0.14309,0.32448,0.32324,0.24515,0.20567,0.28649,0.26095,0.34667,0.22602,0.15526,0.10944,0.063773,0.21267,0.0084105,0.015138,0.017754,0.076511,0.013939,-0.026244,0.086862,0.20513,0.18813,0.24528,0.18653,0.33549,0.2465,0.37812,0.35649,0.23486,0.12199,0.28512,0.48492,0.44277,0.3332,0.27483,0.43843,0.49662,0.32361,0.43055,0.39906,0.39561,0.19886,0.10939,0.21746,0.22271,0.036652,0.078326,0.074182,0.054508,0.086804,0.02014,0.1106,0.08392,0.020474,0.055546,0.11547,0.0046824,0.076631,0.12586,0.10487,0.10634,0.05039,0.40114,0.0077692,0.21072,0.096589,0.21837,0.14122,0.1478,0.12722,0.13115,0.062941,0.051182,0.0689,0.11206,0.070507,0.055874,0.048631,0.022176,0.29923,0.39149,0.11896,0.047192,0.25566,0.31349,0.30137,0.20634,0.070559,0.1569,0.26677,0.093273,0.1828,0.22811,0.084138,0.068136,0.072491,-0.026141,0.031586,0.12277,0.2014,0.52345,0.53525,0.041767,0.085639,0.071547,0.13647,0.1242,0.12541,0.091596,0.2098,0.094091,0.054694,0.16261,0.2062,0.14973,0.21208,0.087068,0.076534,0.06365,0.13644,0.12219,0.27751,0.35878,0.25799,0.36871,0.16976,0.15901,0.16534,0.12038,0.04385,0.26464,0.31946,0.20704,0.051285,0.1421,0.072831,0.16463,0.14686,0.10094,0.058578,0.3049,0.42094,0.24879,0.22608,0.12302,0.061452,0.079266,0.28125,0.010183,0.056956,0.036717,0.14073,0.17646,0.082986,0.081952,0.029476,0.11083,0.12972,0.097729,0.24588,0.15558,0.026432,0.15735,0.12011,0.095886
0.011347,0.047856,-0.049535,0.024553,-0.013952,0.10906,0.022226,0.079281,-0.01258,-0.0004421,0.084275,0.029693,0.24476,0.22782,0.17057,0.119,0.048307,0.2179,0.093456,0.33196,0.31784,0.36829,0.36272,0.31801,0.40574,0.272,0.31023,0.27292,0.53426,0.51247,0.07417,0.36371,0.13827,0.12502,0.32417,0.40791,0.39177,0.37471,0.36166,0.29551,0.27892,0.30766,0.11877,0.40249,0.071581,0.28812,0.11326,0.4112,-0.048104,0.027715,0.0055687,-0.022052,0.031155,-0.064788,0.22395,0.16456,0.27038,0.1732,0.14609,0.11413,0.33881,0.34315,0.41552,0.45316,0.46097,0.41147,0.48318,0.40613,0.61964,0.39853,0.33539,0.27101,0.31767,0.22436,0.47978,0.18227,0.084835,0.17464,0.20248,-0.076793,-0.020614,0.10158,-0.032352,-0.003257,-0.04287,-0.059003,-0.012345,-0.20448,-0.046779,-0.049544,-0.013294,0.015299,0.14742,-0.1113,-0.072276,0.019857,0.54389,0.41287,0.4838,0.22993,0.51252,0.27324,0.35071,0.22334,0.16959,-0.11197,-0.038939,0.021877,-0.078763,0.056602,0.041551,0.0092712,-0.052718,0.5788,0.6186,0.18656,-0.059045,0.11617,0.18155,0.13415,0.11175,0.19209,0.070626,0.10065,0.0955,0.19736,0.24302,0.17345,0.083771,0.11726,0.083695,0.14647,0.10501,0.18924,0.63243,1,-0.047262,0.12092,0.04494,0.22827,0.11074,-0.0015523,0.099538,0.10318,0.062184,0.068173,0.058217,0.043135,-0.040394,-0.0084558,-0.053457,0.15629,0.071141,0.13971,0.27289,0.49524,0.45915,0.10935,0.30797,0.3271,0.29005,0.4761,0.37273,0.42109,0.50823,0.39783,0.51788,0.12929,-0.018983,-0.053698,0.28699,0.064644,0.11865,0.056752,0.28477,0.40127,0.40378,0.37523,0.11944,-0.045084,0.14626,0.16281,-0.0047166,-0.017875,-0.018163,0.084335,0.1236,0.16115,0.06232,0.087175,0.037434,0.16808,0.012137,0.2599,0.049932,-0.065087,0.054437,0.19599,0.011639,0.31969,0.34743,0.34675,0.35136,0.35896,0.35886,0.3186,0.2809,0.28081,0.5201,0.4739,-0.0052252,0.28432,0.074071,0.0076661,0.26407,0.50997,0.3431,0.31977,0.29346,0.34828,0.36503,0.44229,0.21819,0.15994,-0.0074679,0.13837,0.14957,0.04364,-0.064547,-0.045501,-0.010858,-0.040793,-0.11206,-0.039986,0.12078,0.24786,0.25971,0.062855,0.29712,0.19802,0.42722,0.38751,0.29344,0.21131,0.48739,0.42198,0.53228,0.44218,0.45697,0.31347,0.33983,0.26294,0.24715,0.31918,0.25796,0.18625,0.12655,0.18599,0.23834,-0.096856,-0.05049,0.094039,-0.081497,-0.02191,-0.040058,-0.040226,-0.034126,-0.13079,-0.064804,-0.063425,-0.072601,0.053857,0.10329,-0.017161,-0.010867,-0.003519,0.42727,-0.057296,0.27204,0.086463,0.25739,0.18171,0.22058,0.19081,0.1176,-0.055722,-0.062136,0.060344,-0.020975,0.055766,0.043635,0.049718,-0.078062,0.44096,0.51788,0.046874,0.038647,0.24135,0.19952,0.1497,0.2354,0.07582,0.20966,0.28545,0.074546,0.10322,0.24549,0.068359,0.061173,0.0089733,-0.080823,0.042335,0.098014,0.12077,0.51527,0.61203,-0.019555,0.0084504,-0.048468,0.09875,0.096728,0.13338,0.01821,0.17581,-0.017584,0.014893,0.06338,0.13375,0.055382,0.10392,-0.023289,0.043836,0.026558,0.091393,0.15693,0.39252,0.46377,0.19609,0.33612,0.25788,0.22018,0.23182,0.25898,0.12391,0.41273,0.30028,0.29022,0.039253,0.051005,-0.044227,0.24294,0.13936,0.079779,-0.034052,0.32352,0.47477,0.35805,0.27252,0.11368,-0.057172,-0.021357,0.31801,-0.039625,0.0291,-0.021823,0.15448,0.17942,0.081381,0.036696,0.016304,0.063312,0.056488,0.038424,0.19586,0.03584,0.028545,0.088915,0.053673,0.11531
-0.0019752,0.040902,0.05515,0.1785,-0.025172,-0.035863,-0.020023,-0.0043931,0.0021494,0.010889,-0.020294,-0.057163,-0.081871,-0.0044284,0.037233,-0.024707,-0.0051471,-0.11593,-0.0029454,-0.078032,-0.012524,-0.018773,-0.062706,-0.055542,-0.02937,-0.035392,0.042766,-0.049155,-0.071095,0.015254,-0.037684,-0.036444,-0.079729,-0.088536,0.0040391,0.023154,0.0060262,-0.023965,0.015176,-0.027861,-0.069816,-0.019211,-0.061725,-0.099738,-0.061769,-0.015008,-0.065013,-0.073369,0.044515,-0.0099386,-0.062871,0.064774,0.025286,0.014627,-0.030908,-0.12055,-0.11469,0.014713,-0.011632,-0.06558,-0.10843,-0.10388,-0.091486,-0.10592,-0.15043,-0.022328,0.067735,0.028707,-0.007473,-0.005841,-0.042525,-0.0078402,-0.067418,-0.072177,0.0093467,-0.047041,-0.0053987,0.019415,-0.091552,0.038084,-0.074078,-0.069068,0.004309,0.084996,-0.0087114,0.011571,0.047344,0.045263,0.088061,0.080433,0.11117,-0.01,-0.15149,0.00023345,0.039399,-0.016983,-0.090749,-0.028515,-0.028914,0.024288,-0.046872,0.020275,-0.098546,-0.069247,-0.14391,0.056086,0.032568,0.017584,0.012705,-0.11234,-0.067889,-0.037067,0.027785,-0.0025213,-0.072602,-0.022042,0.04943,-0.049602,0.0012623,-0.049716,0.009925,-0.034512,0.0064609,-0.096229,-0.048844,-0.09316,-0.094555,-0.10761,0.070542,-0.045424,0.034285,-0.045785,-0.049013,-0.054072,0.0025003,-0.047262,1,-0.0035596,0.040618,-0.018127,0.095108,0.056804,-0.047288,-0.055566,-0.014242,-0.034854,0.029211,-0.043026,-0.038503,0.051995,0.065838,0.00070847,0.028547,-0.049712,-0.085635,-0.057359,0.0036883,-0.049102,0.026758,0.0182,-0.10242,-0.079533,-0.096257,-0.021614,-0.044656,-0.068416,-0.12221,-0.085768,0.051199,0.04259,-0.075021,0.0078401,-0.013181,0.052698,0.0060537,0.032533,-0.027556,-0.03728,-0.068718,0.014092,0.01317,0.0077872,0.032999,-0.013619,0.04925,-0.054997,0.004005,-0.13068,-0.056217,-0.0050948,0.033732,-0.022907,-0.037237,-0.037278,0.066413,0.0030998,-0.026635,-0.072555,0.038235,-0.048066,-0.02666,-0.00257,-0.047642,-0.048191,-0.072468,-0.059686,0.03692,-0.0029434,-0.014806,-0.038525,0.014854,-0.0091318,0.0019378,-0.03517,0.045718,-0.00868,-0.041956,-0.029493,-0.0036171,-0.00069771,0.011006,-0.056819,-0.065009,-0.0053639,0.048287,-0.046717,-0.045162,0.012141,0.05898,0.035042,-0.0089181,0.082989,0.06866,-0.0098875,0.026271,-0.10505,-0.032782,0.013379,0.013106,-0.067361,-0.11349,-0.0027631,-0.074992,-0.05827,-0.0044196,-0.067482,0.028891,-0.0096883,-0.039006,0.028352,-0.060303,0.0028317,-0.061605,-0.061689,-0.0097872,-0.0016768,-0.035553,-0.075829,-0.046066,0.028756,-0.019496,0.030252,0.050507,0.048507,-0.017156,0.052987,-0.026027,0.096604,0.089607,0.063855,0.067011,0.0059978,0.03055,0.037473,0.011832,0.015399,-0.078253,-0.012157,-0.021643,0.01781,-0.061558,-0.02544,-0.11812,-0.022509,-0.12133,0.10541,0.014876,-0.0056149,0.035274,-0.091587,-0.032093,0.040073,0.045032,-0.087838,-0.058236,-0.04452,0.05142,-0.0374,-0.035284,-0.012331,-0.058163,-0.035914,0.017632,-0.058265,0.077293,-0.075802,-0.12479,-0.086691,-0.0036084,-0.12463,0.0048431,-0.083528,-0.078232,-0.068604,-0.021373,-0.070308,0.072975,-0.062386,0.0055764,-0.033567,0.052604,0.038379,-0.01529,0.026274,-0.00011328,0.034481,-0.0098374,0.017219,0.01358,0.035222,0.1155,-0.0022252,0.0088888,0.01671,0.017088,-0.0376,0.015782,0.018915,-0.072618,-0.049756,-0.053857,-0.061272,-0.050804,-0.018313,-0.046376,-0.084161,-0.080391,-0.01286,0.036512,0.021182,-0.011238,-0.063404,-0.066447,-0.028259,-0.011499,0.025381,-0.003623,-0.012135,0.066951,0.037216,-0.029824,-0.051572,0.00054213,-0.055372,0.055572,-0.063914,0.036022,-0.042087,-0.02614,0.022096,0.04075,-0.0038617,-0.023225,-0.022066,0.016805,0.040764,-0.019227,-0.071021,-0.086189
0.07856,-0.0069831,-0.014917,0.25641,0.016165,0.11451,0.020321,0.096273,0.05438,-0.064567,0.040161,-0.0013484,0.13787,0.10755,0.13316,0.12682,0.10482,0.18508,0.055898,0.26391,0.11029,0.19798,0.23653,0.18504,0.19768,0.15354,0.083253,0.173,0.17662,0.10032,-0.034684,0.20019,0.25493,0.19539,0.13281,0.093501,0.15701,0.12752,0.15706,0.061674,0.11867,0.11561,0.12727,0.10747,0.088535,0.20208,0.032657,0.15927,0.17027,0.20969,0.12266,0.11038,0.1395,0.20213,0.12229,0.10741,0.092683,0.17574,0.014571,0.024894,0.15154,0.11739,0.11514,0.15199,0.1633,0.087337,0.089141,0.164,0.14661,0.12464,0.12679,0.12821,0.11786,0.082366,0.10217,0.038363,0.026842,0.091152,0.15266,0.031453,0.11924,0.15862,0.10811,0.043634,-0.0093421,0.19574,0.19474,0.033972,0.072044,0.083238,0.18464,0.091411,0.055881,-0.056086,0.078497,0.18978,0.093198,0.10337,0.077091,0.12014,0.083618,0.14885,0.12774,0.13279,0.078583,0.072321,0.1082,0.15811,0.094275,0.081338,0.05308,0.099573,0.059077,0.064882,0.11146,0.22157,0.1354,0.062387,0.10075,0.037168,0.073685,0.13512,0.028425,0.019759,0.048767,0.13131,0.041074,0.11883,0.0044349,0.075199,0.068717,0.062188,0.11899,0.038557,0.10217,0.12092,-0.0035596,1,0.19327,0.22935,0.10953,-0.0064215,0.066271,0.067707,0.095132,0.15712,0.067293,0.09095,0.18045,0.10041,0.14842,0.22009,0.18727,0.10239,0.17664,0.11477,0.091726,0.15108,0.14712,0.1699,0.22155,0.14028,0.18048,0.24903,0.1615,0.037566,0.05593,0.1962,0.20804,0.20921,0.2368,0.10884,0.079147,-0.0050435,0.076035,0.1611,0.19113,0.16585,0.12637,0.16845,0.12961,0.0904,-0.022173,-0.024864,-0.00075203,0.030087,0.007204,0.061916,0.19483,0.10175,-0.014549,0.12068,0.00060658,0.092731,0.1452,0.13524,0.054392,0.15499,0.022539,0.20597,0.022332,0.18565,0.21807,0.19714,0.21928,0.21888,0.071078,0.15051,0.18145,0.10286,-0.038823,0.14173,0.11831,0.1618,0.14191,0.08131,0.17695,0.19029,0.17062,0.15622,0.13625,0.098496,0.23027,0.04616,-0.057458,0.14488,0.13283,0.11015,0.14269,0.20215,0.035054,0.080117,0.045415,0.17286,0.051335,0.19209,0.096177,0.033673,0.13551,0.076429,0.13881,0.093463,0.025006,0.051882,0.083525,0.084613,0.13897,0.058381,0.1937,0.049271,0.10171,0.14804,0.084163,0.078218,-0.053881,0.1292,0.043257,0.055153,0.11288,0.057101,0.11284,0.041559,0.020507,0.13522,0.091448,0.087451,0.13124,0.03727,-0.049863,0.014339,0.072891,0.1508,0.017179,-0.0063268,0.031003,0.069319,0.050563,-0.014811,0.070654,0.10563,0.042022,0.15825,0.050928,0.14351,0.096225,0.017582,0.087149,0.18072,0.10207,0.046771,0.092435,0.040951,-0.0038589,0.17604,0.079895,0.10174,0.010762,0.080067,0.051075,0.0012887,0.19301,0.060394,0.14449,0.10193,-0.026258,0.022382,0.11784,0.01198,0.058901,0.012485,0.073576,0.041382,0.0051943,-0.0019683,0.057066,0.078479,-0.048468,0.11748,-0.012348,0.13641,0.044253,0.050007,0.01448,0.068262,0.027371,0.043119,0.025481,0.020842,0.14551,0.15454,0.080751,0.12372,0.02948,-0.030184,0.041041,-0.011688,0.1779,0.044315,0.011303,-0.085001,0.18578,0.13478,0.156,0.15809,0.14547,0.062924,0.0021705,0.1512,0.12888,0.15902,0.17173,0.13687,0.067115,0.048908,0.16986,0.084418,0.24109,0.055049,0.0022933,0.082756,0.14329,0.19913,0.029944,0.049462,0.032796,0.12364,0.0032806,0.12788,0.11955,0.035278,0.017153,0.02693,0.026003,0.093898,0.1213,0.067809,0.024338,0.11632,0.2147
0.075241,0.029247,0.045515,0.5397,0.047464,0.10396,-0.013859,0.0063579,-0.00074266,-0.007777,0.005933,-0.0094687,0.090517,0.025225,0.12382,0.052849,0.035002,0.062808,0.01753,0.14986,0.059687,0.097689,0.13837,0.11542,0.11142,0.10532,0.040868,0.072581,0.025055,0.024407,-0.11291,0.10921,0.1366,0.096927,0.067429,0.013954,0.079085,0.03327,0.021633,0.0053691,0.047385,0.049587,0.084651,-0.058013,-0.010833,0.10824,-0.005653,0.055217,0.11723,0.145,0.0092125,0.10538,0.06261,0.11664,0.11458,0.083926,0.051009,0.11021,-0.0038348,0.028985,0.088016,0.032749,-0.0097297,0.078142,0.090035,0.046612,0.042135,0.057675,0.062696,0.075644,0.087542,0.063773,0.095635,0.052369,0.057906,0.022987,0.00028488,0.0099994,0.072222,0.033345,0.047338,0.057699,0.094307,0.046004,-0.0071657,0.10248,0.1351,0.039399,0.027333,0.055373,0.12144,-0.0024706,-0.024374,-0.067384,0.034123,0.10074,-0.009788,0.019413,0.038967,-0.017168,0.0049167,0.055239,0.01906,0.018074,-0.03478,-0.0009069,0.094237,0.098023,0.032813,0.013207,0.073827,0.034421,0.0849,0.018401,0.068517,0.11698,0.073421,0.029958,0.0599,0.035324,0.064139,0.01968,0.028027,0.0006518,0.013585,0.093813,0.0093836,0.036437,-0.027913,-4.1591e-05,0.019745,0.05463,0.043725,0.048662,0.067562,0.04494,0.040618,0.19327,1,0.12925,0.10837,-0.055317,0.067792,0.049935,0.0064321,0.087061,0.036339,0.0078866,0.10137,0.13305,0.15222,0.16136,0.15295,0.086604,0.10236,0.071693,0.033117,0.068337,0.062761,0.073987,0.13964,0.07403,0.090304,0.13832,0.071737,-0.037494,-0.037391,0.05824,0.17281,0.17124,0.14899,0.055218,0.011969,0.014026,0.039117,0.086784,0.096954,0.048244,0.044898,0.08662,0.034406,0.036126,-0.0021686,-0.0081997,-0.034987,-0.010277,0.047816,-0.0036356,0.06155,0.02364,0.015562,0.021145,0.0092552,0.064133,0.12621,0.077501,0.022098,0.085614,-0.057707,0.10536,0.043746,0.08272,0.12172,0.088264,0.13447,0.14064,0.042639,0.10618,0.063456,0.025218,-0.0089847,0.041506,0.065001,0.092262,0.069371,0.034136,0.10818,0.10696,0.1107,0.088962,0.0859,0.098363,0.11837,0.038044,-0.020931,0.093298,0.095219,0.085523,0.10271,0.16645,-0.0072151,0.058025,0.056898,0.1667,0.052859,0.11057,0.045885,-0.004524,0.090005,0.089743,0.090974,0.030091,0.016627,0.049255,0.030597,0.10042,0.076976,0.047472,0.077963,0.061662,0.10818,0.080205,0.098508,0.047778,0.029794,0.063419,-0.011556,0.027379,0.047683,0.058724,0.072194,0.0092414,0.00057645,0.091865,0.096136,0.056461,0.129,0.020005,-0.0023442,0.034907,0.1019,0.11594,-0.0018749,0.014209,0.0251,0.06631,0.00569,-0.043329,0.020405,0.054672,-0.0093497,0.1142,0.011127,0.09258,0.047464,0.017844,0.1291,0.088338,0.098837,0.027595,0.067249,0.059117,0.056101,0.071331,0.03869,0.087457,0.044894,0.033215,0.02368,0.058022,0.13784,0.048873,0.076546,0.073945,-0.042654,0.087857,0.017353,0.0090474,0.020303,0.034751,0.053137,0.026265,0.033048,0.036369,0.026275,0.063842,-0.031842,0.11622,0.0081819,0.096767,0.06697,0.090186,0.020851,0.090654,0.025715,0.0024306,0.070321,0.022102,0.12851,0.17415,0.10069,0.072217,0.048744,-0.0045166,0.0038995,-0.046622,0.073717,0.040389,0.01449,-0.065813,0.12504,0.087226,0.08223,0.091083,0.019058,0.010272,-0.06364,0.088082,0.10816,0.13792,0.060663,0.074172,0.034494,0.067819,0.11632,0.032829,0.13511,0.023636,0.0025332,0.081973,0.15563,0.084546,0.053145,0.049789,0.007357,0.078786,-0.0021017,0.026675,0.062572,0.031646,-0.0014197,0.027955,-0.017949,0.087682,0.11913,0.066632,0.087345,0.067302,0.10975
0.1307,0.034065,0.010106,0.14522,0.094385,0.15892,0.085702,0.073427,-0.033728,-0.022734,0.059508,-0.0032927,0.29774,0.20101,0.1779,0.15902,0.15361,0.15968,0.096166,0.52282,0.32681,0.43729,0.4964,0.32543,0.42049,0.30036,0.32232,0.41761,0.27134,0.17786,-0.024268,0.4532,0.21429,0.077749,0.33204,0.17873,0.30583,0.29669,0.34482,0.26892,0.26562,0.30467,0.25451,0.17197,0.13252,0.32211,0.16262,0.27838,0.0668,0.34614,0.1126,0.14782,0.13557,0.10984,0.36199,0.26943,0.20808,0.22492,0.19473,0.16781,0.22798,0.19334,0.095072,0.23897,0.22735,0.20602,0.17861,0.37358,0.25561,0.39239,0.32145,0.34784,0.27373,0.19772,0.22055,0.12082,0.051284,0.084465,0.15336,-0.0063275,0.078772,0.16152,0.1307,0.069612,0.11873,0.092096,0.13625,0.081818,0.069346,0.01438,0.11199,0.0929,0.064347,-0.069525,0.12804,0.13786,0.13836,0.18766,0.21311,0.18252,0.12274,0.13837,0.058728,0.09153,0.029477,0.011582,0.071966,0.0081936,-0.03048,0.12178,0.11719,0.04992,0.071975,0.051665,0.23208,0.18378,0.0062426,0.12798,0.18605,0.17671,0.21412,0.19539,0.20738,0.15606,0.14775,0.2751,0.062484,0.023538,0.083549,0.050422,0.068677,0.031725,0.057752,0.13887,0.197,0.22827,-0.018127,0.22935,0.12925,1,0.10644,-0.038214,0.24673,0.15153,0.068434,0.19893,0.01642,0.11658,0.094056,0.082837,0.13937,0.16014,0.12377,0.2506,0.27174,0.20549,0.25889,0.16413,0.13881,0.35213,0.44345,0.42577,0.14711,0.18571,0.34545,0.11904,0.084376,0.085483,0.23094,0.10471,0.37844,0.20459,0.17679,0.11547,0.31467,0.23508,0.40475,0.39175,0.26169,0.063915,0.12129,0.11071,0.020906,0.034178,0.0081316,0.11587,0.20448,0.13566,0.10424,0.062167,-0.021764,0.2691,0.16119,0.27659,0.1033,0.083583,0.12706,0.10212,0.0068157,0.479,0.097468,0.39162,0.49673,0.43571,0.43658,0.46367,0.29291,0.34999,0.32945,0.23362,0.099905,0.35614,0.081333,0.076439,0.31009,0.23982,0.38472,0.37449,0.30869,0.38229,0.267,0.1969,0.33685,0.18144,0.05717,0.19048,0.25732,0.034451,0.090465,0.27136,0.044084,0.015395,0.035241,0.19671,0.15808,0.19887,0.21096,0.12838,0.26273,0.23284,0.16866,0.20304,0.056471,0.1379,0.24317,0.1496,0.26657,0.19246,0.26518,0.24097,0.23576,0.35504,0.1774,0.19689,0.048082,0.12629,0.12356,0.16211,0.20516,0.11438,0.16658,0.079002,0.097067,0.2176,0.16029,0.14417,0.17554,0.090535,0.0021594,0.11709,0.080249,0.15645,0.097375,0.11834,0.10882,0.11595,0.17062,0.060152,0.23118,0.20445,0.19988,0.18681,0.0065529,0.12186,0.096055,0.054335,0.10882,0.14386,0.12101,0.076223,0.16861,0.020787,0.07424,0.32303,0.16518,0.2281,0.040493,0.22058,0.26143,0.098113,0.28975,0.10734,0.2149,0.19103,0.014632,0.16926,0.15138,0.12541,0.06154,0.12328,0.052732,0.047349,0.11805,0.042307,0.16618,0.21926,0.076373,0.18862,0.018843,0.25643,0.099535,0.15663,0.089783,0.21004,0.18004,0.096393,0.18975,0.18771,0.22271,0.21799,0.10567,0.15266,0.059918,0.10056,0.058632,0.086535,0.29736,0.19909,0.16806,0.0061815,0.41747,0.44464,0.1754,0.13087,0.32745,0.13904,0.033998,0.1669,0.21681,0.20958,0.29215,0.24888,0.16859,0.15604,0.42638,0.21853,0.44483,0.22388,0.14201,0.076726,0.22135,0.31759,0.063774,0.13526,0.08654,0.1432,0.11164,0.1681,0.085015,0.1143,0.081494,0.11698,0.12976,0.251,0.22528,0.053068,0.1489,0.11631,0.24209
0.018124,0.059485,-0.020775,0.059157,-0.038389,0.043221,-0.057149,-0.045603,0.013443,-0.045896,-0.045951,-0.11624,-0.013807,0.027993,-0.021237,0.034475,0.017942,0.00086587,0.012324,0.071911,-0.01103,0.0067298,0.036557,0.039359,0.040383,0.0099672,0.0090222,0.0067673,0.031375,0.042617,-0.091827,0.0057466,0.12001,0.058157,-0.015569,-0.016946,0.058588,-0.020399,0.032485,-0.045275,0.0046067,-0.025199,0.0011075,-0.07251,-0.04287,0.089014,-0.071623,0.039535,0.11125,0.080633,-0.013291,0.10056,0.063152,0.10437,0.029202,0.0039059,-0.0071209,0.074173,-0.085819,0.0031914,0.041449,-0.024074,-0.0043911,0.043749,0.035609,-0.0040003,0.051982,0.031535,0.053462,0.034785,0.019522,-0.0063542,0.021204,-0.067073,0.027614,0.0034081,0.021284,0.078669,-0.018869,-0.0071652,-0.022306,0.011395,-0.031657,-0.032305,-0.12152,0.11113,0.12978,0.0012099,0.035803,0.082682,0.074568,-0.030161,-0.11088,-0.065067,0.018977,0.046223,-0.026802,-0.012481,0.016706,0.031655,0.059271,0.02697,0.0048515,-0.049901,-0.038527,0.030412,0.044803,0.07878,0.097935,-0.075773,-0.038162,0.09755,0.01906,0.026566,0.039739,0.15398,0.073404,-0.057243,0.026221,-0.028662,0.04329,0.073327,-0.014713,-0.067817,-0.032508,-0.03345,-0.0092303,0.015516,-0.0074079,-0.076067,0.056606,0.031092,0.08545,-0.002883,0.060576,0.11074,0.095108,0.10953,0.10837,0.10644,1,-0.020714,-0.041301,-0.050097,-0.044797,0.049038,0.10222,-0.023142,0.07278,0.15344,0.14511,0.13012,0.13371,0.080127,0.028875,0.084466,0.032505,0.04345,0.0957,0.09693,0.063724,0.067683,0.038831,0.1186,0.058941,-0.012994,-0.023156,0.032831,0.1048,0.10761,0.080719,0.0087372,-0.029102,0.060149,0.017615,0.074923,0.038153,-0.018134,0.033195,0.053218,0.041265,0.027878,-0.0016898,-0.066988,-0.010462,-0.024666,-0.002594,-0.086806,0.015678,-0.013698,0.033278,-0.030459,-0.093967,-0.043871,0.12576,0.024912,-0.010528,0.028655,-0.087456,0.026957,0.016774,0.051111,0.042079,-0.0045397,0.046573,0.066658,0.0053071,0.011357,0.06947,0.0054476,-0.034133,-0.048087,0.04194,0.060068,0.051251,0.008093,0.035555,0.018524,0.014467,0.021392,0.057766,0.046908,0.021489,0.010311,-0.027041,0.066998,0.063515,0.065533,0.090451,0.11212,-0.016145,0.078672,-0.0016042,0.069744,-0.012742,0.052914,-0.058003,0.019569,0.059746,0.00081806,0.044982,0.057017,-0.010196,0.043158,0.03442,0.045077,0.071851,-0.013057,0.049194,0.017897,0.032289,0.013533,0.025222,0.0080325,-0.06194,0.064376,0.032606,-0.06197,0.0092739,-0.035385,0.0089312,0.048077,-0.019261,0.046902,0.033703,0.08943,0.057279,0.050555,0.023426,0.032926,0.065505,0.094037,0.011431,0.00065198,0.033036,0.087515,-0.015013,-3.1617e-05,0.022449,0.087672,0.0070179,0.06057,-0.011533,0.054429,-0.054556,0.074716,0.036568,0.091634,0.022342,-0.042761,-0.015248,0.056426,0.015926,0.068143,0.058154,-0.0081892,0.026303,-0.04721,-0.020351,-0.070632,0.071485,-0.020133,0.067571,0.058896,-0.026373,-0.081032,-0.0062821,-0.06312,0.013017,-0.10783,-0.023774,0.0063797,-0.0021686,0.0020901,0.042299,0.035255,-0.023124,-0.014345,-0.047766,0.020464,0.089907,0.052202,-0.12149,0.0088717,-0.051494,-0.0071406,-0.010671,-0.04368,0.083514,0.12076,0.066895,0.058125,0.014199,-0.025942,0.044457,0.0085017,0.058323,0.0059791,-0.022553,-0.042427,0.034768,0.032656,0.096829,0.068414,0.048684,-0.0025301,-0.014239,0.095204,0.11077,0.10005,0.050455,0.048824,-0.019317,0.012216,0.067766,0.023912,0.073398,-0.034937,-0.0070563,0.025937,0.069343,0.04681,-0.020898,-0.0090257,-0.024255,0.05483,-0.011211,0.041297,-0.0083475,0.065869,0.012515,-0.071463,-0.094538,-0.049052,0.028,0.086117,-0.032235,-0.014828,0.064809
-0.037361,0.099019,0.072852,0.018093,-0.082948,-0.11901,0.00091809,-0.031226,0.033208,-0.0095916,-0.025822,-0.04551,-0.047079,0.029163,0.034284,-0.041328,0.0064421,-0.11886,0.028303,-0.095261,0.0171,0.034115,-0.035031,-0.028384,-0.016862,0.0008002,0.13526,0.0089794,0.017131,0.086573,0.098809,0.03687,-0.09095,-0.13927,0.055379,0.088781,0.060748,0.056173,0.081475,0.048325,-0.052987,0.038677,-0.06484,-0.0053818,-0.033211,0.0047572,0.015935,-0.12393,-0.012834,-0.11649,-0.055579,-0.0077153,-0.028609,-0.11094,0.018765,-0.13954,-0.11224,0.014447,0.095228,0.0095084,-0.14052,-0.059265,-0.094255,-0.10083,-0.16682,0.0070725,0.12087,0.0059337,0.031384,0.089872,0.0048352,0.083013,-0.025478,-0.032685,0.029651,-0.0089436,-0.038281,0.0084534,-0.11766,0.0020338,-0.076249,-0.086925,-0.095309,0.022431,-0.039711,-0.040019,-0.00039878,0.024828,0.070158,0.027804,-0.047542,-0.0018426,-0.028881,0.12393,-0.049679,-0.083264,-0.016117,0.050655,0.062019,0.070187,-0.037282,0.026119,-0.1433,-0.046161,-0.1145,-0.013922,-0.048104,-0.07223,-0.061942,-0.15984,-0.048893,-0.083409,-0.078899,0.031742,-0.10649,-0.034584,-0.01328,-0.016792,0.087494,0.0081088,0.041327,-0.049428,0.042142,-0.017954,-0.040571,0.0073234,-0.052589,-0.084492,0.13594,-0.016907,0.047231,-0.047309,-0.056484,-0.041145,0.0056419,-0.0015523,0.056804,-0.0064215,-0.055317,-0.038214,-0.020714,1,0.037465,0.14799,-0.044764,-0.08548,0.17251,0.11902,-0.047661,0.038892,0.0038738,-0.071387,-0.077405,-0.090191,-0.077268,-0.11484,0.090376,-0.017197,-0.0097132,0.0053747,-0.14528,-0.060312,-0.078135,-0.027335,0.051754,-0.0041552,-0.07655,-0.11712,-0.025932,-0.067927,-0.06393,-0.0022131,0.012951,0.047692,0.099369,0.056855,0.037683,0.033582,-0.055511,-0.051138,-0.0061521,-0.014371,0.021819,-0.022611,0.0072697,0.023298,0.033621,-0.045935,-0.075732,-0.015844,0.073209,0.021385,0.043392,0.11885,0.082618,-0.079023,-0.010005,-0.1037,0.04819,-0.010058,-0.067815,0.081009,-0.001532,0.014658,-0.045742,-0.073383,0.12301,0.036224,0.060445,0.014046,0.14921,0.050793,-0.003812,-0.12146,0.085915,0.030961,-0.04052,0.0058216,0.018684,0.047543,0.039958,-0.079142,-0.065642,0.14396,0.17187,-0.027871,0.073547,-0.035865,-0.068642,-0.075344,-0.049227,0.030017,0.068759,-0.14804,0.13493,-0.058004,-0.043724,0.082057,0.047774,-0.048979,-0.14042,0.032236,-0.089947,-0.1082,0.042817,-0.07723,0.01455,0.042976,-0.0060341,0.083044,-0.026602,0.037448,-0.056153,0.017807,0.0033898,-0.0602,-0.048896,-0.060272,-0.055625,-0.042357,-0.13904,-0.02327,0.0066205,-0.012916,-0.088008,0.0089032,-0.15218,0.069268,0.072116,0.016289,0.0072302,-0.08628,0.17404,0.17029,0.044596,-0.0081044,-0.090958,-0.0042425,0.035244,0.043501,-0.030964,-0.10633,-0.18549,-0.088404,-0.15178,0.087208,-0.026531,-0.043712,-0.041292,-0.14779,-0.077349,0.0069744,-0.0067361,-0.018679,-0.076678,-0.10903,0.014094,0.067313,0.036245,0.010822,-0.040689,-0.04498,0.05985,0.018483,0.059239,0.0095508,-0.10247,-0.094201,-0.021802,-0.12555,-0.075701,-0.079891,-0.083703,-0.045942,-0.030303,-0.090088,0.073283,-0.11997,0.034443,-0.094052,0.066514,0.14092,0.060016,0.21187,-0.010924,0.018745,0.09106,0.19847,0.057652,0.10675,0.093889,-0.013552,-0.03548,0.082506,0.016245,-0.063386,0.012943,0.17487,0.00638,-0.072266,-0.070825,-0.049442,-0.12194,-0.049592,0.0018472,-0.076647,-0.099679,-0.073285,0.047581,-0.066176,0.037351,-0.013098,-0.087223,-0.080004,0.024816,0.034067,0.022062,0.062759,0.14918,-0.0093321,-0.099454,-0.049809,-0.070325,-0.068679,-0.030464,-0.024783,0.097024,-0.071252,-0.099851,0.0067507,0.06757,0.040868,0.049802,0.14213,0.041812,-0.02014,0.05601,-0.10425,-0.14176
0.11964,0.081762,0.13085,0.093978,0.16962,0.163,0.11642,0.13666,-0.038797,-0.010913,0.082086,0.10735,0.36132,0.16089,0.22024,0.1474,0.14619,0.077771,0.075418,0.36639,0.36607,0.32792,0.39449,0.29018,0.37781,0.26556,0.44259,0.54474,0.18994,0.09982,0.089064,0.33142,0.081894,-0.038915,0.24878,0.14011,0.27666,0.25348,0.27181,0.32014,0.30844,0.29824,0.31491,0.15925,0.19639,0.17615,0.26722,0.15227,-0.098265,0.177,0.11438,0.065773,0.050974,-0.0017862,0.50945,0.32237,0.1827,0.29006,0.34135,0.26354,0.24596,0.22402,0.062781,0.15236,0.18883,0.20619,0.13152,0.24899,0.16868,0.47225,0.37388,0.50956,0.33102,0.3781,0.22571,0.093406,0.057535,-8.8734e-05,0.13565,0.013938,0.046139,0.099243,0.12405,0.073362,0.17831,-0.053136,-0.029283,0.092629,-0.029199,-0.090426,0.012453,0.029689,0.20327,0.054538,0.038005,0.025258,0.14803,0.13945,0.16416,0.071346,0.032576,0.033548,0.013273,0.070713,0.0017312,-0.10779,0.04889,-0.065545,-0.17524,0.12857,0.14694,-0.030999,0.014103,-0.011994,0.16861,-0.027311,-0.056693,0.27306,0.30915,0.32106,0.25758,0.17026,0.34033,0.27972,0.25039,0.43161,0.064243,0.0035056,0.057332,0.017628,-0.0056865,0.039245,-0.0040689,0.22478,0.17857,0.099538,-0.047288,0.066271,0.067792,0.24673,-0.041301,0.037465,1,0.44543,0.18678,0.15507,0.047564,0.23189,-0.0051453,0.062455,0.050559,0.024635,0.013493,0.20524,0.27275,0.07082,0.20771,0.18457,0.0022956,0.22074,0.287,0.2335,0.063708,0.0089679,0.17445,0.14277,0.04759,-0.025293,0.07856,-0.058064,0.20193,0.18915,0.16261,0.066341,0.31006,0.15647,0.28028,0.2987,0.16946,-0.010787,-0.037162,0.082679,0.044953,0.12415,0.00030782,0.1638,0.25764,0.17383,-0.0096567,0.014494,0.003671,0.35334,0.47135,0.55993,-0.043175,0.030879,0.18442,0.079146,0.048045,0.3421,0.10935,0.27991,0.41033,0.38479,0.3722,0.33478,0.46585,0.51283,0.2434,0.21184,0.24214,0.30932,0.0027489,-0.038926,0.17135,0.14917,0.36739,0.30558,0.23111,0.30916,0.14525,0.11117,0.4081,0.20004,0.18906,0.074729,0.31039,-0.028523,-0.010763,0.088707,0.065876,-0.04197,0.080552,0.16639,0.28389,0.15032,0.22731,0.27124,0.27565,0.2863,0.1407,0.15115,0.029588,0.020847,0.058733,0.15321,0.13859,0.12092,0.17063,0.35729,0.29797,0.51266,0.26472,0.26737,0.19242,0.089761,0.090597,0.27259,0.25249,0.1343,0.21542,0.037209,0.10099,0.18606,0.15589,0.10665,0.13097,0.10328,0.052727,0.12452,0.059473,0.052487,0.16522,0.22862,0.14729,0.074932,0.18716,0.09387,0.20305,0.11447,0.17444,0.13726,-0.012329,0.086979,0.1568,0.014993,0.11851,0.0077564,0.10232,0.064428,0.12246,-0.094828,0.042904,0.22779,0.067051,0.24916,0.074262,0.29785,0.43066,0.25256,0.26551,0.12892,0.22286,0.20689,0.061993,0.40505,0.17642,0.16849,0.071876,0.19281,0.048825,0.043008,0.22769,0.079455,0.16404,0.19709,0.11114,0.20992,0.13148,0.19206,0.068841,0.10719,0.36168,0.34771,0.21647,0.067205,0.27631,0.36601,0.16651,0.2087,0.05168,0.10886,0.10197,0.13132,0.083224,0.045884,0.18965,0.35725,0.21877,-0.0062107,0.2553,0.23464,0.059287,0.056707,0.19482,0.16982,0.0037512,0.075315,0.14089,0.11051,0.19345,0.20682,0.22977,0.19289,0.33353,0.19118,0.27117,0.16328,0.073169,0.10876,0.12408,0.25365,0.084945,0.15155,0.15406,0.17754,0.20009,0.1026,0.034441,0.12268,0.12202,0.3064,0.30816,0.52596,0.23945,-0.068549,0.29292,0.14468,0.21689
0.14691,0.088347,0.12721,0.044362,0.14586,0.12446,0.038146,0.094397,-0.025175,-0.091306,0.017931,0.10861,0.24678,0.076368,0.20171,0.10393,0.086808,0.012502,0.04904,0.24778,0.43965,0.28343,0.30834,0.1663,0.28595,0.26544,0.42965,0.44727,0.21759,0.1516,0.19757,0.29876,-0.037013,-0.10036,0.29488,0.14214,0.35075,0.2527,0.27026,0.33485,0.22701,0.34874,0.1573,0.1641,0.14824,0.23239,0.32628,0.1388,-0.070041,0.093217,0.0072863,0.04187,-0.019746,-0.058242,0.4167,0.18344,0.063224,0.2523,0.29908,0.20434,0.12116,0.20882,0.0050704,0.065232,0.085736,0.1587,0.14448,0.2237,0.17124,0.42493,0.31675,0.45435,0.27763,0.26613,0.22848,0.075078,0.03015,-0.027837,0.085728,-0.04331,0.020832,0.10376,0.080027,0.010524,0.11991,-0.018132,0.005821,0.10982,-0.017044,-0.074181,-0.03795,0.0085212,0.28936,0.18394,0.038622,0.011542,0.15545,0.2266,0.20299,0.11387,0.037331,0.029984,-0.037054,0.054193,-0.009022,-0.08666,0.0054113,-0.089053,-0.14943,0.029873,0.13182,-0.071242,0.055697,0.0065924,0.13091,0.027616,-0.078883,0.2444,0.30112,0.26196,0.19106,0.11039,0.30226,0.21599,0.22056,0.35275,0.070656,0.018233,0.082151,0.023747,-0.00040888,0.031011,0.011237,0.24882,0.16373,0.10318,-0.055566,0.067707,0.049935,0.15153,-0.050097,0.14799,0.44543,1,0.13744,0.16635,0.2177,0.43524,0.053298,0.13004,0.11085,0.043814,0.01085,0.25514,0.3012,0.065322,0.21743,0.32007,0.15902,0.30452,0.19418,0.21724,0.020048,0.0097198,0.22729,0.085957,0.0074955,-0.055779,0.13528,-0.04504,0.18772,0.13769,0.1688,0.090882,0.39933,0.2193,0.2506,0.3428,0.13431,-0.0473,0.0043864,0.010007,0.015156,0.1126,-0.015978,0.16472,0.21207,0.22481,0.0043802,0.045098,0.080893,0.23881,0.31433,0.5691,0.067489,-0.058907,0.1811,0.048162,-0.033758,0.25236,0.062404,0.27052,0.38087,0.33567,0.3232,0.30288,0.46579,0.47142,0.28481,0.18563,0.29131,0.27527,-0.046123,-0.12628,0.17599,0.1313,0.3834,0.28041,0.25634,0.31352,0.15544,0.1038,0.28759,0.31986,0.20934,0.14181,0.43295,-0.024443,-0.012177,0.055003,-0.049049,-0.020097,0.0082644,0.078033,0.33166,0.11306,0.14996,0.21867,0.23178,0.20375,0.017302,0.10925,0.020821,-0.044598,0.088064,0.05129,0.13572,0.12604,0.15927,0.37428,0.25125,0.47049,0.19405,0.23796,0.19314,0.050659,0.02424,0.16797,0.17044,0.06599,0.10155,-0.0029671,0.057631,0.13201,0.13499,0.1248,0.10741,0.1267,0.061057,0.074561,0.019166,0.046226,0.31015,0.34134,0.25033,0.07709,0.1345,0.10174,0.18637,0.17486,0.20292,0.133,-0.067432,0.03439,0.10509,0.031957,0.098255,0.055056,0.13054,-0.0019431,0.090397,-0.034232,0.066318,0.19941,0.049796,0.19697,0.026752,0.25968,0.39282,0.23502,0.21637,0.15364,0.2178,0.15499,0.026526,0.44117,0.10958,0.082691,0.028781,0.15879,0.0081956,0.031205,0.11479,0.12148,0.10048,0.14609,0.055455,0.17718,0.10637,0.18033,0.14454,0.21553,0.33779,0.53834,0.19119,0.09232,0.39114,0.5112,0.24377,0.33441,0.077616,0.088428,0.070225,0.085358,0.057302,0.033751,0.19805,0.46912,0.2243,-0.00084769,0.21923,0.21636,0.024966,0.040923,0.18404,0.11001,-0.047896,0.030349,0.21739,0.069606,0.18772,0.20819,0.19666,0.16338,0.38171,0.18425,0.23746,0.181,0.097404,0.091972,0.040252,0.2255,0.072705,0.13338,0.079074,0.13549,0.18213,0.071973,0.030647,0.13514,0.16072,0.27976,0.22214,0.59978,0.3098,-0.069305,0.33667,0.023457,0.091024
0.082751,-0.0012922,0.10169,0.062648,0.086124,0.073071,0.046556,0.12648,-0.0085134,-0.0085704,0.061178,0.074263,0.16497,0.081036,0.15361,0.059373,0.11206,0.10099,0.0057903,0.14983,0.19572,0.15719,0.16307,0.082638,0.15247,0.1724,0.12974,0.18409,0.13086,0.10216,0.097544,0.1803,0.01561,0.020288,0.19191,0.14237,0.11853,0.17425,0.12828,0.17968,0.13837,0.15769,0.11332,0.16011,0.094526,0.073699,0.15357,0.084455,-0.096976,0.041698,0.072856,-0.043354,-0.03193,-0.044141,0.16427,0.15434,0.13974,0.077944,0.1363,0.10219,0.095591,0.16913,0.12258,0.11512,0.16635,0.1041,0.041345,0.18523,0.13313,0.13475,0.13147,0.17847,0.077699,0.18124,0.052359,0.070061,0.065022,-0.0084363,0.069503,0.041105,0.061522,0.066351,0.14871,0.085966,0.18132,-0.067916,-0.088657,0.0082561,-0.1072,-0.088457,0.036428,0.035233,0.146,0.029454,0.02798,0.012482,0.1501,0.13599,0.12885,0.06756,0.062556,0.027202,0.091937,0.089014,0.0939,-0.042348,0.013016,-0.030688,-0.13722,0.12846,0.088777,-0.069823,0.065927,0.057061,0.17228,-0.048967,-0.055177,0.12871,0.046346,0.11316,0.050561,0.047772,0.1552,0.14677,0.13858,0.16354,0.10332,0.040725,0.015862,0.058901,-0.026698,0.039605,-0.018191,0.095867,0.087756,0.062184,-0.014242,0.095132,0.0064321,0.068434,-0.044797,-0.044764,0.18678,0.13744,1,0.12605,-0.031621,0.068873,-0.04152,0.033607,-0.047405,-0.011052,-0.032687,0.13225,0.12144,0.086395,0.087419,0.099968,-0.01153,0.10271,0.16936,0.13463,0.09445,-0.012166,0.11756,0.073172,0.12636,0.032311,-0.037992,-0.063982,0.12712,0.13161,0.12905,0.17445,0.11664,0.070387,0.13843,0.21614,0.12074,-0.0067621,-0.031112,0.052436,0.013503,0.10312,0.032387,0.072119,0.095015,0.1806,0.049627,0.017762,0.017251,0.10331,0.17024,0.20145,-0.12299,0.016439,0.078199,0.049318,0.077436,0.16096,0.036482,0.10883,0.15929,0.17035,0.14653,0.14901,0.1468,0.17739,0.11736,0.10828,0.071609,0.16866,0.016744,-0.012687,0.090726,0.11714,0.16905,0.18136,0.14018,0.11159,0.020015,0.040895,0.14226,0.023408,0.030153,-0.035669,0.044112,-0.063276,-0.082568,-0.010281,0.068442,-0.063136,-0.03089,0.033387,0.10839,0.058839,0.14948,0.056055,0.046407,0.098051,0.085062,0.045341,0.078276,0.01669,0.042264,0.057936,0.088621,0.12456,0.097883,0.10215,0.06542,0.18249,0.11653,0.092232,0.085336,0.0037745,0.077394,0.17119,0.15828,0.082689,0.085263,0.00749,0.011052,0.041964,0.083319,-0.049002,0.028175,-0.056995,-0.027416,-0.014215,-0.032607,-0.0097118,-0.012651,0.026181,0.018242,-0.046341,0.12097,0.0085004,0.052141,0.010363,0.069778,0.049339,0.060047,0.04023,0.15151,-0.099779,-0.013468,-0.081307,-0.0042512,0.052426,0.077066,-0.094735,-0.021587,0.10541,0.058981,0.067744,-0.015409,0.073388,0.11158,0.098439,0.0279,0.062615,0.026841,0.041125,0.039147,0.18512,0.14422,0.14462,0.040395,0.15837,-0.0021681,0.042947,0.074994,0.033922,0.029153,0.11427,0.044396,0.11746,0.079345,0.14781,0.029646,-0.025083,0.1168,0.028514,0.10915,0.024481,0.066214,0.12307,-0.050003,0.048952,-0.061208,-0.022086,0.073928,0.063495,-0.018375,0.04419,0.088924,0.087514,0.13896,0.036891,0.13671,0.12402,0.031778,-0.01688,0.091814,0.1043,0.051697,-0.016713,-0.070075,-0.05825,0.11171,0.095626,0.13889,0.098622,0.11607,0.11696,0.11142,0.10852,0.030019,0.04078,0.04299,0.056588,0.06405,0.070327,0.11252,0.072,0.047065,0.046755,0.043581,-0.012354,0.059449,0.14049,0.13175,0.17078,0.072729,-0.038903,0.1145,0.1259,0.12244
0.089843,-0.0060857,0.0087446,0.058807,0.084596,0.1524,-0.025586,0.088833,-0.010646,-0.050608,0.059883,0.035167,0.22283,0.057847,0.091263,0.11238,0.056534,0.14374,0.010494,0.26959,0.20681,0.15071,0.23507,0.1241,0.2098,0.1821,0.091907,0.23374,0.096396,0.060484,-0.040939,0.17179,0.1394,0.10516,0.11964,0.013211,0.17402,0.11734,0.14382,0.10944,0.13472,0.16261,0.163,0.088125,0.11944,0.17399,0.11436,0.17337,0.063929,0.21437,0.066795,0.090291,0.058295,0.11966,0.21537,0.1938,0.16657,0.17694,0.078216,0.093821,0.17224,0.11349,0.066582,0.16565,0.21742,0.06876,-0.0088048,0.17476,0.10707,0.16729,0.15573,0.15048,0.1632,0.15005,0.077184,0.078657,0.017013,-0.0028429,0.11976,0.0031561,0.08088,0.12625,0.14767,0.052516,0.12353,0.097533,0.11399,0.057258,-0.053346,-0.024353,0.098568,0.033002,0.10942,-0.032143,0.075389,0.13316,0.05107,0.078278,0.056492,0.022051,0.039741,0.043704,0.10916,0.083684,0.073088,0.0009562,0.081789,0.061593,-0.011781,0.11241,0.13055,0.070881,0.10204,-0.038157,0.18733,0.13615,0.027833,0.074988,0.085805,0.11595,0.14554,0.098945,0.11112,0.086305,0.11329,0.17451,0.041748,0.053179,-0.084959,0.017033,-0.044064,0.043625,0.090479,0.13277,0.075411,0.068173,-0.034854,0.15712,0.087061,0.19893,0.049038,-0.08548,0.15507,0.16635,0.12605,1,0.0058071,0.093696,0.10012,0.12163,0.14116,0.1109,0.10732,0.24215,0.22303,0.16944,0.051691,0.19278,0.08978,0.22393,0.2941,0.23788,0.10634,0.075413,0.1293,0.002569,0.023755,0.094233,0.1617,0.11435,0.21584,0.14734,0.17704,0.26203,0.15921,0.079596,0.15444,0.18357,0.25321,0.094999,0.040504,0.091703,0.033029,0.022074,0.034363,0.040531,0.090494,0.12877,0.12129,0.0066911,0.0056055,0.081496,0.084899,0.17912,0.040312,0.052351,0.089629,0.1436,-0.029446,0.17273,0.035363,0.12262,0.22587,0.20099,0.24982,0.25001,0.13377,0.21352,0.13812,0.088061,0.021873,0.11069,0.019431,0.076187,0.05717,0.073261,0.2724,0.16903,0.15352,0.16553,0.075398,0.14758,0.2194,0.014402,-0.038091,0.16217,0.1864,0.077204,0.071013,0.18567,0.0038709,0.0088556,0.0050491,0.18255,0.036761,0.12964,0.14297,0.074717,0.099716,0.153,0.12336,0.031815,0.055504,0.11296,0.074975,0.11883,0.10807,0.076138,0.11048,0.098247,0.12066,0.22598,0.15939,0.1128,0.052394,0.085097,0.062057,0.11268,0.15971,0.072856,0.12641,0.01005,0.03209,0.15065,0.16737,0.074062,0.20556,0.021056,-0.062022,0.034853,0.05334,0.17097,0.01753,0.03702,0.069116,0.082962,0.1204,0.033521,0.12843,0.11719,0.12192,0.19511,0.10873,0.11147,0.16392,-0.049448,0.13458,0.11525,0.080203,0.081482,0.12672,-0.037809,0.076165,0.16954,0.15594,0.21564,0.0032201,0.090158,0.15166,0.081039,0.16593,0.076424,0.10265,0.12731,-0.027259,0.17406,0.1428,0.099865,0.0020932,0.12118,0.092855,0.024344,0.12098,0.095641,0.078001,0.15008,-0.033613,0.17503,0.018319,0.1818,0.040183,0.081678,0.045772,0.082561,0.13853,0.10177,0.11949,0.10096,0.14018,0.17227,0.017269,0.080152,0.06534,-0.0030139,0.026973,0.0078083,0.10671,0.092183,0.068533,0.019921,0.23834,0.26788,0.13344,0.11357,0.1426,0.076271,0.034537,0.10385,0.10932,0.13761,0.072311,0.15191,0.16257,0.16475,0.1996,0.033642,0.19543,0.078356,0.0034688,0.075681,0.17552,0.18911,0.11275,0.10968,0.077876,0.11256,0.012933,0.14467,0.083686,0.039983,0.016795,0.046151,0.05153,0.14955,0.15688,0.042023,0.14593,0.097141,0.18244
0.064078,0.065535,-0.025176,0.021243,-0.0014872,-0.012396,-0.073735,-0.035118,-0.023859,-0.054068,-0.075239,-0.051061,0.023731,0.06727,0.050326,0.049471,-0.0346,-0.044063,0.10989,0.030725,0.081134,0.05663,0.048616,0.061054,0.073314,0.033272,0.11559,0.058869,0.044842,0.10064,0.022058,0.026662,0.099909,0.068693,0.026181,0.087657,0.18458,0.041385,0.10448,0.078443,0.03462,0.082084,-0.013956,-0.010313,0.0071035,0.16308,0.03741,0.043574,0.18763,0.13353,-0.018988,0.14245,0.10102,0.13426,0.034366,-0.070641,-0.091342,0.079461,0.0038159,-0.014301,-0.0097027,-0.059736,-0.041985,-0.03905,-0.0091251,0.019927,0.054353,-0.01171,0.10014,0.11379,0.058009,0.080003,0.05032,-0.051915,0.088018,-0.065898,0.017296,0.078649,-0.041677,-0.045325,-0.03965,-0.010857,-0.052951,0.051813,-0.12558,0.14392,0.21702,0.09968,0.037562,0.09951,0.15668,-0.059774,-0.0083717,0.19933,0.045809,0.033018,-0.10593,0.095293,-0.015039,0.076763,-0.015023,-0.0030073,-0.11501,-0.090354,-0.057505,0.12392,0.12643,0.10945,0.16814,-0.19505,-0.064417,0.052884,0.04516,0.040735,-0.064792,0.11593,0.065813,-0.025876,0.12577,-0.02109,-0.01358,0.096811,0.0037517,-0.038237,-0.052987,0.035774,-0.065758,0.0061371,0.066383,-0.080935,0.044305,0.024362,0.1073,0.03494,0.027352,0.058217,0.029211,0.067293,0.036339,0.01642,0.10222,0.17251,0.047564,0.2177,-0.031621,0.0058071,1,0.19642,0.20146,0.24862,0.20868,0.11575,0.16854,0.096468,0.075553,0.018631,0.16831,0.18667,0.20804,0.18254,0.033172,0.041314,-0.0019395,0.16288,0.10476,-0.067491,-0.1445,-0.00036154,0.25271,0.1775,0.081705,-0.035818,0.04398,0.018223,0.15119,0.20008,0.080094,0.035396,0.010758,0.14861,0.11069,0.011575,0.0038391,-0.080077,-0.040094,0.0055563,0.031397,-0.070208,0.0080789,-0.052562,0.072834,0.015295,-0.086007,0.060704,0.3468,-0.01522,0.0046954,0.048878,-0.064326,0.030018,0.022011,0.1037,0.084552,0.036693,0.077246,0.05761,0.11714,0.072894,0.1875,-0.011463,0.11295,-0.00050937,0.080305,0.084195,0.070686,-0.011114,0.089533,0.014059,0.10678,0.10289,0.14719,0.034439,0.042281,0.19784,0.11374,0.11954,0.19535,0.11604,0.16875,0.13876,-0.044637,0.13648,0.044709,0.079742,0.032161,0.032864,-0.024554,0.034881,0.15616,-0.015277,0.026938,0.060843,-0.033594,-0.059819,-0.016427,0.011851,0.064205,-0.021679,0.10355,0.10997,0.077274,0.09088,-0.0085497,0.058363,-0.043705,0.074674,-0.01662,-0.098845,0.019792,-0.022211,-0.0086834,0.094709,0.011334,0.11079,0.061382,0.1457,0.093083,0.17729,0.060475,0.017189,0.13371,0.11722,0.22566,0.18839,0.14916,0.078848,-0.059646,0.042024,0.054408,0.16019,0.034189,0.071957,-0.10239,0.075927,-0.027211,0.17487,0.13206,0.14638,0.09779,-0.12315,-0.029628,0.085359,0.060367,0.061942,0.022308,0.019196,0.025618,0.01861,0.014725,-0.036875,0.14402,0.064803,0.14397,0.10326,0.010151,-0.012726,-0.050868,-0.15433,0.014841,-0.10981,-0.04224,-0.026858,-0.027511,-0.0064,0.018063,-0.056746,-0.0042411,-0.01151,-0.04478,-0.019096,0.074181,0.13913,-0.051379,0.22447,-0.074838,0.035031,0.12355,0.18386,0.22673,0.21942,0.17174,0.091835,0.063475,-0.0041265,0.11057,-0.03678,0.15978,0.14142,-0.0016838,-0.06665,0.049919,-0.0025394,0.07456,0.15382,0.041996,-0.063385,-0.075136,0.11074,0.24134,0.13419,0.027681,0.038031,-0.020751,-0.0071304,0.109,0.082441,0.1025,0.040929,0.035346,0.10648,0.08316,0.058098,-0.065669,0.010916,-0.032211,0.066763,0.081822,0.016043,0.078338,0.062359,0.11585,-0.02889,-0.055025,0.068774,0.21117,0.096833,-0.0011757,-0.039375,-0.0053391
0.09504,0.044832,-0.0026529,0.012047,0.079572,0.056153,0.020242,0.044427,0.01842,-0.071514,0.016519,0.059216,0.14998,0.017937,0.14083,0.06261,0.051768,0.10893,0.072184,0.20491,0.24524,0.13371,0.21047,0.13127,0.18218,0.16647,0.28097,0.30595,0.17663,0.034893,0.33276,0.15403,0.0073483,0.020771,0.12174,0.013053,0.22683,0.11765,0.16911,0.2336,0.19453,0.21008,0.10035,0.25852,0.30002,0.27183,0.35204,0.16383,0.021951,0.1038,0.092168,0.053869,-0.0075158,0.058151,0.25848,0.097177,0.066813,0.1608,0.19141,0.10439,0.089284,0.11938,0.062913,0.072628,0.048278,0.085548,0.0046254,0.10372,0.043346,0.28795,0.20706,0.32392,0.17798,0.11868,0.18219,0.11003,0.048277,0.038491,0.10421,-0.055507,0.011992,0.13013,0.08775,0.010631,0.077911,0.10696,0.11102,0.21893,0.069189,0.086367,-0.0097969,0.12286,0.30887,0.37348,0.096263,0.005822,0.092493,0.18501,0.066992,0.16537,0.020878,0.036492,0.061302,0.033123,0.18522,0.13918,-0.004011,-0.034804,0.042967,0.052591,0.12505,0.040734,0.076076,-0.040114,0.045459,0.092191,0.032872,0.14524,0.21841,0.16607,0.096603,0.084245,0.20652,0.14146,0.15438,0.18979,0.073672,0.018017,0.1257,0.059475,0.026061,0.02978,0.012636,0.15423,0.081481,0.043135,-0.043026,0.09095,0.0078866,0.11658,-0.023142,0.11902,0.23189,0.43524,0.068873,0.093696,0.19642,1,0.28016,0.14535,0.11968,0.041817,0.044723,0.16185,0.22513,0.049404,0.1345,0.39627,0.24237,0.2042,0.16783,0.1689,0.018937,0.038077,0.14395,0.093522,0.02959,0.06867,0.20755,0.037795,0.094259,0.084853,0.10249,0.022233,0.2503,0.1087,0.11539,0.17453,0.11767,0.11666,0.071236,0.0364,0.0031233,0.071635,-0.038073,0.10633,0.15471,0.19577,0.10386,0.034966,0.098153,0.16075,0.14687,0.31452,0.178,-0.0027882,0.069035,0.10967,0.01559,0.17712,0.018872,0.16146,0.24084,0.21587,0.23586,0.20628,0.31949,0.31584,0.201,0.11202,0.29379,0.13186,-0.014114,-0.0060271,0.035881,-0.011425,0.25214,0.14543,0.16487,0.22609,0.16587,0.0094657,0.18117,0.33865,0.21831,0.16677,0.41934,-0.026336,-0.025834,0.0084551,0.013894,-0.07629,-0.023361,0.031723,0.21992,0.092511,0.078975,0.11831,0.17673,0.14103,0.0077518,0.1568,0.1145,0.011493,0.024635,0.036687,0.045684,0.044466,0.059531,0.26488,0.19512,0.32006,0.14746,0.14653,0.19174,0.1008,0.033378,0.14752,0.16648,0.044762,0.11142,0.075856,0.10197,0.043871,0.0011768,0.10499,0.060903,0.14677,0.05619,0.021117,-0.071858,0.078476,0.33226,0.33515,0.2546,0.085058,0.12156,0.11088,0.060762,0.17231,0.15181,0.14248,0.060449,0.071262,0.21909,0.13586,0.09581,0.082511,0.12568,0.03147,0.056359,-3.7563e-05,0.04122,0.1138,0.020106,0.048858,0.0082043,0.27489,0.29732,0.13944,0.1915,0.13365,0.11747,0.13726,0.0045026,0.22543,0.18026,0.04881,0.00066318,0.12758,0.017235,0.095781,0.084072,0.10433,0.10445,0.066377,-0.0021219,0.089046,0.0356,0.11702,0.098776,0.14107,0.15741,0.35778,0.093393,0.02853,0.29699,0.43723,0.22529,0.23477,0.019673,0.022489,0.075529,0.091861,0.0090867,-0.012064,0.097269,0.33927,0.18131,0.0069034,0.18067,0.16596,0.036983,0.024646,0.087818,0.11707,0.049837,0.10566,0.23761,0.0010961,0.06574,0.15713,0.13006,0.071367,0.24079,0.04534,0.14883,0.068829,0.079129,0.099979,0.025724,0.18426,0.0089979,0.044007,0.036592,0.073733,0.1644,0.14899,0.029576,0.10784,0.10101,0.14619,0.12242,0.30593,0.18792,-0.06229,0.21466,0.092757,0.10885
0.051327,0.0022246,-0.05221,0.050386,-0.016865,0.099178,-0.015225,0.075534,0.032285,-0.053581,0.0021613,0.0077361,0.081441,0.045277,0.019827,0.10302,0.084187,0.40039,0.095161,0.17338,-0.018141,-0.024704,0.081928,0.06644,0.035705,0.029548,-0.029901,0.089525,0.0030956,-0.074531,-0.053121,-0.035468,0.30539,0.39465,-0.095082,-0.10049,0.058385,-0.10085,-0.01799,-0.058986,0.098905,-0.002256,0.11748,0.15636,0.19045,0.25967,0.147,0.18516,0.40098,0.29399,0.31658,0.27167,0.23692,0.48387,-0.010063,0.018295,0.075649,0.073556,-0.047019,-0.046383,0.088657,-0.036844,0.1044,0.028651,0.10799,0.014179,-0.12844,-0.044841,-0.093567,0.038799,0.11534,0.051838,0.11583,-0.078895,0.027347,0.02043,0.024887,0.078607,0.081092,0.046024,0.26873,0.30386,0.2227,0.050715,-0.023885,0.58783,0.50886,0.39089,0.35986,0.4379,0.37389,0.41114,0.10493,0.19753,0.36414,0.4057,-0.07271,0.05158,-0.076181,0.24641,-0.038803,0.19782,0.1581,0.06899,0.27284,0.55254,0.2505,0.35452,0.51461,0.14493,0.087692,0.27949,0.26362,-0.064296,-0.060449,0.36101,0.41509,-0.037409,0.086864,0.0071567,0.033465,0.13689,-0.00024066,-0.079484,0.002684,0.027509,-0.083421,0.055199,0.00057636,0.13486,0.092172,0.033788,0.098395,0.040563,-0.029044,-0.040394,-0.038503,0.18045,0.10137,0.094056,0.07278,-0.047661,-0.0051453,0.053298,-0.04152,0.10012,0.20146,0.28016,1,0.28545,0.43385,0.42026,0.36566,0.12185,0.13532,0.079599,-0.045547,0.38576,0.29757,0.11764,0.19142,0.05381,0.21614,0.32509,0.0068944,-0.027121,-0.023508,0.54896,0.55359,0.50991,0.08222,-0.0002539,0.017827,-0.004251,-0.0046169,0.029779,-0.046627,-0.040832,0.073771,0.51892,0.28919,0.03072,-0.049242,-0.074269,-0.068597,0.023409,0.0079083,0.037314,0.42753,0.20915,0.050176,0.11127,-0.03278,-0.0021125,0.37075,0.39137,0.0399,0.18136,0.028799,0.06484,0.030132,-0.011154,0.05109,0.030271,0.11298,0.11221,0.0050842,0.089863,-0.013794,-0.064407,-0.073645,-0.11666,0.20366,0.3998,-0.095589,-0.16029,0.086035,-0.038886,0.041102,0.040651,0.10708,-0.0013854,0.15856,0.097198,-0.095084,0.26671,0.20673,0.19387,0.28476,0.21481,0.20386,0.065653,0.10974,0.29231,-0.023532,0.10173,0.065785,-0.048161,0.046534,0.031003,0.052888,-0.008171,0.01991,0.057998,-0.091096,0.04077,-9.0446e-05,-0.14598,0.032892,0.012504,0.10333,0.087605,0.065929,0.013108,-0.047553,0.17761,0.061533,0.022141,0.048471,0.1569,0.22146,0.089757,0.081876,0.14926,-0.01124,0.25725,0.24512,0.20204,0.0099537,0.034758,0.049742,0.28724,0.01521,0.023134,0.049138,0.09054,-0.072756,-0.0021356,-0.11259,0.092691,-0.011684,0.23583,0.16526,0.19025,0.18741,0.23124,0.22548,0.32273,0.23347,0.12508,0.11717,0.18135,0.10185,0.088184,-0.011072,0.0043313,0.027679,0.055388,0.018994,-0.021068,0.1672,0.072773,0.08131,0.067177,-0.10589,-0.06202,0.07711,-0.052899,0.0051759,0.083833,0.14497,0.019267,0.020707,0.038823,0.023699,-0.053554,-0.12443,0.11708,-0.028868,0.080553,0.027171,0.023283,-0.037991,-0.0069464,0.00026742,-0.016411,0.05418,0.064033,0.34604,0.10863,0.13118,0.11032,0.1408,0.0035917,-0.0080779,-0.05353,0.040674,-0.032031,-0.0052706,-0.058865,0.12984,0.067065,0.19522,0.21836,-0.013558,0.053089,0.032999,0.36976,0.31606,0.2032,-0.074247,0.059132,0.018835,0.048834,0.04243,-0.076379,0.066245,-0.079286,-0.025266,0.27278,0.26431,0.12926,0.063623,0.035938,0.020859,0.045696,0.0037232,0.18996,0.21807,0.062222,0.028962,-0.030272,-0.057948,-0.055172,0.14034,0.15078,-0.023923,0.089053,0.20757
0.12522,0.043438,0.12944,0.15052,0.060076,0.081877,0.021299,0.043631,-0.015742,-0.051782,0.036185,-0.010864,0.16593,0.060737,0.080397,0.11695,0.034587,0.05192,0.13561,0.099269,0.11452,0.026812,0.066968,0.033176,0.085649,0.045327,0.052192,0.1003,-0.020681,-0.0022592,-0.091328,0.029609,0.17522,0.091601,0.021742,0.012739,0.13228,-0.014669,0.028146,0.057328,0.049855,0.073643,0.062429,-0.084636,0.15703,0.18587,0.062212,0.0093356,0.27213,0.28833,0.10504,0.28533,0.15022,0.28203,0.097838,0.027009,-0.052913,0.16005,-0.0064865,0.006432,0.06215,-0.034803,-0.11578,-0.018056,0.021324,0.031288,0.05141,0.029881,0.0013321,0.097013,0.11221,0.068833,0.11474,0.026232,0.051454,-0.0012223,0.0069042,-0.0028394,-0.0018727,0.10678,0.081935,0.0077904,0.14572,0.12767,0.023151,0.20897,0.28764,0.42369,0.099056,0.26186,0.3375,-0.033819,-0.085427,0.18387,0.16865,0.10328,-0.17937,-0.051537,-0.094501,0.011787,-0.16424,-0.06453,-0.14039,-0.16016,-0.060648,0.21391,0.32571,0.14839,0.2254,-0.075718,0.091212,0.18251,0.22399,-0.14751,-0.046783,0.10264,0.13435,-0.001277,0.03904,0.048624,0.083724,0.093522,0.047046,0.015518,0.021466,0.070341,-0.14482,-0.055176,0.012822,-0.1546,0.042978,-0.03281,0.027434,0.10611,0.083291,-0.0084558,0.051995,0.10041,0.13305,0.082837,0.15344,0.038892,0.062455,0.13004,0.033607,0.12163,0.24862,0.14535,0.28545,1,0.49326,0.12781,0.29112,0.16095,0.15047,0.010943,0.077166,0.14734,0.1615,0.17942,0.089217,0.020582,-0.066939,0.09247,0.0096308,-0.10458,-0.2137,-0.013336,0.44303,0.27024,0.10343,0.025512,0.070655,0.046191,0.12734,0.14564,0.040108,0.010548,0.072877,0.23888,0.061965,0.023023,0.06421,0.0088622,-0.053419,-0.027313,0.036166,-0.091017,0.0038505,-0.099343,0.097788,0.049805,-0.023098,0.073835,0.33509,0.089232,0.052576,0.081272,-0.036422,0.027064,0.048244,0.035024,0.070998,0.0089838,0.087009,0.11601,0.086009,0.11691,0.06781,-0.017959,0.12672,-0.025758,0.15249,0.21509,0.0060308,-0.098238,0.13858,0.028074,0.085701,0.058748,0.041979,0.048257,0.13718,0.12254,0.10559,0.15458,0.23216,0.13045,0.3473,0.29868,0.071494,0.26942,0.14004,0.34146,0.025662,0.047483,0.0087616,0.086598,0.10106,0.04334,0.061519,-0.00057423,-0.080081,-0.049422,-0.11365,0.11664,0.042726,-0.049902,0.026592,0.083145,0.12879,0.10895,0.11494,0.097152,0.012678,0.070417,0.020243,-0.0038017,0.06497,0.19661,0.23742,0.065935,0.12801,0.28995,0.18441,0.33453,0.26068,0.38951,0.16504,0.1953,0.24586,0.17341,0.14967,0.2246,0.20503,0.13319,-0.030261,0.039741,-0.01334,0.17435,-0.0018334,0.10637,-0.082139,0.097016,0.06338,0.24436,0.36027,0.18205,0.2287,0.01817,0.075651,0.080995,0.21051,0.045968,0.015785,0.10321,0.0077136,-0.049509,0.028655,0.018101,0.1634,0.052521,0.07582,0.065249,-0.056643,0.059987,-0.036401,-0.074508,0.028592,0.021599,0.1205,0.012549,0.031466,0.052423,0.037958,-0.012339,0.02844,0.16252,0.079603,0.1088,0.096575,0.13927,-0.0085302,0.12557,0.081955,0.087393,0.17529,0.1475,0.33354,0.38742,0.345,0.099991,0.15165,0.043474,0.040918,-0.090123,0.056126,0.1378,0.016478,-0.11484,0.11005,0.029726,0.056234,0.092835,-0.043254,-0.0013949,-0.10153,0.16892,0.37793,0.32188,0.0037329,0.079402,0.062553,0.1405,0.11844,0.041226,0.089554,0.004432,-0.021482,0.2969,0.23907,0.07825,0.11995,0.081314,0.064243,0.067589,0.013964,0.10305,0.12286,0.068394,0.20071,0.036708,-0.016299,0.059921,0.36648,0.12457,0.04318,0.11682,0.14255
0.11545,0.020482,0.08389,0.14131,0.00571,0.10498,0.007238,0.03314,-0.030727,-0.079929,-0.013042,-0.060333,0.11522,0.028092,0.047665,0.12943,0.027065,0.10043,0.15749,0.14,0.085433,0.013383,0.072514,0.049815,0.06535,0.031445,0.035652,0.10856,-0.082906,-0.054159,-0.2054,0.01514,0.21067,0.10021,-0.0049547,-0.030623,0.09717,-0.052542,-0.0019232,-0.0038974,0.067553,0.08538,0.024855,-0.1792,0.064662,0.19241,0.020515,0.0093995,0.39646,0.37215,0.12296,0.36003,0.22852,0.41938,0.079785,-0.059802,-0.1376,0.1512,-0.066531,-0.024912,0.012784,-0.081681,-0.21431,-0.10827,-0.0084446,-0.021911,0.010853,-0.011088,-0.028758,0.095224,0.11671,0.052682,0.15285,-0.059132,0.031488,-0.06726,-0.00036433,-0.026055,-0.050646,0.094889,0.12886,0.10222,0.18793,0.1319,0.014626,0.38178,0.42799,0.43988,0.26674,0.4025,0.47578,0.063059,-0.18455,0.092614,0.30203,0.30205,-0.24572,-0.067604,-0.094324,0.066069,-0.18328,0.044167,-0.20893,-0.13566,-0.15264,0.3004,0.40046,0.30687,0.35065,-0.090717,0.041715,0.2324,0.24757,-0.18105,-0.12059,0.23969,0.24153,-0.065197,0.086537,0.008185,0.053097,0.084181,-0.015414,-0.059123,0.00046616,0.022944,-0.26002,-0.078448,-0.0422,-0.1447,0.025034,-0.044974,0.037417,0.089733,0.03895,-0.053457,0.065838,0.14842,0.15222,0.13937,0.14511,0.0038738,0.050559,0.11085,-0.047405,0.14116,0.20868,0.11968,0.43385,0.49326,1,0.31274,0.49618,0.19884,0.15789,0.011725,0.02693,0.20692,0.23352,0.20861,0.082721,0.0014643,-0.037949,0.20091,-0.0061288,-0.14159,-0.30303,0.071777,0.61237,0.45947,0.094101,0.012167,0.02754,0.055164,0.13521,0.15718,0.023348,-0.014409,0.091593,0.30748,0.11025,-0.0087039,0.0088039,0.027001,-0.084418,-0.056571,0.030146,-0.17795,0.023713,0.04381,0.00057536,0.062733,-0.093523,0.040021,0.44116,0.24653,-0.0054236,0.07354,-0.075043,0.043752,0.01334,0.012032,0.036757,-0.015934,0.11993,0.12749,0.085021,0.11969,0.004045,-0.03742,0.086265,-0.098988,0.17707,0.25918,-0.015091,-0.1496,0.1494,-0.017035,0.07319,0.062908,0.065352,0.053692,0.15345,0.12252,0.052335,0.19719,0.26211,0.18757,0.47002,0.38897,0.096596,0.31877,0.1957,0.45557,-0.012852,-0.011057,-0.041139,0.024886,0.13896,0.029269,-0.030691,-0.029888,-0.16446,-0.11808,-0.18318,0.050646,0.040989,-0.1576,0.041873,0.088094,0.12681,0.095082,0.10392,0.057122,-0.041981,0.092711,-0.018036,-0.087591,-0.042161,0.18255,0.23232,0.084818,0.10477,0.33661,0.16479,0.42048,0.33849,0.40265,0.22046,0.2394,0.31512,0.29813,0.13696,0.20127,0.18726,0.2281,-0.093299,0.0776,-0.0085818,0.22669,0.00080494,0.19133,-0.14646,0.15052,0.008055,0.28951,0.43179,0.28902,0.32188,-0.01294,0.1114,0.18473,0.23639,0.039546,-0.041421,0.15356,0.057409,-0.061003,0.01855,0.0039907,0.18823,0.050676,0.1025,0.046963,-0.12936,0.047482,-0.085952,-0.1633,0.038355,-0.015852,0.13854,0.011499,0.02634,0.048647,0.015107,-0.079719,0.014433,0.18236,0.049481,0.071119,0.10884,0.12405,-0.031182,0.16047,0.064167,0.053568,0.16136,0.12168,0.41571,0.39396,0.42176,0.21528,0.21561,0.044725,0.017789,-0.11331,0.055545,0.13138,-0.03757,-0.19031,0.095781,0.0057843,0.11566,0.20237,-0.083847,-0.055881,-0.15578,0.29532,0.48074,0.43549,-0.038284,0.061806,0.042,0.11361,0.12453,0.0084864,0.082462,-0.047243,-0.038717,0.34599,0.3024,0.10758,0.13667,0.088552,0.09187,0.045522,0.018508,0.12947,0.12127,0.16438,0.14699,-0.025888,-0.076868,0.016377,0.36667,0.20415,0.019279,0.071486,0.13977
0.043348,-0.010383,-0.011216,0.11204,-0.054935,0.11916,-0.026302,0.071018,0.017424,-0.042886,-0.0098629,-0.0052084,0.1015,0.11793,0.095938,0.1316,0.099976,0.43044,0.15823,0.2239,0.015917,0.069051,0.13836,0.14296,0.1312,0.14512,-0.010795,0.1023,0.14578,0.15516,-0.097919,0.077708,0.36722,0.37845,0.042,0.045434,0.12689,0.058512,0.07324,-0.026179,0.11962,0.088577,0.10785,0.069229,-0.097279,0.20266,0.035326,0.28754,0.38678,0.35589,0.18312,0.21682,0.30476,0.42264,0.0073155,0.0037578,0.024617,0.066971,-0.068766,-0.055864,0.066764,0.049282,0.057556,0.050145,0.23717,0.052609,0.0049608,0.079216,0.17924,0.069916,0.12782,0.065264,0.11476,-0.072991,0.10208,0.028922,0.13101,0.055629,0.055295,-0.047327,0.12555,0.37338,0.20875,0.09841,0.021084,0.59332,0.43503,-0.069012,0.39664,0.22761,0.41979,0.37768,-0.042429,-0.16374,0.25063,0.60215,0.16216,0.2284,0.30422,0.39927,0.25176,0.53568,0.14134,0.31031,-0.019975,0.25579,0.23962,0.4273,0.26132,0.11606,0.020075,0.21605,0.061483,0.22477,0.1171,0.6514,0.3511,-0.046053,0.11544,0.023485,0.018926,0.18481,-0.037722,-0.067717,0.0078205,0.027346,-0.060198,0.07317,-0.0094788,0.12677,0.084534,0.052073,0.11073,0.07883,0.07778,0.15629,0.00070847,0.22009,0.16136,0.16014,0.13012,-0.071387,0.024635,0.043814,-0.011052,0.1109,0.11575,0.041817,0.42026,0.12781,0.31274,1,0.43638,0.17526,0.25249,0.28333,0.032998,0.34468,0.2887,0.2072,0.25995,0.22369,0.50102,0.67363,0.29795,-0.041698,0.04417,0.55508,0.46801,0.64827,0.18974,0.063965,0.055844,-0.0047485,-0.011727,0.11768,0.1132,0.089278,0.10781,0.36519,0.35148,0.10119,-0.037986,-0.014832,-0.058404,0.044207,0.044433,0.005618,0.4491,0.50675,0.035279,0.077077,-0.029201,0.047085,0.30018,0.4225,0.052491,0.12234,-0.051765,0.11901,0.030224,0.098277,0.095112,0.089379,0.16792,0.16304,0.010478,0.11009,0.14558,0.10994,-0.12416,-0.024529,0.17877,0.33161,0.028831,0.081105,0.12788,0.091296,0.093209,0.067517,0.11937,0.11963,0.23079,0.053979,-0.14822,0.19769,0.1629,0.24399,0.29258,0.26206,0.085589,0.099795,0.15403,0.22804,-0.052246,0.10521,0.045909,-0.078723,0.079845,0.026441,0.05163,0.058706,-0.031268,0.023795,0.093136,0.061035,0.14666,0.0074,0.3296,0.06858,0.13279,0.07858,0.079974,0.067352,-0.03701,0.15145,0.079222,-0.029772,-0.016856,0.057314,0.061684,0.21753,-0.081558,0.16646,0.10543,0.14778,0.20698,-0.067985,0.024559,0.011202,0.21612,0.46727,-0.06592,-0.082561,-0.015276,0.24204,0.037748,0.12591,0.17212,0.19253,0.1253,0.47387,0.032786,0.42098,-0.019507,0.059239,0.1011,0.36033,0.18299,0.095116,0.16196,0.23327,-0.020155,0.28865,0.12805,0.27674,0.2794,0.023037,0.01746,-0.013912,0.21228,0.09083,0.1151,0.067344,-0.10016,-0.039684,0.049368,-0.097603,0.0075119,0.020166,0.044021,0.0029944,0.025443,0.045452,0.049914,0.13829,-0.11283,0.12178,-0.036551,0.11271,0.099788,0.035416,-0.035595,0.034181,-0.01834,0.023692,0.016879,-0.033803,0.2897,0.16185,0.12303,0.4167,0.16427,-0.040652,0.073815,0.053568,0.24449,-0.041046,-0.016193,-0.046253,0.1947,0.15605,0.43786,0.56846,0.19173,0.019796,-0.017802,0.47453,0.24599,0.32792,0.044526,0.1248,0.0086663,0.051735,0.10964,0.055814,0.19107,0.018667,0.015139,0.17817,0.25201,0.14715,0.072548,0.092881,0.038505,0.11417,-0.0094522,0.15811,0.2626,0.32632,-0.01887,-0.033698,-0.04737,-0.010467,0.13871,0.21016,-0.045171,0.018652,0.13945
0.08175,-0.0069958,0.010043,0.095438,0.001036,0.097182,-0.033191,0.089912,-0.007784,-0.047664,0.013058,-0.032538,0.12389,0.091602,0.052454,0.13519,0.05349,0.27128,0.14935,0.19046,0.048146,0.050791,0.12421,0.12232,0.1129,0.10851,-0.010272,0.095253,-0.0031869,-0.024458,-0.17115,0.050765,0.26598,0.24959,-0.0014806,0.0044931,0.10886,-0.0088684,0.039345,-0.0068794,0.109,0.072408,0.052023,-0.040969,0.018627,0.16723,-0.032263,0.1483,0.33473,0.30551,0.18352,0.25826,0.23959,0.4115,0.063958,0.038188,-0.036816,0.14349,-0.074429,-0.016278,0.11221,0.0056326,-0.013415,0.040083,0.15137,0.015441,0.017098,0.041114,0.084891,0.065423,0.092905,0.039077,0.1207,-0.0074752,0.060895,0.013429,0.048159,0.031398,0.023742,0.046318,0.18114,0.13604,0.20614,0.11194,-0.035783,0.41511,0.3798,0.18902,0.27154,0.38061,0.42519,0.13474,-0.13293,-0.040284,0.20603,0.37003,-0.086193,-0.0063917,0.011413,0.046193,0.012585,0.18152,0.051427,0.035163,-0.014777,0.26966,0.30014,0.42343,0.34593,0.021306,0.022816,0.19666,0.15779,0.038606,0.05641,0.34101,0.33905,-0.047176,0.073387,0.0044572,-0.022766,0.13489,-0.031286,-0.028944,-0.014311,0.036546,-0.087975,0.079498,-0.073364,-0.052357,0.048081,0.035041,0.10913,0.079482,0.081422,0.071141,0.028547,0.18727,0.15295,0.12377,0.13371,-0.077405,0.013493,0.01085,-0.032687,0.10732,0.16854,0.044723,0.36566,0.29112,0.49618,0.43638,1,0.18864,0.1928,0.13748,0.047432,0.19243,0.22319,0.16195,0.15423,0.068692,0.17968,0.3845,0.061592,-0.053714,-0.085386,0.27926,0.44745,0.5042,0.16635,0.024895,0.039037,0.013248,0.066513,0.12835,0.072692,0.012301,0.1075,0.31135,0.19256,0.073536,-0.03036,-0.030969,-0.044262,-0.050963,0.01422,-0.11092,0.20159,0.22388,0.027603,0.070676,-0.11579,0.0059808,0.30363,0.35756,-0.00039866,0.14409,-0.056173,0.098021,0.039985,0.054176,0.069041,0.038611,0.15403,0.14594,0.019262,0.088333,0.039395,0.020659,-0.070337,-0.040815,0.20877,0.31745,0.0022384,-0.063388,0.14129,0.046799,0.1003,0.061602,0.11122,0.098495,0.16343,0.052291,-0.0309,0.1677,0.14023,0.23579,0.3582,0.26101,0.11302,0.16788,0.14623,0.32682,-0.032625,0.07215,0.045346,-0.0022846,0.094636,0.04729,0.09847,0.018377,-0.0076575,0.0018049,-0.046069,0.085039,0.082856,-0.062706,0.092475,0.046931,0.12014,0.080576,0.1153,0.090122,-0.04423,0.13967,0.055152,-0.011038,0.065459,0.090429,0.18506,0.11447,0.019811,0.19324,0.073137,0.25095,0.30273,0.14402,0.13959,0.13011,0.24972,0.31181,-0.020769,0.007013,0.045886,0.1712,-0.010992,-0.003473,-0.002625,0.06102,-0.0089659,0.29134,0.043577,0.2675,0.11638,0.16928,0.22394,0.26335,0.2727,0.1038,0.13104,0.20067,0.05917,0.10629,0.061521,0.14664,0.16333,-0.029032,0.003927,-0.015088,0.20471,0.062637,0.096789,0.07522,-0.10069,-0.015789,0.038274,-0.086667,0.014942,0.021891,0.077494,0.0065231,0.03979,0.040933,0.067624,0.028719,-0.038316,0.15742,0.0059889,0.054404,0.053613,0.018382,-0.06363,0.021161,-0.010463,0.016046,0.036323,-0.0021641,0.2711,0.21045,0.23269,0.24633,0.22571,-0.014961,0.049658,-0.041981,0.11026,0.0049104,-0.045546,-0.097321,0.14018,0.038577,0.26601,0.30325,0.0064809,0.016643,-0.054853,0.35711,0.29337,0.32812,0.024647,0.070924,0.029734,0.04823,0.12151,0.037925,0.12661,-0.0078928,-0.065859,0.26028,0.25595,0.1215,0.07639,0.10596,0.047426,0.078007,0.011055,0.099181,0.20007,0.17443,0.037698,-0.081372,-0.086023,-0.067099,0.18477,0.21361,-0.039842,0.12307,0.20038
0.12988,0.037836,0.053586,0.077743,0.17143,0.17672,0.068191,0.12421,-0.060475,-0.040791,0.05042,0.063297,0.29419,0.10577,0.17944,0.13503,0.083771,0.19199,0.1196,0.32481,0.31609,0.2265,0.31704,0.20121,0.2806,0.23755,0.17257,0.33595,0.15066,0.096359,-0.0040022,0.25301,0.15697,0.082954,0.19767,0.061869,0.23674,0.18015,0.16234,0.23112,0.23095,0.26841,0.18635,0.1482,0.15372,0.22319,0.24255,0.2482,0.041271,0.24379,0.10311,0.11236,0.11325,0.14446,0.30722,0.25462,0.14738,0.20264,0.15987,0.14969,0.24581,0.20554,0.06026,0.17184,0.26986,0.12784,0.061353,0.20264,0.16572,0.2655,0.26991,0.25778,0.26319,0.23061,0.16264,0.13452,0.07384,-0.00070094,0.14297,-0.052676,0.081985,0.17008,0.14795,0.012054,0.19189,0.11403,0.08879,0.11842,-0.026132,0.01677,0.07391,0.046557,0.1427,0.045795,0.12387,0.16854,0.11731,0.17981,0.17071,0.10235,0.12099,0.041865,0.067828,0.072001,0.050216,0.014572,0.094099,0.03713,-0.0035497,0.12366,0.18547,0.055134,0.12285,0.0040212,0.2477,0.13324,-0.0040126,0.10774,0.13422,0.20691,0.14768,0.11346,0.16984,0.19613,0.20325,0.24803,0.054228,0.080568,-0.057124,-0.0084145,-0.062817,0.028126,0.056868,0.20442,0.18477,0.13971,-0.049712,0.10239,0.086604,0.2506,0.080127,-0.090191,0.20524,0.25514,0.13225,0.24215,0.096468,0.16185,0.12185,0.16095,0.19884,0.17526,0.18864,1,0.33778,0.25539,0.15841,0.26668,0.18984,0.31316,0.32735,0.32888,0.099037,0.099244,0.20261,0.071353,0.082506,0.070163,0.22997,0.095822,0.26118,0.14813,0.12775,0.083785,0.26037,0.1828,0.2277,0.2785,0.2053,0.10612,0.024324,0.12295,0.037408,0.11359,-0.045423,0.09884,0.1536,0.18362,0.10714,0.02612,0.092408,0.1524,0.1459,0.24987,0.04009,0.093482,0.10597,0.14263,-0.067527,0.25329,0.12997,0.19386,0.31968,0.26261,0.32318,0.35201,0.21747,0.30712,0.20423,0.19321,0.093182,0.18293,0.043048,0.1022,0.093279,0.12059,0.3722,0.23112,0.23055,0.22907,0.14378,0.2079,0.289,0.10244,0.04795,0.1422,0.26129,0.083684,0.10844,0.18977,0.062106,0.038382,0.037921,0.23275,0.099561,0.16771,0.18329,0.093484,0.19582,0.18996,0.18184,0.11219,0.11257,0.10589,0.097341,0.20517,0.1445,0.084626,0.20462,0.23574,0.23279,0.28546,0.25574,0.20734,0.13549,0.13746,0.12459,0.17376,0.20529,0.15744,0.21225,0.1059,0.067692,0.234,0.22158,0.1649,0.30061,0.085459,0.034014,0.12258,0.13941,0.22527,0.058678,0.12571,0.18116,0.17638,0.20382,0.11859,0.18868,0.19748,0.20355,0.27376,0.10157,0.20447,0.21456,0.030369,0.19594,0.17717,0.18245,0.1508,0.1565,0.017804,0.043498,0.24781,0.18299,0.30039,0.07138,0.10697,0.22964,0.14255,0.24569,0.1376,0.098513,0.14544,-0.041003,0.26177,0.21274,0.10612,0.041821,0.23108,0.079719,0.059973,0.16177,0.15781,0.16105,0.26115,0.040832,0.26189,0.071525,0.2407,0.10147,0.12203,0.13417,0.14251,0.2006,0.10512,0.19175,0.15861,0.22688,0.27514,0.068364,0.18139,0.15088,0.062587,0.055729,0.099283,0.21018,0.17494,0.18959,0.073673,0.26807,0.29826,0.22212,0.20439,0.18989,0.15596,0.061001,0.21589,0.22646,0.24703,0.1249,0.19276,0.22897,0.2173,0.29986,0.17135,0.23487,0.14538,0.011545,0.15007,0.21767,0.24731,0.16929,0.21378,0.1133,0.16284,0.092023,0.1736,0.16018,0.17298,0.13512,0.14541,0.11702,0.21719,0.25135,0.036465,0.1455,0.15085,0.21835
0.16368,0.0065594,0.035214,0.081907,0.13598,0.22183,0.097088,0.15924,-0.043564,-0.049134,0.09658,0.12133,0.32544,0.11384,0.18086,0.20679,0.1237,0.24718,0.12679,0.44876,0.45661,0.33337,0.43146,0.30201,0.42591,0.34561,0.25694,0.42812,0.2806,0.20833,0.023706,0.35093,0.20662,0.14357,0.32,0.20438,0.43293,0.33777,0.32146,0.3609,0.3687,0.40335,0.20268,0.19571,0.19794,0.31536,0.22724,0.32375,0.097174,0.28454,0.14962,0.13536,0.11967,0.18276,0.38186,0.2871,0.15628,0.24962,0.19034,0.16786,0.27965,0.27876,0.065444,0.23377,0.32248,0.21085,0.20138,0.32839,0.31209,0.35087,0.30909,0.3448,0.31621,0.26115,0.24387,0.071549,0.052655,-0.022354,0.15816,-0.044884,0.085407,0.17029,0.14164,0.076555,0.15803,0.14746,0.12254,0.057151,0.0014045,0.026963,0.11912,0.062152,0.16448,-0.0045296,0.089557,0.18429,0.19468,0.26259,0.24227,0.11534,0.1762,0.10528,0.073581,0.089829,0.03799,0.0099948,0.11406,0.077447,-0.036391,0.15147,0.19767,0.034356,0.10118,0.12617,0.29519,0.20557,0.0432,0.16657,0.171,0.23206,0.15166,0.18417,0.16517,0.15748,0.20094,0.30121,0.059227,0.10231,-0.034924,0.010029,-0.010113,0.012502,0.081693,0.2481,0.2729,0.27289,-0.085635,0.17664,0.10236,0.27174,0.028875,-0.077268,0.27275,0.3012,0.12144,0.22303,0.075553,0.22513,0.13532,0.15047,0.15789,0.25249,0.1928,0.33778,1,0.26952,0.32447,0.3349,0.24482,0.39516,0.39983,0.36762,0.17479,0.19746,0.32807,0.094155,0.096709,0.11626,0.26373,0.14247,0.34302,0.18932,0.18411,0.058987,0.39638,0.30165,0.32793,0.40207,0.22261,0.13892,0.054675,0.13282,-0.017596,0.086944,-0.043727,0.076067,0.13535,0.17938,0.15097,0.073864,0.0072596,0.19871,0.17978,0.36228,0.055736,0.10555,0.11482,0.15239,-0.070549,0.34402,0.14548,0.31127,0.42549,0.39186,0.4653,0.43748,0.29877,0.38606,0.33755,0.29245,0.12577,0.27706,0.038109,0.11321,0.19021,0.22487,0.4912,0.35781,0.35541,0.38789,0.26518,0.23379,0.34504,0.18301,0.083514,0.16555,0.33577,0.078781,0.12596,0.18566,0.062115,0.0025512,0.061056,0.27827,0.16639,0.16175,0.22274,0.12541,0.26069,0.22336,0.17463,0.15132,0.071652,0.069585,0.14118,0.18875,0.24593,0.16935,0.35747,0.2761,0.27079,0.38925,0.25508,0.20359,0.1411,0.14485,0.12292,0.20621,0.25143,0.12438,0.22139,0.065175,0.063585,0.2567,0.22123,0.18175,0.2854,0.066969,0.04358,0.12272,0.11237,0.24971,0.094205,0.13935,0.15322,0.1744,0.23219,0.10568,0.23301,0.19657,0.20795,0.30594,0.057336,0.23785,0.22188,0.024477,0.17649,0.18257,0.17308,0.14797,0.18367,0.0083838,0.034232,0.32307,0.18752,0.32611,0.10572,0.16938,0.27039,0.18168,0.29221,0.20153,0.14924,0.15929,-0.058838,0.29803,0.21437,0.083992,0.012842,0.23956,0.069363,0.064128,0.1502,0.14819,0.17583,0.29666,-0.0028069,0.24658,0.052017,0.22695,0.087393,0.14624,0.14388,0.21272,0.16737,0.070087,0.23656,0.22608,0.24026,0.2564,0.084778,0.20097,0.18074,0.046057,0.10125,0.10768,0.32682,0.26291,0.21895,0.027716,0.31439,0.33444,0.25473,0.2564,0.27826,0.17523,0.027781,0.24917,0.25391,0.23747,0.21948,0.25479,0.26124,0.20792,0.41268,0.26316,0.36566,0.19324,0.030565,0.16876,0.21708,0.35228,0.1353,0.25724,0.10221,0.16804,0.10485,0.17599,0.16046,0.16652,0.13419,0.14761,0.13941,0.29313,0.27927,0.049167,0.18701,0.16644,0.26973
0.060561,-0.011752,-0.073243,-0.0085564,0.008902,0.13582,0.030514,0.072406,-0.039705,-0.054102,0.013351,0.0075006,0.24417,0.12148,0.09884,0.10146,0.078441,0.22813,0.063651,0.22881,0.17525,0.18731,0.21178,0.12941,0.20847,0.19399,0.11332,0.21731,0.32023,0.21757,0.050542,0.21012,0.11977,0.17425,0.12811,0.10043,0.21865,0.11742,0.12581,0.1015,0.13699,0.19354,0.12124,0.40163,0.04841,0.2631,0.1599,0.55397,-0.0091057,0.17395,0.004433,-0.029326,0.020056,0.0010148,0.17551,0.25652,0.35172,0.15545,0.065276,0.096679,0.38662,0.22097,0.41741,0.56251,0.59004,0.22665,0.098821,0.27397,0.39565,0.22708,0.14606,0.17279,0.15892,0.20451,0.15912,0.17895,0.11806,0.11301,0.17062,-0.095461,0.036813,0.176,0.034019,-0.064708,0.041574,0.088589,0.088821,-0.16714,-0.054895,-0.028534,-0.027126,0.044152,0.1346,-0.071623,-0.014632,0.11429,0.39189,0.31665,0.43028,0.22355,0.49073,0.21005,0.40121,0.13979,0.12069,-0.078989,0.0092105,0.01645,-0.056049,0.079989,0.061424,0.026356,0.028634,0.35807,0.62132,0.27688,0.042833,0.052216,0.11929,0.070861,0.070766,0.16606,0.04137,0.11358,0.14009,0.18586,0.17771,0.12711,-0.026245,0.056244,-0.025448,0.074786,0.081793,0.14999,0.3347,0.49524,-0.057359,0.11477,0.071693,0.20549,0.084466,-0.11484,0.07082,0.065322,0.086395,0.16944,0.018631,0.049404,0.079599,0.010943,0.011725,0.28333,0.13748,0.25539,0.26952,1,0.15817,0.21088,0.33707,0.30685,0.40271,0.64625,0.38003,0.36019,0.36828,0.19802,0.46508,0.20164,0.091864,0.10355,0.27973,0.070757,0.094421,0.06996,0.12077,0.16303,0.18041,0.24688,0.12727,0.025799,0.23736,0.080776,-0.026688,0.016027,0.00049674,0.10606,0.058981,0.17807,0.11618,0.12522,0.038531,0.073828,-1.6309e-05,0.14957,0.023908,0.023651,0.027986,0.14133,-0.10363,0.17254,0.30114,0.14653,0.22029,0.19472,0.21247,0.27252,0.12828,0.18778,0.26349,0.35765,-0.030881,0.13354,-0.015443,0.11467,0.05343,0.3474,0.32348,0.17152,0.10976,0.17324,0.16799,0.45991,0.18104,-0.0042734,-0.065618,0.19823,0.12828,0.25332,-0.030101,0.050659,-0.01306,-0.096232,-0.11713,0.029768,0.030946,0.25974,0.32868,-0.010557,0.11778,0.20055,0.42155,0.1681,0.39132,0.43369,0.42653,0.32541,0.31264,0.1953,0.33617,0.15625,0.15995,0.18662,0.17587,0.22951,0.13668,0.20954,0.19739,0.20423,0.21142,-0.031219,0.038444,0.16833,-0.11116,-0.0067978,0.026547,0.023091,0.22716,-0.17843,-0.078657,-0.072123,-0.054791,0.15206,0.03009,-0.06083,0.032655,0.031289,0.42003,0.076549,0.35301,0.099029,0.4178,0.32157,0.39381,0.24028,0.22475,-0.089058,-0.038632,0.12055,-0.027564,0.12915,0.12803,0.020223,-0.074042,0.43058,0.59689,0.29927,0.15508,0.121,0.13887,0.098516,0.21229,0.084149,0.11541,0.22401,0.014141,0.10969,0.22966,0.11483,0.056503,0.14732,-0.018007,0.046281,0.10572,0.099149,0.3988,0.6133,-0.038542,0.11151,-0.037175,0.12528,0.10511,0.021901,0.020708,0.025818,0.08292,0.10699,0.018682,0.033892,0.067375,0.045544,-0.13426,0.14558,0.071863,0.033697,0.18693,0.59106,0.38906,0.068545,0.31982,0.57782,0.32149,0.41777,0.37045,0.24447,0.44183,0.22367,0.47012,0.16694,0.037263,0.07223,0.089369,0.16012,0.10956,0.098111,0.19143,0.21861,0.18352,0.22155,0.053105,-0.02341,0.17001,0.25359,0.030326,0.13529,0.0057162,0.12479,0.033172,0.14786,0.12652,0.11642,0.031372,0.040102,0.027314,0.080864,0.027829,0.037658,0.059823,0.099279,0.13259
0.040928,0.066521,0.10144,0.078107,0.033418,0.082069,0.077601,0.0554,-0.0018314,-0.025853,0.031026,0.038374,0.26856,0.25229,0.23785,0.11436,0.077135,0.09815,0.22833,0.34849,0.46555,0.47958,0.44602,0.41571,0.56801,0.32659,0.48126,0.38153,0.36515,0.4474,0.10359,0.46432,0.11599,-0.015031,0.55889,0.58687,0.5411,0.55513,0.58093,0.59557,0.43661,0.42889,0.097571,0.18047,0.14898,0.31799,0.11874,0.22434,0.038864,0.14875,0.095275,0.10225,0.10183,0.0080862,0.34782,0.11789,0.044114,0.19725,0.29086,0.10932,0.1238,0.14842,0.027264,0.1936,0.18781,0.33612,0.60382,0.47177,0.56213,0.46164,0.35931,0.39299,0.3317,0.20991,0.36418,0.058985,0.048656,0.097127,0.042452,-0.01429,-0.034723,-0.088467,0.010481,0.12625,0.049082,-0.064826,0.04631,0.037086,0.040943,0.073693,0.074063,-0.033169,0.00036782,0.057194,0.0035356,-0.068413,0.17359,0.26044,0.28499,0.099496,0.16839,0.021521,-0.065024,-0.03459,-0.021265,0.011416,0.012105,-0.008973,-0.10707,-0.023991,0.039674,-0.074741,0.012782,0.34845,0.23816,0.025933,-0.0054409,0.098418,0.18032,0.20866,0.13461,0.17727,0.18227,0.069214,0.10029,0.22283,0.010807,-0.0011202,0.15133,-0.056807,0.10548,-0.025846,0.028082,0.15115,0.38136,0.45915,0.0036883,0.091726,0.033117,0.25889,0.032505,0.090376,0.20771,0.21743,0.087419,0.051691,0.16831,0.1345,-0.045547,0.077166,0.02693,0.032998,0.047432,0.15841,0.32447,0.15817,1,0.12237,0.2217,0.39444,0.2943,0.37098,0.030364,0.21512,0.55063,0.13154,0.060264,-0.10053,0.1297,-0.054405,0.39752,0.083794,0.21734,0.15173,0.516,0.59971,0.65243,0.55156,0.12047,0.027878,0.089977,0.15137,0.051129,0.044641,-0.038548,0.074437,0.20017,0.01227,-0.093507,-0.054454,0.051217,0.21384,0.11276,0.311,0.10936,-0.052398,0.049888,0.03116,0.069616,0.39428,0.19272,0.47923,0.45725,0.47835,0.49398,0.4076,0.40936,0.32968,0.42239,0.2752,0.24763,0.42938,0.096308,-0.024086,0.47999,0.5256,0.43598,0.44369,0.47489,0.56653,0.49205,0.29818,0.23047,0.34926,0.3347,0.065256,0.27029,-0.054326,0.076551,0.098122,0.068333,0.090475,0.062903,0.10495,0.23714,0.1143,0.18018,0.15451,0.34101,0.15222,0.16663,0.21251,0.031248,0.0081281,0.34062,0.20441,0.45667,0.43701,0.48211,0.32358,0.2648,0.34318,0.14766,0.19724,0.15302,0.13273,0.083889,0.12854,0.16994,0.068235,0.086594,0.091293,0.19277,0.16182,0.046633,0.20084,0.046134,0.17532,0.22605,0.21356,0.13031,0.071798,0.23145,0.2968,0.16016,0.13038,0.092414,0.056331,0.204,0.18019,0.12355,0.067304,-0.14421,0.10428,0.072447,0.21937,0.069059,0.070601,0.17523,0.031148,0.092372,0.032967,0.069849,0.35223,0.15075,0.087027,0.029814,0.181,0.20564,0.11636,0.226,0.088846,0.21042,0.13253,0.039909,0.18371,0.089813,-0.036123,0.021504,-0.019873,-0.048961,-0.022352,0.01049,0.013608,0.16679,0.24016,0.078358,0.071402,0.10062,0.12389,0.10884,0.18039,0.07827,0.28521,0.12469,0.061287,0.21264,0.32002,0.23227,0.25006,0.23902,0.10138,0.15974,0.16901,0.12415,0.077527,0.50059,0.37095,0.27502,-0.0039367,0.28328,0.31995,0.049955,0.072615,0.3798,0.048348,-0.064632,0.095552,0.30598,0.15948,0.3819,0.19745,0.15572,0.0059709,0.53986,0.56421,0.55008,0.41238,0.27137,0.14202,0.038902,0.35496,-0.049549,0.075085,0.034265,0.11532,0.24219,-0.0035471,0.056664,0.11737,0.2019,0.13673,0.16417,0.25823,0.22213,0.045968,0.16188,0.13204,0.13814
0.12427,0.0029501,-0.01967,0.017578,0.064232,0.15401,-0.011636,0.096195,-0.028841,-0.086877,0.033116,0.087005,0.20068,0.042821,0.12501,0.13782,0.077443,0.28752,0.10158,0.29831,0.27598,0.1791,0.26921,0.16658,0.24871,0.22914,0.16636,0.28252,0.23716,0.10947,0.1793,0.20265,0.17996,0.24349,0.15861,0.041567,0.25064,0.17647,0.18915,0.19471,0.24274,0.27218,0.1341,0.29726,0.1691,0.31186,0.37576,0.27437,0.16961,0.25303,0.12438,0.1446,0.11819,0.25063,0.22492,0.17436,0.11847,0.17343,0.092516,0.091452,0.1529,0.18252,0.1067,0.11637,0.20621,0.096629,-0.018313,0.1643,0.12961,0.21608,0.21738,0.25696,0.20175,0.09873,0.16056,0.066391,0.07055,0.055888,0.15748,-0.081128,0.090919,0.23029,0.14204,0.034179,0.089178,0.29405,0.23876,0.10054,0.084023,0.063285,0.19005,0.15084,0.26734,0.19684,0.17374,0.24677,0.13897,0.28648,0.15381,0.24478,0.1235,0.15854,0.096041,0.11597,0.13589,0.17848,0.089818,0.11159,0.075513,0.12767,0.16972,0.11024,0.12986,0.047599,0.14139,0.30077,0.089831,0.08973,0.14751,0.10961,0.099063,0.13432,0.14302,0.092094,0.12017,0.17988,0.0095647,0.071737,0.030401,0.089267,0.021896,0.060794,0.088075,0.16935,0.087199,0.10935,-0.049102,0.15108,0.068337,0.16413,0.04345,-0.017197,0.18457,0.32007,0.099968,0.19278,0.18667,0.39627,0.38576,0.14734,0.20692,0.34468,0.19243,0.26668,0.3349,0.21088,0.12237,1,0.37362,0.32993,0.30948,0.27951,0.20739,0.25489,0.23161,0.02046,0.084044,0.25547,0.36996,0.2762,0.21359,0.11667,0.093615,0.040962,0.20966,0.16346,0.16211,0.23481,0.15275,0.24924,0.1987,0.064561,-0.061857,0.032077,-0.042778,0.083583,0.11669,0.20308,0.26304,0.16852,0.083556,0.15318,0.107,0.26737,0.23431,0.14625,0.10604,0.17109,-0.081018,0.18785,0.037319,0.16246,0.2676,0.23207,0.30954,0.27284,0.23335,0.27188,0.2377,0.15919,0.089049,0.13571,0.072158,0.16357,0.067956,0.042679,0.30386,0.20263,0.23632,0.23097,0.18671,0.11104,0.2589,0.22841,-0.022325,0.23087,0.36253,0.098534,0.090207,0.16514,0.0183,0.014684,0.052856,0.19038,0.13236,0.13623,0.15112,0.031987,0.16628,0.11784,0.083071,0.087969,0.054068,0.057772,0.033503,0.065985,0.07856,0.019789,0.21723,0.1995,0.1857,0.29886,0.1526,0.13388,0.081675,0.13096,0.050241,0.13081,0.13034,0.026259,0.095402,0.070974,-0.017886,0.17562,0.17139,0.10302,0.19277,0.030528,-0.052079,-0.020976,0.026716,0.26699,0.16088,0.15852,0.19551,0.13532,0.11994,0.13545,0.13528,0.21416,0.2234,0.2982,0.089259,0.20623,0.16909,0.026321,0.13117,0.22805,0.1201,0.059603,0.14583,0.070819,0.034588,0.2346,0.11993,0.21501,0.026052,0.1486,0.18327,0.091984,0.23867,0.15128,0.15206,0.14336,-0.077213,0.1828,0.19707,0.031965,0.022948,0.12682,0.069536,0.051215,0.12301,0.10179,0.06584,0.13197,-0.082024,0.186,0.0047895,0.19268,0.10101,0.13,0.089923,0.2318,0.11637,0.05688,0.19856,0.25312,0.26987,0.21166,0.01992,0.17404,0.10553,-0.0097452,0.069969,0.065212,0.20438,0.23284,0.1361,0.016365,0.24939,0.22986,0.25651,0.26229,0.16587,0.11436,0.060263,0.237,0.25249,0.15489,0.061692,0.17711,0.17689,0.12347,0.25793,0.098202,0.22232,0.073546,-0.0055799,0.17947,0.19134,0.22198,0.089525,0.13803,0.081004,0.13371,0.072103,0.18525,0.1662,0.17622,0.062483,0.11231,0.049012,0.25159,0.21478,0.039648,0.1152,0.030956,0.17123
0.048163,0.016536,-0.015002,0.026115,-0.051839,0.09612,-0.032645,0.0016457,0.032483,-0.083285,-0.043376,-0.025921,0.089509,0.044338,0.095239,0.12618,-0.011168,0.16039,0.12514,0.16786,0.31402,0.13654,0.16896,0.13466,0.18139,0.14354,0.18698,0.13585,0.23145,0.20733,0.0018923,0.16183,0.13809,0.13435,0.13464,0.094679,0.27906,0.11893,0.16355,0.14194,0.12398,0.26809,0.0012062,0.24814,0.0087253,0.35108,0.2168,0.29273,0.25175,0.20751,0.03105,0.18693,0.12595,0.20081,0.10337,-0.035489,0.020026,0.13644,0.050615,0.0080264,0.17549,0.10516,0.12809,0.19912,0.15533,0.19174,0.13468,0.13965,0.19451,0.21543,0.21715,0.14306,0.20591,0.018361,0.23415,0.061195,0.053185,0.095641,0.051595,-0.10005,-0.032565,0.067465,-0.00042241,0.0028042,-0.031723,0.27713,0.33688,0.089023,0.16944,0.18784,0.13728,0.060212,0.016088,0.042836,0.097059,0.15716,0.12438,0.20917,0.18182,0.19024,0.20848,0.14566,0.084985,-0.0032174,0.013051,0.18724,0.049275,0.13487,0.1614,-0.091518,0.075632,0.10025,0.085446,0.17559,0.23043,0.31496,0.1327,0.003364,0.16555,0.03869,0.0097277,0.12974,0.041118,0.0024431,0.019655,-0.0037084,-0.054578,0.052982,0.091059,-0.036323,0.10286,0.038838,0.098625,0.10262,0.20619,0.30797,0.026758,0.14712,0.062761,0.13881,0.0957,-0.0097132,0.0022956,0.15902,-0.01153,0.08978,0.20804,0.24237,0.29757,0.1615,0.23352,0.2887,0.22319,0.18984,0.24482,0.33707,0.2217,0.37362,1,0.43953,0.17927,0.30713,0.1236,0.31978,0.26665,0.13555,0.10611,0.14836,0.40783,0.29759,0.17414,0.026746,0.035979,0.030211,0.29098,0.3695,0.15098,0.22216,0.093372,0.20132,0.23396,0.053918,-0.023755,-0.079665,-0.054243,0.065306,0.074428,-0.049591,0.10211,0.089225,0.049972,0.060855,-0.094624,0.18411,0.36293,0.010655,0.0198,0.086169,-0.12278,0.10142,0.18946,0.18577,0.19339,0.14528,0.21338,0.19428,0.19982,0.13414,0.28182,0.16832,-0.033465,0.076362,0.092716,0.17592,0.088146,0.13014,0.21166,0.1206,0.17459,0.24246,0.26873,0.26299,0.09883,0.18237,-0.041751,0.24846,0.24217,0.18724,0.21554,0.20284,-0.0048781,0.12076,0.042461,0.14398,0.10442,0.13345,0.10227,-0.032813,0.18109,0.063257,0.16344,0.14056,0.14065,0.1273,0.1822,0.15761,0.18301,0.10845,0.24917,0.1974,0.17997,0.11893,0.10399,0.17515,0.11505,0.14608,0.010129,-0.013504,0.026787,-0.03638,-0.01191,0.10467,0.0096984,0.12083,0.028284,0.17985,0.20951,0.065763,0.047815,0.045919,0.12731,0.21851,0.12103,0.07462,0.12573,0.15152,0.13678,0.035968,0.19155,0.18739,0.21431,0.2464,0.09835,0.1719,-0.009818,0.13888,0.096016,0.24854,0.14816,-0.023042,0.086406,0.20269,0.04686,0.2352,0.26981,0.084888,0.093262,0.17736,0.080144,0.022214,0.20424,0.03883,0.1555,0.20082,-0.05765,0.020083,0.01372,-0.11971,0.014419,-0.067335,0.0059634,0.017804,0.037368,0.090383,0.21482,0.22848,-0.0727,0.063147,-0.068784,0.10839,0.10914,0.13791,-0.010301,0.1844,0.0042372,0.052058,0.11152,0.11327,0.23878,0.21082,0.1459,0.21289,0.087108,0.037612,0.097696,0.20282,0.27246,0.13889,0.26484,0.1685,0.21349,0.18575,0.23655,0.25332,0.21657,0.088621,0.1562,0.23042,0.30791,0.2341,0.052319,0.15496,0.043284,0.026842,0.27873,0.23502,0.18762,0.1485,0.10095,0.14286,0.15092,0.19511,0.011119,0.04786,-0.016743,0.050005,0.10331,0.066654,0.18303,0.15702,0.05515,-0.063289,-0.087117,0.081871,0.15781,0.12268,0.0029161,-0.039564,0.020854
0.15386,0.038119,0.070161,0.1017,0.071677,0.17247,0.034136,0.099548,-0.017125,-0.069935,0.0014105,0.030547,0.26458,0.17342,0.17688,0.17537,0.089167,0.10659,0.15645,0.43706,0.56062,0.40147,0.44721,0.28114,0.44678,0.32004,0.388,0.40713,0.36186,0.33763,0.046941,0.43173,0.13125,0.027469,0.40179,0.29074,0.4939,0.38934,0.3975,0.38877,0.2975,0.49578,0.13266,0.22481,0.112,0.43421,0.26815,0.31048,0.11962,0.29218,0.045714,0.18772,0.09227,0.1123,0.35276,0.1536,0.10686,0.26282,0.19203,0.11803,0.16944,0.22775,0.073329,0.20938,0.22597,0.20722,0.26542,0.39816,0.3797,0.42159,0.32863,0.3833,0.29463,0.16407,0.30805,0.081468,0.055407,0.088818,0.10103,-0.059738,-0.027623,0.087191,0.091819,0.091495,0.11757,0.10832,0.2001,0.067265,0.039221,0.057765,0.11202,-0.012929,0.04948,0.013397,0.086731,0.098279,0.16399,0.30326,0.29255,0.18859,0.20442,0.097713,-0.0063662,0.0043424,-0.032627,0.043666,0.083989,-0.00030979,-0.046733,-0.014833,0.14274,0.025425,0.10949,0.14067,0.29115,0.23024,-0.023638,0.13329,0.22367,0.15508,0.15759,0.18391,0.18922,0.076778,0.12412,0.18329,0.010277,0.058934,0.096839,-0.033309,0.068817,0.0097565,0.077441,0.18834,0.27957,0.3271,0.0182,0.1699,0.073987,0.35213,0.09693,0.0053747,0.22074,0.30452,0.10271,0.22393,0.18254,0.2042,0.11764,0.17942,0.20861,0.2072,0.16195,0.31316,0.39516,0.30685,0.39444,0.32993,0.43953,1,0.39334,0.51172,0.10434,0.21061,0.46486,0.098247,0.063628,0.021014,0.35178,0.13639,0.38039,0.18012,0.19381,0.12685,0.52424,0.44136,0.41724,0.50801,0.21741,0.080665,0.15487,0.093031,0.028371,0.043932,-0.018672,0.08115,0.19561,0.10238,0.041622,0.0080793,0.027799,0.1548,0.086627,0.41257,0.24954,-0.0255,0.097911,0.079105,-0.080469,0.36893,0.092709,0.40255,0.49839,0.42441,0.47213,0.45115,0.39353,0.38105,0.43652,0.26915,0.15307,0.32249,0.079832,0.048131,0.29809,0.29611,0.49318,0.38059,0.36459,0.4652,0.32678,0.24363,0.28214,0.27506,0.10873,0.23839,0.38141,0.12526,0.16878,0.2717,-0.0091072,0.16565,0.051452,0.23305,0.21838,0.1404,0.22657,0.078481,0.29097,0.15988,0.090961,0.18666,0.027631,0.070535,0.22129,0.12759,0.29962,0.22915,0.37789,0.32984,0.24005,0.39012,0.16049,0.20716,0.12725,0.14828,0.097305,0.09076,0.17303,0.054396,0.10779,0.092297,0.098216,0.29279,0.21589,0.2389,0.24452,0.14279,0.10625,0.16996,0.18142,0.21799,0.2255,0.23368,0.24091,0.1875,0.19079,0.11514,0.29925,0.24797,0.29761,0.23693,-0.028907,0.1804,0.063471,0.13002,0.16383,0.2,0.19963,0.037989,0.18187,0.071554,0.11837,0.3702,0.25551,0.26627,0.077357,0.20298,0.25414,0.10306,0.30023,0.14331,0.23255,0.19186,-0.041077,0.22308,0.10914,0.0079425,0.07176,0.033298,0.067974,0.0040424,0.068438,0.089042,0.17586,0.27817,0.022545,0.18425,0.016481,0.24443,0.16572,0.21938,0.096166,0.32446,0.16728,0.11903,0.26039,0.28622,0.31407,0.33791,0.19133,0.22689,0.11655,0.088199,0.12039,0.15404,0.42625,0.3168,0.23766,0.070378,0.38319,0.41519,0.21551,0.21211,0.3661,0.093146,0.04387,0.21213,0.3648,0.28837,0.25809,0.27242,0.19803,0.15977,0.49641,0.32007,0.43145,0.27859,0.18866,0.1527,0.2144,0.31065,0.078863,0.17054,0.076991,0.15104,0.15539,0.15416,0.15753,0.20986,0.1317,0.14459,0.075605,0.31357,0.34538,0.10143,0.16727,0.06874,0.16265
0.13809,-0.010512,-0.017522,0.10264,0.15647,0.24954,0.039953,0.15642,-0.050189,-0.063195,0.083772,0.10101,0.38828,0.24535,0.22037,0.18619,0.16066,0.34712,0.08485,0.62741,0.31639,0.52027,0.60895,0.44064,0.54868,0.4327,0.28305,0.47446,0.42228,0.24823,0.036673,0.53752,0.42356,0.47195,0.41203,0.25135,0.39555,0.41916,0.42093,0.37713,0.41306,0.35048,0.34271,0.36371,0.23146,0.44494,0.2383,0.52619,0.095556,0.42746,0.2669,0.14497,0.18122,0.23703,0.42913,0.48067,0.44261,0.25375,0.18525,0.19382,0.39551,0.28213,0.29346,0.47001,0.6062,0.23902,0.12581,0.47234,0.40989,0.36438,0.33322,0.37707,0.29537,0.28282,0.19152,0.18493,0.11126,0.1246,0.30394,0.034348,0.17024,0.20921,0.28346,0.07564,0.17645,0.076984,0.1471,-0.012892,-0.13186,-0.030734,0.16101,0.079824,0.26217,-0.048283,0.035318,0.12774,0.25067,0.33519,0.2614,0.13201,0.21286,0.084317,0.26916,0.13059,0.25631,-0.020936,0.095104,0.047064,0.0026741,0.26882,0.19684,0.063048,0.12644,0.19008,0.41437,0.17307,0.013443,0.23169,0.17493,0.22917,0.21177,0.28159,0.22442,0.17694,0.22613,0.34186,0.16511,0.15885,-0.026695,0.1145,0.025017,0.096915,0.1377,0.19358,0.19061,0.29005,-0.10242,0.22155,0.13964,0.44345,0.063724,-0.14528,0.287,0.19418,0.16936,0.2941,0.033172,0.16783,0.19142,0.089217,0.082721,0.25995,0.15423,0.32735,0.39983,0.40271,0.2943,0.30948,0.17927,0.39334,1,0.64365,0.39316,0.30565,0.5066,0.12616,0.26767,0.31697,0.25894,0.16659,0.64177,0.24307,0.25947,0.089725,0.27022,0.22062,0.54028,0.52779,0.31509,0.21539,0.22724,0.14482,0.0078216,0.064409,-0.032872,0.13372,0.15161,0.2931,0.22681,-0.0028118,0.032476,0.2849,0.22384,0.2906,0.013584,0.11897,0.15833,0.24917,0.016009,0.56919,0.15901,0.41599,0.58243,0.54087,0.58104,0.56913,0.25972,0.38642,0.38259,0.26961,0.026931,0.43328,0.16991,0.35455,0.33837,0.38994,0.48662,0.47599,0.40268,0.4337,0.31344,0.30806,0.43439,0.13207,-0.01456,0.26457,0.279,0.11501,0.077334,0.26679,0.15872,-0.033514,0.0068795,0.26435,0.11475,0.33014,0.36852,0.098969,0.23557,0.32464,0.37852,0.15657,0.17192,0.32193,0.36832,0.2249,0.27978,0.27527,0.43237,0.20701,0.25389,0.40406,0.22809,0.22268,0.038886,0.2314,0.22991,0.33489,0.33268,0.13854,0.23739,0.070601,0.051772,0.21494,0.21275,0.059657,0.26014,-0.0089189,-0.098021,0.027897,0.03949,0.19607,-0.0047165,0.048905,0.082595,0.0090605,0.2029,0.032564,0.2281,0.1357,0.2583,0.2706,0.2169,0.19807,0.35454,-0.067232,0.12053,0.13919,0.10023,0.24533,0.25796,-0.042958,0.04285,0.50496,0.28459,0.29038,0.0047586,0.20383,0.24866,0.12011,0.37404,0.19663,0.22448,0.23016,-0.060111,0.27367,0.32504,0.19514,0.070923,0.27005,0.10302,0.09721,0.17583,0.085316,0.14988,0.34283,-0.033252,0.27099,0.03978,0.35078,0.060782,0.05673,0.10809,0.074912,0.21837,0.087739,0.13167,0.14584,0.21725,0.14791,-0.030629,0.11726,0.15733,0.043884,0.1246,0.16779,0.40807,0.1206,0.19327,0.1911,0.60857,0.64513,0.32205,0.26572,0.46518,0.17919,0.14474,0.24378,0.17533,0.18845,0.34711,0.28963,0.30919,0.21055,0.44506,0.2268,0.56922,0.28193,0.098979,0.13999,0.30398,0.40197,0.11863,0.23969,0.085597,0.2258,0.09757,0.19344,0.21023,0.052828,0.094191,0.15067,0.17634,0.22002,0.21069,0.043965,0.13999,0.23384,0.45373
0.1057,0.02797,-0.0043625,0.060663,0.071821,0.18292,0.080475,0.093552,-0.027886,-0.051484,0.042568,0.042077,0.37241,0.21402,0.21679,0.14636,0.11178,0.22484,0.12593,0.48243,0.36724,0.45064,0.49514,0.35719,0.50872,0.38985,0.37986,0.45822,0.48443,0.37585,0.1378,0.47685,0.18537,0.17657,0.43257,0.31908,0.41224,0.41587,0.42613,0.41281,0.37094,0.40694,0.25461,0.4392,0.1263,0.45368,0.2758,0.56452,-0.023866,0.29942,0.09494,0.047287,0.06964,-0.0050778,0.40254,0.37667,0.39296,0.25054,0.22339,0.17955,0.35289,0.24412,0.32215,0.56329,0.5631,0.26519,0.22379,0.53112,0.54978,0.43472,0.28948,0.42316,0.26285,0.26126,0.23384,0.22172,0.11283,0.12219,0.20284,-0.077071,0.014874,0.14266,0.14542,0.05129,0.2017,-0.0014466,0.098264,-0.052448,-0.06566,-0.056166,0.011079,0.053385,0.21384,-0.035645,0.019982,0.043452,0.38014,0.44357,0.49222,0.24564,0.43608,0.14443,0.25005,0.096447,0.14548,-0.027607,0.021798,-0.10081,-0.14135,0.11653,0.15035,-0.00066119,0.047536,0.34065,0.59063,0.21053,-0.044652,0.18124,0.21462,0.19863,0.19102,0.23145,0.19393,0.15599,0.20363,0.304,0.17946,0.094678,0.051185,0.057308,0.016638,0.038,0.077718,0.17397,0.30206,0.4761,-0.079533,0.14028,0.07403,0.42577,0.067683,-0.060312,0.2335,0.21724,0.13463,0.23788,0.041314,0.1689,0.05381,0.020582,0.0014643,0.22369,0.068692,0.32888,0.36762,0.64625,0.37098,0.27951,0.30713,0.51172,0.64365,1,0.30572,0.27907,0.67036,0.16001,0.36915,0.14254,0.16314,0.044688,0.50906,0.18592,0.2313,0.14967,0.33647,0.27201,0.54378,0.57951,0.24789,0.013966,0.25444,0.10532,0.010943,0.10486,-0.027052,0.17158,0.21799,0.26986,0.10148,0.048585,0.047927,0.22745,0.17974,0.34017,0.013847,0.0028924,0.11574,0.13957,-0.052694,0.45539,0.21387,0.38932,0.51163,0.48911,0.51586,0.50727,0.33998,0.37753,0.417,0.35663,0.11764,0.38046,0.029707,0.10386,0.31288,0.55288,0.47707,0.43643,0.34484,0.44919,0.33751,0.42133,0.32343,0.18425,0.091593,0.25643,0.29538,0.13337,-0.056555,0.16505,0.051777,-0.076333,-0.059598,0.092848,0.17285,0.28036,0.37498,0.10547,0.23368,0.26824,0.32268,0.19338,0.26525,0.41733,0.55914,0.22424,0.39839,0.36579,0.44318,0.27085,0.20743,0.40286,0.17697,0.2511,0.1153,0.20275,0.18867,0.29714,0.26597,0.071002,0.10876,0.14631,0.061681,0.12457,0.15567,0.081132,0.2183,-0.025221,-0.0013112,0.060066,0.022006,0.14618,0.14354,0.14714,0.17839,0.098737,0.31492,0.13063,0.39162,0.19619,0.42978,0.26292,0.22671,0.16417,0.2394,0.0067452,0.01954,0.099653,0.053849,0.16129,0.21483,-0.017334,0.0057764,0.52934,0.48453,0.32363,0.079907,0.22417,0.27375,0.13155,0.31346,0.13404,0.20736,0.23712,0.014642,0.26149,0.24145,0.15403,0.058474,0.17621,0.01564,0.033751,0.14374,0.083129,0.26688,0.51537,0.038029,0.18726,0.0059852,0.25423,0.16146,0.10558,0.084668,0.17677,0.21368,0.16151,0.15201,0.2147,0.20021,0.18225,-0.030212,0.14459,0.1145,0.12033,0.19247,0.42228,0.53167,0.23821,0.3247,0.44759,0.55599,0.74254,0.28024,0.19993,0.61735,0.15603,0.28603,0.17853,0.18743,0.14598,0.29316,0.26521,0.24365,0.18552,0.4385,0.32299,0.50387,0.37853,0.18217,0.026427,0.23507,0.37046,0.055276,0.20252,0.079354,0.18791,0.17259,0.174,0.11531,0.15895,0.081406,0.15606,0.16141,0.25886,0.16869,-0.0046336,0.17526,0.14603,0.25764
-0.00054988,-0.070464,-0.074876,0.026809,-0.025811,0.16199,0.030724,0.14258,0.0016863,-0.025883,0.07733,0.063785,0.17855,0.17861,0.11778,0.097713,0.10312,0.50191,0.050446,0.31645,0.026557,0.18825,0.25128,0.24974,0.2237,0.20048,-0.040225,0.10126,0.35687,0.25696,0.05891,0.21893,0.34993,0.54019,0.11719,0.09381,0.12984,0.15029,0.12698,0.045904,0.21973,0.093787,0.20479,0.33192,0.064773,0.19631,0.073567,0.4657,0.10841,0.12281,0.20945,0.0084381,0.15122,0.19472,0.029852,0.1978,0.32673,0.046887,-0.001436,0.048139,0.19605,0.23601,0.44445,0.30904,0.56319,0.11325,0.0052928,0.20648,0.31541,0.046096,0.079346,0.075607,0.059656,0.040147,0.093634,0.12229,0.15053,0.13237,0.25663,0.0031382,0.22683,0.37899,0.18725,0.055311,-0.012215,0.29207,0.12849,-0.30269,0.065036,-0.028711,0.1846,0.38086,0.22968,-0.19486,-0.0041966,0.33795,0.45408,0.32758,0.39777,0.32293,0.38736,0.57223,0.51708,0.52945,0.32489,-0.015985,0.06814,0.30739,0.086041,0.31946,0.008072,0.12273,-0.025802,0.43199,0.35999,0.47121,0.23747,0.066562,0.067609,-0.019815,0.054093,0.18947,0.016117,0.0099495,0.069484,0.16384,0.23967,0.22186,-0.031361,0.35722,0.10646,0.16694,0.13038,0.018807,0.12279,0.37273,-0.096257,0.18048,0.090304,0.14711,0.038831,-0.078135,0.063708,0.020048,0.09445,0.10634,-0.0019395,0.018937,0.21614,-0.066939,-0.037949,0.50102,0.17968,0.099037,0.17479,0.38003,0.030364,0.20739,0.1236,0.10434,0.39316,0.30572,1,0.66889,0.33255,0.13914,0.44369,0.71195,0.080841,0.31933,0.27522,0.10879,0.062931,-0.024634,-0.041721,0.016501,0.15678,0.17045,0.11996,0.2245,0.27029,0.14599,-0.064103,-0.014641,0.0060079,0.086223,0.031663,0.27006,0.48846,0.39672,0.042951,0.14039,0.079735,0.073037,-0.0097103,0.2764,0.099847,0.24147,0.099425,0.26105,0.089427,0.16547,0.21001,0.24861,0.24143,0.22075,0.006305,0.13394,0.23277,0.27929,-0.18168,0.15765,0.17951,0.31217,0.08665,0.23519,0.17053,0.19808,0.16312,0.12007,0.16765,0.17622,0.22979,-0.0063724,-0.22869,0.16107,0.024025,0.16403,-0.0086286,0.013093,0.086795,-0.14138,-0.05223,0.00089878,0.00026297,0.2566,0.2232,-0.053774,0.037742,0.11689,0.24652,0.16617,0.18787,0.15771,0.2405,0.13213,0.19629,0.14925,0.39973,0.0010035,0.10491,0.11696,0.06503,0.1084,0.032371,0.19767,0.17608,0.2017,0.18123,-0.013638,0.045139,0.12504,-0.21002,-0.02719,-0.035661,-0.17445,-0.014497,-0.33148,-0.23082,-0.22993,-0.12949,0.2468,-0.17965,-0.29242,-0.2395,-0.052294,0.28385,-0.080368,0.15126,-0.041943,0.14201,0.41894,0.31646,0.42539,0.23154,-0.2428,-0.092808,0.14169,-0.052376,0.19468,0.090129,0.056645,-0.13626,0.43471,0.23873,0.11677,0.16884,0.11816,0.061145,0.024003,0.16996,0.13882,0.088962,0.12667,0.013919,0.013715,0.29964,0.15503,0.061925,0.14355,0.059085,0.10622,0.09873,0.044903,0.19336,0.357,-0.11122,0.062822,-0.06883,0.12554,0.025609,-0.048837,0.0082831,-0.072523,-0.032288,-0.0317,-0.10321,-0.059063,-0.031026,-0.12078,-0.21488,0.1507,0.048857,-0.02478,0.053078,0.23334,0.24823,-0.093641,0.077838,0.12146,0.23934,0.20434,0.50356,0.40489,0.26873,0.22014,0.26125,0.28269,-0.14294,-0.063615,0.1519,0.11722,0.059337,0.010289,0.096489,0.077383,0.23575,0.070202,-0.00039138,-0.04176,0.097651,0.18886,0.040447,0.072715,-0.0058521,0.1666,-0.029657,0.1709,0.21462,0.069585,-0.069969,0.0435,0.058772,0.058387,-0.086978,0.058471,-0.0087907,0.1286,0.30118
-0.012062,-0.0043891,-0.040222,0.085191,-0.094531,0.11403,-0.036425,0.042598,0.013212,-0.036306,-0.0041388,-0.04666,0.11958,0.1714,0.10554,0.13719,0.070881,0.47171,0.16913,0.25533,0.053432,0.16173,0.20503,0.26939,0.23881,0.16763,0.049526,0.079521,0.27467,0.24771,-0.057337,0.15398,0.42706,0.51071,0.096493,0.16178,0.22176,0.11274,0.18538,0.073902,0.18413,0.10339,0.10092,0.16483,-0.060737,0.2609,-0.016008,0.43777,0.37924,0.32287,0.21082,0.19404,0.31694,0.38837,0.0016678,0.012967,0.12238,0.091784,-0.027798,-0.033815,0.1718,0.078462,0.21548,0.1972,0.42622,0.19618,0.15995,0.17897,0.36824,0.15791,0.19683,0.070806,0.19472,0.0046691,0.1833,0.072638,0.12847,0.14359,0.12419,0.0021962,0.144,0.26427,0.18559,0.13625,-0.078756,0.51655,0.44287,-0.17712,0.29984,0.18305,0.40322,0.31235,-0.042851,-0.17816,0.046252,0.4498,0.24475,0.21561,0.36643,0.3268,0.29848,0.61165,0.31154,0.38801,0.082198,0.131,0.17103,0.46168,0.24175,0.11049,-0.060684,0.16339,-0.023329,0.44975,0.28266,0.63697,0.3715,-0.021327,0.10136,0.022175,0.016304,0.22961,-0.053264,-0.064133,-0.01694,0.062113,0.033035,0.10227,0.028643,0.15399,0.15306,0.086236,0.14737,0.054074,0.21044,0.42109,-0.021614,0.24903,0.13832,0.18571,0.1186,-0.027335,0.0089679,0.0097198,-0.012166,0.075413,0.16288,0.038077,0.32509,0.09247,0.20091,0.67363,0.3845,0.099244,0.19746,0.36019,0.21512,0.25489,0.31978,0.21061,0.30565,0.27907,0.66889,1,0.43442,0.075935,0.1891,0.5883,0.3872,0.63039,0.27324,0.046724,0.044184,0.0049036,0.040048,0.24287,0.24063,0.1406,0.088106,0.36317,0.38884,0.14166,-0.066283,-0.077527,-0.063836,0.038315,0.041386,-0.027003,0.45983,0.41629,0.043046,0.11701,-0.064805,0.029757,0.30791,0.33474,0.053035,0.1812,0.015717,0.20042,0.18413,0.20066,0.16109,0.18611,0.24262,0.2326,0.054662,0.1081,0.26115,0.24455,-0.10994,0.069753,0.27277,0.38628,0.12648,0.2417,0.18846,0.1583,0.17802,0.19148,0.26492,0.26136,0.22157,0.1269,-0.10326,0.21229,0.11577,0.25603,0.24881,0.22831,0.082672,0.095002,0.089946,0.15058,-0.022156,0.1984,0.10115,-0.043214,0.15978,0.062088,0.24982,0.20168,0.092002,0.096382,0.25398,0.22513,0.28763,0.16312,0.45138,0.10502,0.22198,0.075849,0.12754,0.1519,0.026699,0.21877,0.111,0.022448,0.0608,-0.012008,0.015471,0.16515,-0.10328,0.081674,-0.040238,0.030593,0.096415,-0.13996,-0.072414,-0.084087,0.08101,0.35817,-0.045618,-0.13133,-0.1445,0.056291,0.14936,-0.062414,0.18249,0.10651,0.09821,0.4676,0.12838,0.46381,0.071135,-0.014242,0.03237,0.2591,0.096576,0.064663,0.072223,0.2035,-0.080674,0.41418,0.25524,0.14806,0.22286,0.07646,-0.0083736,0.0013785,0.24968,0.074782,0.14548,0.17185,-0.036743,-0.069138,0.12804,-0.082606,0.030098,-0.043588,0.013316,0.043589,0.008307,0.042428,0.2106,0.28435,-0.10687,0.059846,-0.039804,0.085614,0.079937,0.041316,-0.068524,0.05881,-0.065345,-0.012808,-0.01312,-0.0010548,0.14582,0.065449,0.07275,0.29533,0.10466,0.0015177,0.099189,0.1725,0.36923,0.0097075,0.097374,0.019198,0.24872,0.15778,0.48633,0.54584,0.30238,0.11956,0.10711,0.36533,0.14392,0.19826,0.11919,0.12856,0.0016391,-0.013391,0.20855,0.2178,0.319,0.13634,0.079393,0.11244,0.15561,0.22277,-0.011448,0.014783,-0.077814,0.1345,0.037267,0.089303,0.27431,0.17012,-0.0085406,-0.048822,-0.059095,0.0085648,0.060078,0.19819,-0.053835,0.056162,0.18244
0.064073,0.031867,0.024881,0.07273,0.040261,0.11379,0.045527,0.070743,0.0078228,-0.02425,0.039103,0.021793,0.25221,0.24627,0.24744,0.12944,0.095326,0.21117,0.12628,0.43855,0.35663,0.52062,0.48515,0.40149,0.55748,0.38748,0.41757,0.37008,0.55264,0.56041,0.15138,0.54257,0.17875,0.15225,0.57871,0.56932,0.4821,0.6042,0.57857,0.48794,0.38614,0.41579,0.17139,0.2946,0.082206,0.40833,0.15924,0.39784,0.012287,0.20717,0.087487,0.02803,0.10959,-0.004341,0.31464,0.19193,0.22641,0.1748,0.21393,0.099054,0.13787,0.21425,0.1643,0.305,0.38382,0.27849,0.4309,0.53162,0.69337,0.41611,0.29692,0.38263,0.25808,0.14943,0.30153,0.12108,0.092625,0.14885,0.15213,-0.06351,0.00026593,0.10541,0.11618,0.10322,0.11722,0.013976,0.09387,-0.11355,0.03934,-0.043091,0.10718,0.087481,0.11641,-0.05297,0.04072,0.090676,0.36632,0.47466,0.54101,0.30847,0.39839,0.24192,0.094752,0.15551,0.070576,-0.0035808,0.012985,-0.0055357,-0.13508,0.065575,0.072264,-0.049193,0.0065026,0.46512,0.40136,0.23512,-0.02176,0.14316,0.18571,0.16464,0.14828,0.2257,0.13846,0.04876,0.13192,0.21717,0.12792,0.090617,0.14235,0.10099,0.10132,0.036681,0.059055,0.11016,0.30316,0.50823,-0.044656,0.1615,0.071737,0.34545,0.058941,0.051754,0.17445,0.22729,0.11756,0.1293,0.10476,0.14395,0.0068944,0.0096308,-0.0061288,0.29795,0.061592,0.20261,0.32807,0.36828,0.55063,0.23161,0.26665,0.46486,0.5066,0.67036,0.33255,0.43442,1,0.10501,0.2425,0.12869,0.13096,0.055359,0.52121,0.16183,0.23862,0.12896,0.37667,0.40342,0.69687,0.63349,0.20893,0.0078745,0.23124,0.17209,-0.019015,0.02354,-0.006213,0.12418,0.1945,0.18944,0.10334,0.13421,0.073372,0.22889,0.1366,0.3306,0.091936,0.0034999,0.10087,0.10442,0.019827,0.45912,0.11726,0.48674,0.4981,0.50546,0.51226,0.44968,0.36169,0.33875,0.50126,0.3361,0.13236,0.45896,0.092698,0.02914,0.48163,0.64114,0.43308,0.531,0.45392,0.50781,0.44082,0.32737,0.28824,0.27087,0.15315,0.16416,0.2606,0.023213,-0.035369,0.096757,0.018411,-0.028242,-0.0042429,0.032326,0.19502,0.18934,0.25781,0.084466,0.27315,0.14375,0.1676,0.22121,0.065962,0.14309,0.54129,0.15944,0.48569,0.46025,0.5868,0.28792,0.2154,0.35232,0.12774,0.17947,0.10459,0.15547,0.11541,0.16201,0.18019,0.013925,-0.015201,0.090851,0.032607,0.11654,0.079564,0.037171,0.013675,-0.011165,0.044551,0.044291,0.050401,0.11888,0.18121,0.17179,0.11663,0.10398,0.15671,0.059952,0.33882,0.20094,0.27484,0.18098,-0.03199,0.13988,0.051664,0.030737,-0.012705,0.082742,0.04801,0.042522,0.14238,0.041574,0.009029,0.52971,0.29022,0.16926,0.062189,0.19259,0.17706,0.10401,0.28026,0.12381,0.24807,0.16419,0.016469,0.20568,0.13034,0.023419,0.067881,0.033434,-0.044814,-0.01711,0.037648,0.031174,0.14136,0.35378,0.031321,0.10047,0.0071293,0.19615,0.14306,0.17018,0.082549,0.25898,0.11511,0.1002,0.14815,0.25426,0.19681,0.2149,0.063911,0.14517,0.096592,0.10272,0.16825,0.21582,0.58964,0.28165,0.21801,0.12912,0.4336,0.55979,0.2227,0.20548,0.57677,0.044442,0.02633,0.10448,0.18406,0.08717,0.40281,0.23718,0.17345,0.061224,0.47634,0.46225,0.61959,0.43728,0.24173,0.018781,0.080198,0.33763,-0.021127,0.085815,0.04674,0.15906,0.17761,0.060939,0.06017,0.13776,0.11439,0.16137,0.16305,0.28239,0.1509,0.038908,0.14414,0.082981,0.16641
-0.037759,0.065488,0.042626,-0.024609,-0.0010336,0.038025,0.064859,0.08947,0.023777,0.03738,0.092896,0.068142,0.20407,0.13437,0.14677,0.062808,0.072588,0.13329,-0.0038491,0.19102,0.17652,0.20861,0.21282,0.16115,0.17861,0.15675,0.26053,0.23413,0.29111,0.13787,0.095871,0.21063,0.029564,0.025984,0.096845,0.057035,0.14396,0.10707,0.12252,0.12285,0.12512,0.1471,0.1266,0.35358,0.09038,0.081464,0.14781,0.21501,-0.12879,-0.057777,0.044862,-0.052354,-0.032553,-0.10978,0.20365,0.13479,0.27071,0.16782,0.16767,0.16663,0.35752,0.31159,0.37326,0.28999,0.21004,0.31327,0.16535,0.15146,0.15567,0.35921,0.36127,0.26418,0.31191,0.24871,0.40281,0.20727,0.0025764,0.12863,0.25018,-0.045949,0.031136,0.063535,-0.030126,-0.017685,0.01136,-0.11389,-0.10167,-0.1047,-0.053,-0.060266,-0.1407,0.053372,0.2154,-0.049524,-0.08838,-0.05863,0.37428,0.14742,0.19984,0.059903,0.21797,0.1094,0.33507,0.17585,0.22583,-0.099373,-0.09645,-0.076346,-0.06798,0.15602,0.060254,-0.076755,0.0024008,0.20261,0.35598,-0.035789,-0.053786,0.20734,0.29821,0.22386,0.10145,0.09335,0.16896,0.32271,0.14014,0.17756,0.24624,0.14585,0.09066,0.13169,0.049445,0.18549,0.060302,0.20068,0.418,0.39783,-0.068416,0.037566,-0.037494,0.11904,-0.012994,-0.0041552,0.14277,0.085957,0.073172,0.002569,-0.067491,0.093522,-0.027121,-0.10458,-0.14159,-0.041698,-0.053714,0.071353,0.094155,0.19802,0.13154,0.02046,0.13555,0.098247,0.12616,0.16001,0.13914,0.075935,0.10501,1,0.43563,0.09814,-0.12437,-0.14822,0.054576,0.057258,0.034984,0.015219,0.11561,0.14246,0.10454,0.14664,0.062677,-0.04487,0.024029,0.090933,0.0034358,0.0091428,0.028618,0.11619,0.1187,0.15887,0.045619,0.017982,0.017045,0.14498,0.12817,0.24093,-0.087139,-0.035559,0.063634,0.10038,0.066895,0.20373,0.27904,0.18579,0.21967,0.23009,0.17205,0.16455,0.26252,0.28179,0.26891,0.30089,-0.075732,0.18858,-0.0072996,-0.032269,0.078404,0.15254,0.16462,0.13206,0.079782,0.17695,0.14484,0.17725,0.13476,0.01118,-0.070831,0.021845,0.04726,-0.024459,-0.12782,-0.10958,0.016568,-0.12319,-0.079205,-0.078033,0.13424,0.22189,0.20533,0.12276,0.1829,0.24975,0.33083,0.37524,0.312,0.16089,0.19776,0.33888,0.19073,0.22341,0.10497,0.3549,0.37288,0.22326,0.29984,0.32964,0.3459,0.12787,0.10488,0.23732,0.20174,-0.01023,0.022782,0.019442,-0.050096,-0.070066,-0.095414,-0.093225,-0.050329,-0.13563,-0.11022,-0.06118,-0.1431,-0.080179,-0.009549,-0.090357,-0.057403,-0.11836,0.39427,-0.091662,0.10793,-0.056548,0.12654,0.037332,0.29497,0.038887,0.13911,-0.11007,-0.09949,-0.044375,-0.058356,0.063458,-0.0099006,-0.025352,-0.068351,0.17116,0.31296,-0.039164,-0.041319,0.38025,0.36933,0.24548,0.1593,-0.02065,0.11677,0.28878,0.16607,0.13574,0.26638,0.17011,0.060511,0.066915,-0.045463,0.10442,0.18716,0.16835,0.44109,0.39099,0.027391,0.018081,0.031016,0.087563,0.013344,0.024569,0.099809,0.10455,0.038532,0.0021372,0.047599,0.07923,-0.063366,-0.040735,-0.1072,-0.046755,-0.016527,0.069425,0.054595,0.22805,0.13799,0.082387,0.32972,0.21754,0.10967,0.10287,0.052753,-0.046807,0.13965,0.39295,0.31088,-0.043313,-0.094044,-0.12352,0.10019,0.098783,0.052921,-0.016049,0.1518,0.18993,0.13003,0.082446,0.067649,-0.07191,-0.039796,0.18611,-0.025937,0.011549,-0.0032724,0.13682,0.18365,0.043757,0.01149,-0.08365,-0.0010096,0.073008,0.11925,0.18872,-0.033673,-0.03648,0.11504,0.047096,0.070065
-0.030685,0.0094897,-0.083371,-0.048123,0.015646,0.096142,0.076451,0.15315,0.024213,0.029426,0.14337,0.10448,0.18395,0.15625,0.12708,0.017351,0.097946,0.32913,-0.055423,0.23459,0.11092,0.2368,0.21647,0.1615,0.16386,0.17202,0.10669,0.15813,0.44834,0.27119,0.214,0.2584,0.030042,0.20077,0.13267,0.10525,0.096633,0.18992,0.11118,0.07796,0.12688,0.12115,0.19303,0.64174,0.15789,0.11108,0.19861,0.39264,-0.25844,-0.20219,0.036567,-0.21023,-0.087446,-0.19374,0.12531,0.29387,0.4898,0.027214,0.13197,0.14941,0.37957,0.37501,0.65244,0.51634,0.48434,0.27382,0.085348,0.25846,0.31067,0.18634,0.16987,0.17484,0.14477,0.25647,0.21671,0.2599,0.11346,0.2013,0.3112,-0.06703,0.11735,0.23573,0.027139,-0.094563,0.059319,-0.13893,-0.25736,-0.262,-0.092039,-0.16243,-0.21463,0.19598,0.42942,-0.074326,-0.030772,0.024858,0.66231,0.39222,0.41765,0.24738,0.57427,0.25219,0.62322,0.37662,0.49473,-0.074632,-0.15826,-0.10015,-0.10431,0.33349,0.10991,-0.0019525,-0.024241,0.42062,0.58145,0.040444,-0.10304,0.1836,0.082588,0.10291,0.064081,0.13744,0.10503,0.23489,0.17746,0.21642,0.42286,0.30399,0.071479,0.36363,0.057134,0.21923,0.092362,0.099771,0.35282,0.51788,-0.12221,0.05593,-0.037391,0.084376,-0.023156,-0.07655,0.04759,0.0074955,0.12636,0.023755,-0.1445,0.02959,-0.023508,-0.2137,-0.30303,0.04417,-0.085386,0.082506,0.096709,0.46508,0.060264,0.084044,0.10611,0.063628,0.26767,0.36915,0.44369,0.1891,0.2425,0.43563,1,0.33996,-0.32042,-0.23978,0.17875,0.060562,0.063442,-0.03618,-0.033896,0.042547,0.15027,0.22856,0.064398,-0.098001,0.062572,0.093781,0.0030951,0.015273,0.079106,0.17778,0.062427,0.41634,0.17971,0.22923,0.059084,0.15649,0.13871,0.19267,-0.26284,-0.0023469,0.089188,0.23981,0.097066,0.22568,0.2155,0.18773,0.22656,0.24598,0.16838,0.15551,0.078504,0.14948,0.28395,0.37116,-0.18757,0.24502,-0.026178,0.015055,0.10922,0.29998,0.14721,0.17803,0.066641,0.10107,0.10457,0.23188,0.16772,-0.049965,-0.22335,0.049003,-0.05819,-0.011516,-0.29928,-0.28819,0.044749,-0.30868,-0.20998,-0.21598,0.069735,0.31153,0.34482,-0.022636,0.063373,0.21761,0.39257,0.27932,0.44529,0.32314,0.39178,0.27485,0.2252,0.25465,0.19441,0.11229,0.15708,0.13984,0.15147,0.22296,0.18693,0.17821,0.21831,0.37054,0.24833,-0.091894,-0.011248,0.047793,-0.15224,-0.22811,-0.11713,-0.24744,-0.16643,-0.3536,-0.23946,-0.1748,-0.287,-0.079197,-0.067877,-0.24061,-0.090225,-0.14685,0.47886,-0.057893,0.15016,-0.096119,0.2982,0.096261,0.51321,0.09759,0.2397,-0.2579,-0.26533,-0.068706,-0.16997,0.22564,0.06939,-0.036502,-0.17428,0.31172,0.41939,-0.025391,-0.024829,0.26539,0.17942,0.13887,0.057637,0.031665,0.084321,0.25404,0.16532,0.072873,0.37622,0.33211,0.077308,0.20096,-0.020862,0.12075,0.1913,0.087037,0.39138,0.51405,-0.042776,-0.024228,-0.037012,0.10136,0.011796,-0.070121,0.070113,-0.054504,0.00060061,-0.023984,-0.098958,-0.046955,-0.1905,-0.20032,-0.35969,-0.07428,-0.059106,0.033947,0.070661,0.47974,0.20662,-0.029096,0.33249,0.413,0.1548,0.21033,0.20498,-0.0041866,0.27876,0.40737,0.55777,-0.039386,-0.28287,-0.29748,0.17677,0.079292,0.059561,-0.034311,0.051214,0.19651,0.11268,0.14773,0.010784,-0.20819,-0.098883,0.18288,-0.051209,0.014655,0.037274,0.1389,0.071069,0.15073,0.021464,-0.071015,-0.074011,0.089347,0.14957,0.11842,-0.23044,-0.12973,0.089495,0.11359,0.17396
-0.015571,-0.071028,-0.10327,0.010417,-0.05968,0.13372,0.015527,0.16438,0.026921,-0.002293,0.055251,0.06763,0.078112,0.12167,0.05953,0.074765,0.13125,0.65714,0.048496,0.2504,-0.076113,0.04029,0.14512,0.16348,0.10791,0.11481,-0.1511,0.0092864,0.20011,0.066538,-0.014488,0.052121,0.41211,0.63204,-0.035584,-0.033535,0.030228,0.0015893,0.021322,-0.066237,0.15241,-0.012444,0.18344,0.31579,0.11181,0.18161,0.088692,0.3909,0.28587,0.16665,0.36008,0.11827,0.251,0.40939,-0.078289,0.11274,0.28274,-0.016163,-0.081898,-0.049984,0.12559,0.10763,0.4005,0.20605,0.42303,0.029303,-0.14463,0.076455,0.056968,-0.069541,0.034737,-0.0095884,0.013098,-0.078561,0.017237,0.1159,0.11306,0.11114,0.20022,0.037601,0.35888,0.46629,0.30101,0.073649,0.00087799,0.56278,0.32902,-0.09067,0.28277,0.22747,0.30852,0.61782,0.21883,-0.14016,0.20151,0.52884,0.27134,0.19843,0.15892,0.31818,0.21779,0.57086,0.53308,0.52613,0.45718,0.29088,0.13169,0.48621,0.3684,0.42395,0.03342,0.22767,0.089649,0.20672,0.1705,0.5182,0.47184,0.0036306,0.039468,-0.049176,0.015736,0.16507,-0.012944,-0.045877,0.034176,0.059917,0.1442,0.22359,-0.026077,0.42806,0.14245,0.1236,0.12855,-0.026263,-0.017127,0.12929,-0.085768,0.1962,0.05824,0.085483,0.032831,-0.11712,-0.025293,-0.055779,0.032311,0.094233,-0.00036154,0.06867,0.54896,-0.013336,0.071777,0.55508,0.27926,0.070163,0.11626,0.20164,-0.10053,0.25547,0.14836,0.021014,0.31697,0.14254,0.71195,0.5883,0.12869,0.09814,0.33996,1,0.25009,0.50596,0.16217,0.06336,0.027258,-0.037914,-0.1517,-0.079022,0.014181,0.035633,0.078848,0.45827,0.34315,0.095893,-0.077857,-0.07057,0.0062613,0.080019,-0.020595,0.22029,0.68815,0.47108,0.040744,0.11217,0.040338,-0.022251,0.065029,0.46814,0.087881,0.26298,0.15923,0.16095,0.01744,0.063249,0.091,0.13185,0.15703,0.13348,-0.097416,0.029772,0.058345,0.0727,-0.30054,0.013594,0.24192,0.45326,-0.028501,0.03555,0.059926,0.075171,0.06699,0.0080667,0.095649,0.034421,0.19781,-0.064214,-0.33018,0.17834,-0.019699,0.1888,0.1043,0.053931,0.19629,-0.1234,0.028529,0.082246,-0.084736,0.22548,0.1726,-0.10897,-0.04861,0.055736,0.14544,0.071669,0.12657,0.12331,0.078324,0.06909,0.056493,-0.0047912,0.22556,-0.093007,0.047699,0.021469,0.023875,-0.0056333,-0.03253,0.21615,0.15065,0.14925,0.11048,0.083032,0.15887,0.12545,-0.10657,-0.01343,-0.082816,-0.078557,0.055141,-0.24285,-0.1973,-0.15719,-0.091513,0.31203,-0.25612,-0.35765,-0.28664,-0.010501,0.11381,-0.10517,-0.053248,-0.078434,-0.018205,0.40831,0.35293,0.40506,0.26199,-0.12751,-0.067504,0.23688,0.057344,0.27419,0.12428,0.12978,-0.12007,0.2662,0.09358,0.024489,0.14249,0.094676,0.011098,-0.043383,0.12166,0.069479,0.051424,0.053538,-0.027194,-0.087515,0.24078,0.12353,0.010371,0.16882,0.11189,0.09517,0.087957,0.016434,0.084441,0.13892,-0.15684,0.063106,-0.053551,0.097292,-0.0050754,-0.1,-0.017238,-0.17606,-0.029867,-0.070687,-0.15575,-0.14923,0.033193,-0.16664,-0.16717,0.15873,0.071026,-0.054253,-0.030896,0.057527,0.07771,-0.2062,0.0023738,0.030101,0.17812,0.10961,0.4368,0.36954,0.10078,0.18255,0.21666,0.42075,-0.059929,0.0041484,0.037325,0.072154,0.02238,-0.013246,-0.00076949,-0.064204,0.13504,-0.059405,-0.027061,0.0534,0.1432,0.14063,0.040741,0.046835,0.0034861,0.089865,-0.049009,0.19353,0.31202,0.066438,-0.11289,-0.0087398,0.012718,-0.06996,-0.12529,0.085026,-0.053005,0.14065,0.32053
0.10238,0.025895,0.093702,0.1829,0.028976,0.10885,0.0026666,0.027307,0.0098194,-0.10522,-0.064495,-0.050695,0.16913,0.081249,0.116,0.16117,0.064927,0.23836,0.22099,0.2494,0.16026,0.062975,0.192,0.16264,0.20268,0.098528,0.10537,0.19091,-0.029979,-0.0025618,-0.18224,0.042473,0.39742,0.31226,0.039429,-0.013326,0.21117,-0.012828,0.093306,0.102,0.16338,0.1641,0.074096,-0.076373,0.020471,0.38187,0.13967,0.20438,0.66615,0.64998,0.26944,0.53615,0.37439,0.60661,0.1128,-0.019698,-0.096357,0.18645,0.00094856,-0.036785,0.069784,-0.095627,-0.19993,-0.028536,0.076685,0.026276,0.0076704,0.050797,-0.00556,0.16991,0.18288,0.13979,0.16136,-0.046916,0.084283,-0.02124,0.05202,-0.016929,-0.051147,0.066335,0.099157,0.10842,0.27091,0.22449,0.10398,0.63337,0.72907,0.44478,0.33688,0.45008,0.58122,0.18259,-0.19578,0.067377,0.26265,0.37213,-0.24044,0.012711,-0.046414,0.16425,-0.15441,0.16206,-0.16944,-0.097288,-0.18654,0.35723,0.39587,0.36385,0.36477,-0.055348,0.12664,0.22836,0.2244,-0.12014,-0.070447,0.40902,0.38188,-0.052548,0.12201,0.050531,0.063416,0.17325,0.051754,-0.052892,0.021418,0.034696,-0.28418,-0.12341,0.031374,-0.13826,0.081141,-0.083085,0.033489,0.077358,0.057347,-0.018983,0.051199,0.20804,0.17281,0.23094,0.1048,-0.025932,0.07856,0.13528,-0.037992,0.1617,0.25271,0.20755,0.55359,0.44303,0.61237,0.46801,0.44745,0.22997,0.26373,0.091864,0.1297,0.36996,0.40783,0.35178,0.25894,0.16314,0.080841,0.3872,0.13096,-0.12437,-0.32042,0.25009,1,0.73778,0.15285,0.054112,0.089407,0.10979,0.18762,0.20237,0.10233,0.064919,0.13733,0.53731,0.30502,-0.0071737,0.011088,0.034563,-0.10713,0.012339,0.052559,-0.21298,0.21504,0.047027,0.012978,0.10858,-0.030234,0.074222,0.551,0.28374,0.012261,0.074709,-0.070839,0.12784,0.049525,0.083376,0.14958,0.10897,0.24859,0.25872,0.1447,0.17439,0.10464,-0.080376,0.064933,-0.070161,0.28444,0.48663,-0.016205,-0.086022,0.20602,0.061052,0.16034,0.18428,0.16617,0.078284,0.20746,0.1743,0.047098,0.29617,0.35752,0.25363,0.60332,0.59613,0.16559,0.40377,0.30505,0.55677,0.04267,0.031508,0.0011109,0.045185,0.16535,0.061819,-0.0047521,-0.013707,-0.15301,-0.02571,-0.10351,0.052667,0.053185,-0.094606,0.15664,0.12382,0.16643,0.1701,0.11447,0.06935,-0.022163,0.12874,0.015152,-0.078259,0.010004,0.25155,0.27765,0.14174,0.24385,0.47856,0.26861,0.46747,0.48185,0.42543,0.1669,0.26025,0.45605,0.42852,0.082085,0.20855,0.18761,0.24739,-0.15771,0.075084,0.023251,0.30461,0.00030511,0.31796,-0.14836,0.24802,0.025942,0.32529,0.43814,0.39074,0.3976,0.060976,0.17244,0.21998,0.1958,0.15365,-0.0057162,0.24475,0.085033,0.00029074,0.071658,-0.0077051,0.25776,0.093487,0.15757,0.077373,-0.16415,0.057132,-0.093948,-0.21519,0.001947,-0.012388,0.11262,-0.012198,-0.023414,0.047471,0.0036698,-0.051603,0.0031612,0.211,0.065296,0.17472,0.11337,0.12528,-0.01508,0.13252,0.14231,0.07347,0.17714,0.14751,0.48633,0.40265,0.49511,0.27899,0.2086,0.066762,0.05299,-0.14812,0.16093,0.11887,0.020595,-0.11481,0.27292,0.18502,0.1945,0.36719,0.052989,-0.1097,-0.18478,0.46255,0.63643,0.63452,-0.05528,0.15555,0.096956,0.15371,0.2324,0.056786,0.20577,0.019228,0.084727,0.46711,0.43218,0.17087,0.12644,0.13954,0.06615,0.043302,0.055567,0.14108,0.31834,0.18986,0.1398,0.012119,-0.025016,0.0093343,0.44832,0.23412,0.028233,0.068599,0.19323
0.027092,-0.0359,0.014543,0.12418,-0.088994,0.069338,-0.079151,-0.0046152,0.0025978,-0.071479,-0.073565,-0.07414,0.01496,0.026311,0.014531,0.10223,0.029378,0.36035,0.14436,0.10539,-0.071176,-0.096577,0.023945,0.067154,0.027481,0.030203,-0.15415,-0.051875,-0.097817,-0.091563,-0.26557,-0.099149,0.4638,0.49505,-0.11455,-0.11075,0.054801,-0.15147,-0.051222,-0.10958,0.025801,-0.022837,0.012371,-0.12065,-0.13577,0.20605,-0.074976,0.23471,0.67063,0.54909,0.2802,0.42759,0.41213,0.66078,-0.10594,-0.099327,-0.091144,0.067193,-0.16895,-0.12534,0.021843,-0.14087,-0.098607,-0.046727,0.15005,-0.04351,-0.12569,-0.068736,-0.059685,-0.066693,0.02887,-0.095359,0.023322,-0.16144,-0.03948,-0.047456,0.084118,-0.0012655,-0.039368,0.061581,0.16436,0.17287,0.30197,0.21839,-0.018578,0.74793,0.72635,0.12387,0.3719,0.39424,0.60156,0.25925,-0.23796,-0.13533,0.14495,0.52886,-0.2012,-0.079145,-0.042347,0.10245,-0.10615,0.36553,0.038495,0.11011,-0.12431,0.31196,0.32258,0.57716,0.42474,0.018359,-0.034135,0.22833,0.083821,-0.013777,-0.062517,0.5961,0.5326,-0.14039,0.010427,-0.068266,-0.046482,0.15774,-0.10682,-0.14105,-0.091924,-0.075713,-0.21626,-0.023666,-0.063719,-0.053534,0.087978,-0.025538,0.096113,-0.0032628,-0.057958,-0.053698,0.04259,0.20921,0.17124,0.10471,0.10761,-0.067927,-0.058064,-0.04504,-0.063982,0.11435,0.1775,0.037795,0.50991,0.27024,0.45947,0.64827,0.5042,0.095822,0.14247,0.10355,-0.054405,0.2762,0.29759,0.13639,0.16659,0.044688,0.31933,0.63039,0.055359,-0.14822,-0.23978,0.50596,0.73778,1,0.09977,0.0061168,-0.012428,0.029576,-0.058507,0.056564,-0.046849,-0.096195,0.079198,0.56864,0.37668,0.048749,-0.069225,-0.061602,-0.11251,-0.052131,-0.037152,-0.26026,0.44676,0.25148,-0.0013619,0.014941,-0.1307,-0.12928,0.45453,0.44162,-0.00046161,0.080357,-0.064345,-0.0075108,0.034941,-0.033951,-0.037207,-0.043289,0.081585,0.091752,-0.096537,-0.034971,-0.038184,-0.12125,-0.16803,-0.18207,0.30877,0.54668,-0.10456,-0.1382,0.029957,-0.045833,0.050375,-0.010881,0.073361,0.065899,0.10901,0.0033789,-0.15563,0.22393,0.091654,0.34206,0.5334,0.4869,0.12033,0.3043,0.24929,0.40537,-0.1101,0.036938,-0.050484,-0.069064,0.017369,-0.051959,0.026797,-0.066402,-0.12292,-0.0051176,-0.11303,0.02843,-0.018742,-0.13566,0.14354,-0.048835,0.065853,-0.049134,0.019237,-0.033077,-0.11792,0.11387,-0.010475,-0.14799,-0.085809,0.1364,0.13928,0.10143,0.041493,0.28539,0.10156,0.22207,0.36641,0.093688,0.0070187,0.044555,0.3252,0.42786,-0.15931,-0.11431,-0.10335,0.1204,-0.17048,-0.061381,-0.060001,0.098836,-0.12539,0.41174,-0.010736,0.36707,0.014299,0.10512,0.21954,0.3251,0.26906,0.072124,0.10706,0.23555,0.014174,0.089687,0.0065663,0.18938,0.19687,-0.089335,-0.10959,-0.089387,0.17611,0.048468,0.055147,0.018076,-0.15449,-0.12382,-0.080064,-0.22319,-0.024488,-0.089084,0.072668,-0.0014324,-0.057006,0.013345,-0.030687,-0.080408,-0.10101,0.14706,0.0035959,0.083394,0.032148,0.0047498,-0.10496,-0.057442,-0.0098996,-0.00075411,-0.034678,-0.10296,0.24439,0.14892,0.27235,0.30001,0.15058,-0.058467,0.0076584,-0.14397,0.070674,-0.12726,-0.0969,-0.11073,0.18689,0.05386,0.32556,0.4982,-0.006259,-0.10063,-0.13835,0.46891,0.32896,0.48021,-0.11637,0.074676,0.0080443,0.073081,0.048701,-0.069776,0.10393,-0.074015,-0.013163,0.31069,0.35393,0.065242,0.080348,0.06475,-0.021252,0.019433,-0.048973,0.051049,0.36804,0.1527,-0.008674,-0.10662,-0.13756,-0.15228,0.19471,0.27303,-0.12088,0.0096617,0.14225
0.14918,-0.0069675,-0.0037278,0.096493,0.098947,0.19844,0.027708,0.13309,-0.068452,-0.054334,0.058724,0.10062,0.29279,0.19767,0.19874,0.19001,0.087724,0.24165,0.067854,0.56525,0.33247,0.62221,0.58278,0.42951,0.51794,0.43051,0.22998,0.34111,0.42494,0.32511,0.0064635,0.69371,0.32975,0.327,0.61531,0.37742,0.39376,0.52991,0.48762,0.38227,0.32435,0.37758,0.24781,0.27306,0.16587,0.39979,0.13547,0.37282,0.06665,0.26346,0.16163,0.099638,0.10667,0.14805,0.34275,0.39029,0.31495,0.23369,0.10466,0.11515,0.29397,0.2348,0.21759,0.40646,0.4843,0.26766,0.29306,0.53375,0.49766,0.27727,0.25163,0.27644,0.23397,0.21003,0.17169,0.11719,0.08567,0.14456,0.28541,-0.0080186,0.10755,0.11802,0.16733,0.049824,0.064119,-0.014028,0.082062,-0.062881,-0.14228,-0.073128,0.12807,-0.044191,0.19055,-0.066756,0.018434,0.068004,0.2051,0.2543,0.19332,0.044737,0.16415,0.017164,0.16192,0.082301,0.19772,-0.044831,0.087266,0.065228,-0.0031367,0.13904,0.11364,0.0049998,0.065534,0.20798,0.32635,0.1313,-0.013385,0.16142,0.081301,0.12689,0.14259,0.24914,0.17263,0.084303,0.14164,0.26689,0.12554,0.20434,-0.039074,0.036239,0.04094,0.12186,0.19022,0.14157,0.1512,0.28699,-0.075021,0.2368,0.14899,0.37844,0.080719,-0.06393,0.20193,0.18772,0.12712,0.21584,0.081705,0.094259,0.08222,0.10343,0.094101,0.18974,0.16635,0.26118,0.34302,0.27973,0.39752,0.21359,0.17414,0.38039,0.64177,0.50906,0.27522,0.27324,0.52121,0.054576,0.17875,0.16217,0.15285,0.09977,1,0.23186,0.24952,0.05412,0.31373,0.39193,0.67881,0.60737,0.25979,0.11324,0.12769,0.12537,-0.025303,-0.018735,-0.011801,0.084677,0.13254,0.19479,0.10389,-0.033136,0.023256,0.1895,0.11435,0.25373,0.053329,0.021217,0.13364,0.21765,-0.037055,0.55554,0.079863,0.52134,0.58807,0.54947,0.53561,0.50899,0.18291,0.25787,0.4054,0.21053,0.00074246,0.57888,0.1197,0.2067,0.57437,0.46118,0.41001,0.54615,0.48383,0.4504,0.31439,0.32483,0.37355,0.1473,0.0039714,0.24468,0.20037,0.076413,0.082734,0.18839,0.059329,0.0039199,-0.0040787,0.20693,0.10666,0.28165,0.28126,0.067555,0.19993,0.21224,0.34702,0.12159,0.068171,0.21079,0.4071,0.13179,0.29825,0.36925,0.47911,0.083362,0.13972,0.28859,0.10171,0.14073,-0.051109,0.14916,0.14899,0.23571,0.27775,0.073991,0.12923,0.031776,0.0094509,0.15482,0.17838,0.059226,0.14904,0.0027169,-0.05306,0.014189,0.086683,0.15393,0.041144,0.062994,0.091613,0.037604,0.079674,0.0065477,0.15767,0.10523,0.15512,0.18394,0.090516,0.15191,0.24189,-0.054675,0.076092,0.15396,0.09762,0.14997,0.18761,-0.0083668,0.060591,0.43268,0.17194,0.20307,-0.028158,0.11712,0.083875,0.015895,0.32013,0.16321,0.21234,0.17454,-0.063538,0.19981,0.21822,0.11387,0.10059,0.15275,0.084141,0.079454,0.13669,0.022893,-0.00064886,0.19265,-0.055916,0.23028,0.010673,0.32571,0.041371,0.1402,0.068167,0.10232,0.099959,0.038678,0.10462,0.096012,0.18183,0.19033,0.032783,0.082879,0.11381,-0.0040451,0.12276,0.039187,0.40934,0.094217,0.076869,0.01611,0.52194,0.51603,0.24567,0.20293,0.41554,0.068697,-0.01884,0.12564,0.14811,0.14366,0.54472,0.23368,0.2402,0.089538,0.49615,0.30495,0.62892,0.36533,0.068773,0.077407,0.20413,0.32723,0.07801,0.16616,0.068484,0.23551,0.045537,0.14202,0.15322,0.038516,0.061181,0.084917,0.137,0.18373,0.18383,0.061323,0.1037,0.1955,0.36689
0.15434,0.039313,0.066976,0.06771,0.084647,0.076947,0.1022,0.11163,0.023051,0.02247,0.086341,0.079953,0.20581,0.090878,0.16288,0.10136,0.078781,0.13159,0.085429,0.32252,0.22415,0.26767,0.32602,0.1966,0.26636,0.24096,0.1873,0.25425,0.14982,0.086167,0.067692,0.28536,0.084724,0.049757,0.2327,0.11627,0.18518,0.21314,0.22516,0.17461,0.18718,0.19916,0.16101,0.11618,0.12624,0.14705,0.13541,0.12653,-0.045622,0.086798,0.10091,0.032145,0.067475,0.023489,0.24237,0.18209,0.16933,0.13019,0.14162,0.12892,0.11968,0.14302,0.061066,0.099594,0.14923,0.13826,0.11172,0.22897,0.16279,0.18794,0.20398,0.23262,0.16191,0.1764,0.12984,0.083933,0.032787,0.011984,0.093142,-0.013452,0.066249,0.10352,0.10758,0.039877,0.11513,0.003323,-0.027436,0.00056689,-0.0014629,-0.046132,0.049002,0.070207,0.10481,-0.0076945,0.072047,0.06931,0.13703,0.10416,0.12085,0.081007,0.074447,0.070456,0.060309,0.069083,0.051859,-0.017148,-4.2391e-05,-0.015898,-0.076194,0.10866,0.094416,-0.014142,0.061622,0.011899,0.12855,0.028776,-0.010434,0.13564,0.082569,0.093155,0.12597,0.038551,0.15924,0.10126,0.13166,0.17981,0.063556,0.04136,0.022404,0.049002,-0.020697,0.0087216,-0.012091,0.089304,0.11122,0.064644,0.0078401,0.10884,0.055218,0.20459,0.0087372,-0.0022131,0.18915,0.13769,0.13161,0.14734,-0.035818,0.084853,-0.0002539,0.025512,0.012167,0.063965,0.024895,0.14813,0.18932,0.070757,0.083794,0.11667,0.026746,0.18012,0.24307,0.18592,0.10879,0.046724,0.16183,0.057258,0.060562,0.06336,0.054112,0.0061168,0.23186,1,0.17901,0.035595,0.18483,0.11936,0.22924,0.26697,0.21936,0.026595,0.031305,0.12928,-0.0025624,0.087293,0.013733,0.079555,0.11795,0.13652,0.055644,0.07017,0.045809,0.13595,0.18977,0.22006,-0.060106,0.07453,0.11223,0.077892,0.048915,0.29451,0.058306,0.22517,0.3232,0.28951,0.25754,0.25682,0.19365,0.25018,0.17859,0.15704,0.098282,0.27417,0.027451,0.022539,0.16039,0.15539,0.2493,0.28239,0.22476,0.21828,0.098509,0.079587,0.20125,0.059944,0.060667,0.026201,0.14094,-0.0058236,-0.026914,0.087065,0.096857,-0.036784,0.028377,0.095526,0.11593,0.1029,0.16939,0.11193,0.11992,0.12603,0.07368,0.090606,0.0085649,0.018822,0.094076,0.1071,0.097105,0.15888,0.15605,0.15584,0.13985,0.25287,0.15257,0.11668,0.11954,0.04729,0.077981,0.13354,0.12067,0.10582,0.12354,0.030977,0.061038,0.1293,0.12025,0.07261,0.09125,0.011049,0.024737,0.08506,0.055667,0.10711,0.012493,0.069883,0.068773,0.06714,0.1442,0.051987,0.11996,0.05054,0.095532,0.14316,0.041049,0.11231,0.1153,-0.0081317,0.046363,0.067827,0.057981,0.1057,0.10236,-0.037546,0.036879,0.19148,0.053221,0.1821,0.077755,0.13893,0.17521,0.10871,0.11873,0.047486,0.08116,0.030996,0.0027012,0.20612,0.14647,0.12653,0.021334,0.10819,0.036911,0.037785,0.080628,0.036299,0.072749,0.12986,0.029637,0.14489,0.052116,0.1785,0.040483,0.079058,0.13372,0.094291,0.12073,0.12084,0.1027,0.14357,0.12079,0.10765,0.024832,0.10307,0.090256,0.069604,0.040277,0.02277,0.15264,0.13317,0.10235,-0.02582,0.20881,0.21071,0.11098,0.10161,0.15834,0.081238,-0.011914,0.099403,0.06697,0.081857,0.19283,0.1888,0.20413,0.10825,0.23811,0.088008,0.26226,0.11813,0.12259,0.04528,0.11391,0.17656,0.078716,0.10444,0.10795,0.093667,0.054893,0.085392,0.074951,0.079724,0.080744,0.14067,0.1282,0.21543,0.11363,-0.00094662,0.15676,0.099917,0.14183
0.10147,0.0055577,0.06904,0.073916,0.078588,0.085216,0.075215,0.10473,-0.0043786,0.025768,0.033862,0.074243,0.18592,0.11884,0.15016,0.085405,0.069104,0.089819,0.042049,0.30379,0.24854,0.29729,0.31537,0.17795,0.29398,0.27734,0.22478,0.24618,0.17133,0.1674,0.08669,0.29963,0.055461,0.021104,0.27759,0.23568,0.26842,0.27996,0.27282,0.23206,0.166,0.21928,0.10405,0.15217,0.13173,0.16869,0.14525,0.16285,-0.017694,0.12284,0.092592,0.041205,0.019895,0.010106,0.22993,0.13418,0.136,0.12425,0.18223,0.064646,0.090787,0.12156,0.06482,0.11411,0.14136,0.182,0.18352,0.29059,0.21982,0.22241,0.22112,0.21831,0.16454,0.16626,0.14504,0.061361,0.037383,0.036443,0.076227,0.014021,0.059052,0.036972,0.12815,0.078865,0.11755,-0.0099261,0.0021336,0.070897,0.035163,0.021381,0.061056,0.046008,0.10151,0.032536,0.076081,0.030397,0.14514,0.14371,0.14035,0.0777,0.067029,0.023285,0.041818,0.028138,0.06745,0.018621,0.029112,0.0092717,-0.062067,0.077298,0.057041,-0.042622,0.058668,0.088863,0.1581,-0.0016335,0.0058855,0.13551,0.093971,0.17351,0.13756,0.064308,0.16459,0.10744,0.14218,0.16316,0.06374,0.00305,0.06185,0.032856,0.023363,-0.002158,-0.023483,0.10941,0.15016,0.11865,-0.013181,0.079147,0.011969,0.17679,-0.029102,0.012951,0.16261,0.1688,0.12905,0.17704,0.04398,0.10249,0.017827,0.070655,0.02754,0.055844,0.039037,0.12775,0.18411,0.094421,0.21734,0.093615,0.035979,0.19381,0.25947,0.2313,0.062931,0.044184,0.23862,0.034984,0.063442,0.027258,0.089407,-0.012428,0.24952,0.17901,1,0.037912,0.22468,0.1678,0.2919,0.32195,0.28261,0.013296,0.055363,0.14571,0.026102,0.050432,0.021759,0.075711,0.12817,0.096478,0.029955,0.050649,0.064127,0.13312,0.17082,0.25867,-0.019832,0.040463,0.094741,0.08395,0.081039,0.30635,0.098875,0.24979,0.34791,0.3119,0.27714,0.26488,0.20343,0.22025,0.21582,0.13958,0.081169,0.29329,0.030836,0.0068968,0.21807,0.21063,0.24475,0.31192,0.25122,0.23849,0.16567,0.1094,0.15581,0.069132,0.078278,0.036517,0.1168,-0.0071083,0.0040181,0.064741,0.095699,0.026126,0.021851,0.086919,0.12465,0.085359,0.17055,0.11089,0.1492,0.11312,0.097223,0.074552,0.022796,0.04066,0.15762,0.13517,0.18924,0.19451,0.20439,0.17859,0.14811,0.22309,0.14288,0.1051,0.1159,0.070337,0.038632,0.1416,0.1262,0.10876,0.10226,-0.021399,0.086441,0.11198,0.073166,0.065303,0.087231,0.033436,0.022978,0.091347,0.054754,0.037831,0.036417,0.087401,0.067536,0.0095933,0.097595,0.0099328,0.11474,0.035811,0.087816,0.056905,0.0011361,0.035439,0.096378,0.029989,0.051538,-0.012207,0.11476,0.079368,0.079846,-0.027363,0.026784,0.15066,0.086371,0.12663,0.028878,0.08193,0.15485,0.089062,0.073363,0.048599,0.084612,0.021949,0.025522,0.18672,0.088103,0.070817,0.058013,0.077661,-0.0072645,0.025249,0.052889,0.063393,0.066721,0.14202,0.064629,0.12044,0.0493,0.14901,0.054327,0.066471,0.091437,0.11243,0.18363,0.078865,0.10621,0.13416,0.097454,0.14028,0.044421,0.066347,0.08731,0.090561,0.075205,0.010661,0.19193,0.13593,0.086581,-0.0067928,0.25912,0.23959,0.016039,0.018176,0.1888,0.064096,-0.020985,0.031085,0.06549,0.047657,0.22435,0.1602,0.21115,0.081957,0.24181,0.17588,0.31994,0.2198,0.14542,0.07663,0.072914,0.18454,0.058469,0.092147,0.11507,0.07575,0.076461,0.0095492,0.054307,0.037434,0.12032,0.12184,0.14577,0.18775,0.15186,-0.0245,0.16731,0.10427,0.086687
0.024598,0.042587,0.045307,0.046223,0.04354,-0.015399,0.02238,0.033474,-0.0010743,-0.014015,0.012432,-0.018212,0.10597,0.090454,0.10631,0.03038,0.041435,0.020296,0.086229,0.073949,0.09233,0.076276,0.081131,0.038691,0.10959,0.091652,0.099379,0.09018,0.034321,0.10374,0.030862,0.075873,0.053786,-0.046524,0.10183,0.094716,0.11146,0.085162,0.11515,0.12626,0.081961,0.078844,0.015888,0.0055079,0.021428,0.14652,0.05101,0.068318,0.054027,0.11258,0.04637,0.048848,0.04417,0.0088223,0.082418,0.019955,0.0052111,0.022894,0.057828,0.0072622,0.013338,-0.013704,-0.029618,0.072484,0.037238,0.046718,0.082417,0.11682,0.088872,0.10601,0.059387,0.10032,0.022452,0.026706,0.053181,0.00078558,0.039474,-0.00041984,-0.062761,0.065223,0.0089602,-0.010239,0.043478,0.057375,0.089674,0.02485,0.086848,0.079434,0.013756,0.058401,0.068211,0.029622,-0.042758,0.020172,0.022536,0.0059982,-0.01362,0.057124,0.075015,0.035051,0.020579,0.026584,-0.020797,-0.0042787,-0.030987,0.011594,0.016977,0.035742,-0.028973,-0.0043203,0.014047,-0.017292,0.040252,0.021912,0.068205,0.028925,0.049739,-0.014028,0.027184,0.028084,0.097123,0.069044,0.050141,0.011038,0.035985,0.044866,0.0012521,-0.011725,0.026617,-0.016491,0.017946,-0.041435,0.011081,0.036769,0.053309,0.056752,0.052698,-0.0050435,0.014026,0.11547,0.060149,0.047692,0.066341,0.090882,0.17445,0.26203,0.018223,0.022233,-0.004251,0.046191,0.055164,-0.0047485,0.013248,0.083785,0.058987,0.06996,0.15173,0.040962,0.030211,0.12685,0.089725,0.14967,-0.024634,0.0049036,0.12896,0.015219,-0.03618,-0.037914,0.10979,0.029576,0.05412,0.035595,0.037912,1,0.10591,0.075742,0.11024,0.1093,0.031161,0.024623,0.055548,0.0037093,0.05189,0.034955,0.020251,0.0073415,0.024018,0.013417,0.0082123,-0.048245,-0.012214,-0.0087149,0.048024,0.088548,0.024911,-0.018195,-0.0015681,-0.0096404,0.05765,0.079895,0.043898,0.078586,0.070431,0.0977,0.1023,0.10187,0.10181,0.087342,0.072031,0.015392,0.085809,0.055483,0.046636,-0.0038681,0.06194,0.12043,0.11245,0.089044,0.079325,0.0823,0.082773,0.083487,0.027203,0.068046,0.091828,0.041194,0.075346,0.013105,0.031617,0.11173,0.049502,0.036999,0.074745,0.064929,0.042944,0.0065326,0.077112,0.075847,0.069385,0.017349,0.027794,0.019676,-0.0055312,0.04038,0.072992,0.066303,0.099244,0.090837,0.074158,0.08256,0.05708,0.099526,0.027705,0.038669,0.047674,0.0091235,-0.0073196,-0.013097,0.083659,0.058263,0.041355,0.053268,0.12459,0.11496,0.069088,0.08533,0.070556,0.094907,0.057834,0.092541,0.099509,0.038663,0.077057,0.10441,0.058235,0.065487,-0.02172,0.037412,0.079525,0.10212,0.040316,0.011305,-0.050302,0.0045095,0.025394,0.075346,0.058801,0.0054001,0.062202,0.05544,0.043325,-0.006066,0.058168,0.1037,0.047301,0.044553,-0.0061022,-0.0050912,0.076454,0.029736,0.049457,-0.0052912,0.05644,0.02204,0.0051193,0.046101,-0.01665,-0.021994,-0.0085609,0.0023019,-0.0304,-0.014346,-0.020006,-0.031757,0.030848,0.067256,0.059394,0.015743,0.040068,0.048775,0.043593,0.047919,-0.0075711,0.05163,0.083254,0.095161,0.043407,0.099836,0.07367,0.14897,0.099455,0.034238,0.068258,0.073696,0.030671,-0.014198,0.10087,0.13049,0.071148,0.013952,0.12808,0.13959,0.0075682,-0.0050229,0.082424,-0.048395,-0.043042,0.035722,0.12568,0.080203,0.025854,0.085951,0.032236,0.039252,0.1168,0.075696,0.11317,0.073102,0.11994,0.057848,0.067713,0.081059,-0.023109,0.038035,-0.00047003,0.0075588,0.053418,0.021236,0.021382,0.039322,0.062817,0.024826,0.06162,0.048004,0.086101,0.026993,0.10913,0.047529,0.031341
0.1337,0.080648,0.12084,0.083465,0.093756,0.1581,0.079423,0.10026,-0.047158,-0.044524,9.1594e-05,0.018511,0.32877,0.17867,0.23861,0.11658,0.083987,0.0046868,0.10586,0.38875,0.73708,0.49694,0.48432,0.30439,0.52372,0.37254,0.52148,0.48913,0.30393,0.33292,0.069941,0.5278,0.02708,-0.14874,0.52207,0.36071,0.55464,0.50959,0.56113,0.59365,0.34087,0.63559,0.091191,0.16592,0.1759,0.33698,0.28654,0.20243,0.0034776,0.15528,0.046957,0.14586,0.069966,-0.00097938,0.44774,0.16675,0.033747,0.27649,0.34954,0.21619,0.12182,0.20275,-0.031006,0.1002,0.10356,0.21199,0.38616,0.43097,0.37676,0.51305,0.37056,0.47294,0.3285,0.25351,0.34114,0.031875,0.024157,-0.001402,0.031849,-0.017782,-0.018954,0.0196,0.068635,0.1174,0.15032,-0.027443,0.058024,0.14299,0.045691,0.045823,0.055061,-0.026231,0.056518,0.091675,0.072436,0.0027977,0.10597,0.2094,0.23198,0.10836,0.058067,0.0087905,-0.11066,-0.018746,-0.072287,-0.017482,0.004431,-0.029923,-0.13086,-0.014807,0.11891,-0.070222,0.10296,0.068578,0.21136,0.036386,-0.032451,0.16819,0.25987,0.22407,0.21152,0.12595,0.2881,0.13039,0.16698,0.26692,-0.019568,-0.026475,0.13739,-0.051396,0.045823,-0.047434,0.017352,0.22817,0.27635,0.28477,0.0060537,0.076035,0.039117,0.31467,0.017615,0.099369,0.31006,0.39933,0.11664,0.15921,0.15119,0.2503,-0.0046169,0.12734,0.13521,-0.011727,0.066513,0.26037,0.39638,0.12077,0.516,0.20966,0.29098,0.52424,0.27022,0.33647,-0.041721,0.040048,0.37667,0.11561,-0.033896,-0.1517,0.18762,-0.058507,0.31373,0.18483,0.22468,0.10591,1,0.55611,0.48838,0.61103,0.19758,0.0024697,0.039644,0.092328,0.023201,0.11142,0.0029288,0.10981,0.25816,0.065778,-0.078714,-0.040191,0.052914,0.19965,0.17926,0.50032,0.11952,-0.062661,0.081454,0.04259,0.025858,0.41955,0.11585,0.516,0.57377,0.51743,0.52146,0.50875,0.52984,0.45244,0.41976,0.25437,0.27287,0.4534,0.059439,-0.08855,0.39105,0.28717,0.58976,0.44932,0.46565,0.63434,0.37895,0.21018,0.25153,0.33481,0.25746,0.095715,0.36678,-0.050215,0.044053,0.12562,0.015271,0.040878,0.046863,0.15771,0.31223,0.076156,0.17695,0.20485,0.38752,0.17328,0.045397,0.18293,-0.0039837,-0.045668,0.17965,0.10875,0.32549,0.2665,0.31687,0.39504,0.2686,0.46447,0.18175,0.25728,0.17386,0.099117,0.058175,0.10238,0.19415,0.098099,0.10809,0.034974,0.13254,0.2444,0.099735,0.19202,0.13007,0.172,0.14724,0.17541,0.092228,0.059254,0.25096,0.28139,0.17352,0.13131,0.14736,0.051979,0.24271,0.16986,0.18313,0.11496,-0.14697,0.085495,0.052896,0.14383,0.11458,0.094105,0.17811,0.0095563,0.12712,-0.034305,0.1063,0.29054,0.12338,0.15602,0.043053,0.25778,0.33926,0.16177,0.23285,0.13365,0.21973,0.1406,0.024395,0.34078,0.07412,-0.00061143,0.027265,0.082008,0.016516,-0.034438,0.064961,0.063793,0.18849,0.21477,0.14022,0.17781,0.077145,0.2017,0.14896,0.23218,0.15725,0.41017,0.17495,0.11781,0.30728,0.39174,0.21807,0.30484,0.15463,0.096375,0.14405,0.1581,0.10493,0.059752,0.37055,0.45856,0.34189,-0.033428,0.30622,0.30032,0.060231,0.043611,0.29132,0.083167,-0.065135,0.083006,0.28239,0.12467,0.34599,0.27806,0.25584,0.11228,0.64926,0.43294,0.47694,0.35247,0.24572,0.11032,0.08304,0.36235,0.023748,0.1554,0.087355,0.088831,0.26073,0.041483,0.054413,0.16021,0.18588,0.21927,0.20057,0.41213,0.28995,-0.0057301,0.26561,0.086903,0.13193
0.07384,0.06724,0.081803,0.10614,0.01403,0.10765,0.042546,0.063639,-0.02297,-0.049056,0.017855,0.017354,0.22277,0.20356,0.22093,0.12053,0.048286,0.064441,0.15885,0.30258,0.59795,0.46076,0.36908,0.29683,0.43716,0.28502,0.39603,0.32626,0.27835,0.37881,-0.045498,0.47281,0.13783,0.0084217,0.49131,0.42878,0.48238,0.44478,0.46062,0.41717,0.24097,0.48836,0.085904,0.18835,0.039895,0.33464,0.1174,0.18256,0.11917,0.16588,0.027563,0.16479,0.10288,0.092678,0.29776,0.098319,0.025288,0.24006,0.24905,0.092739,0.21419,0.14031,0.020508,0.17936,0.14671,0.40528,0.5377,0.40138,0.44691,0.41752,0.4114,0.32266,0.38803,0.23788,0.34598,0.042876,0.053816,0.089267,0.05746,-0.030856,-0.02378,-0.027676,0.025398,0.089037,0.031633,0.012747,0.12146,0.051359,0.081787,0.097608,0.13656,-0.070827,-0.047598,-0.0080628,0.068889,0.054805,0.11175,0.19039,0.20669,0.097507,0.12862,0.039226,-0.069904,-0.003397,-0.077471,0.01574,0.068952,0.059106,0.0022615,-0.063761,0.041266,-0.022486,0.051052,0.21375,0.22845,0.085942,-0.013851,0.096625,0.19705,0.17702,0.11293,0.18124,0.15238,0.08459,0.073641,0.14731,-0.020391,0.041013,0.11247,-0.071203,0.10256,0.015876,0.10169,0.18246,0.38929,0.40127,0.032533,0.1611,0.086784,0.23508,0.074923,0.056855,0.15647,0.2193,0.070387,0.079596,0.20008,0.1087,0.029779,0.14564,0.15718,0.11768,0.12835,0.1828,0.30165,0.16303,0.59971,0.16346,0.3695,0.44136,0.22062,0.27201,0.016501,0.24287,0.40342,0.14246,0.042547,-0.079022,0.20237,0.056564,0.39193,0.11936,0.1678,0.075742,0.55611,1,0.51672,0.5177,0.10125,0.072124,0.073513,0.10928,0.0090616,-0.018313,-0.040267,0.054856,0.17761,-0.03281,-0.035037,-0.0090313,0.03641,0.1807,0.057094,0.31457,0.20618,-0.036674,0.05399,0.048971,-0.029857,0.29552,0.27253,0.46297,0.40109,0.3737,0.38184,0.35654,0.34322,0.27581,0.42224,0.24499,0.13518,0.36448,0.11845,0.041937,0.4614,0.37813,0.39632,0.36644,0.42335,0.49027,0.3732,0.33087,0.22599,0.28115,0.16419,0.11426,0.22497,0.042967,0.17373,0.17777,0.02554,0.14928,0.073718,0.1694,0.21295,0.11216,0.13513,0.11548,0.35631,0.12146,0.22501,0.19314,0.0050676,-0.015345,0.25751,0.24374,0.3904,0.31934,0.41329,0.27842,0.29408,0.26394,0.18453,0.22987,0.095695,0.14351,0.048812,0.053035,0.13144,0.054209,0.05491,0.074646,0.11439,0.20118,0.068985,0.20541,0.11677,0.13991,0.13703,0.17931,0.16914,0.12139,0.18735,0.1918,0.14387,0.13004,0.10185,0.032044,0.22517,0.18363,0.14312,0.10617,-0.11963,0.12064,-0.022528,0.17765,0.13024,0.1572,0.193,-0.026607,0.11552,0.10348,0.1021,0.30925,0.16975,0.092303,0.033853,0.12803,0.13607,0.14006,0.214,0.089647,0.23015,0.18863,0.0058491,0.10938,0.019358,-0.075038,0.043777,-0.041004,-0.0075498,-0.026226,0.039957,0.029055,0.19025,0.20691,0.033903,0.10436,0.051651,0.13544,0.11735,0.18932,0.062988,0.26312,0.049854,0.040931,0.18103,0.22337,0.2408,0.26471,0.23898,0.16126,0.1326,0.09951,0.12536,0.087383,0.44538,0.31023,0.29547,-0.064225,0.22882,0.18689,0.11624,0.15757,0.29351,0.085277,-0.060159,0.11312,0.28715,0.21767,0.38179,0.178,0.13443,0.010641,0.53547,0.56274,0.45692,0.38846,0.1898,0.15665,0.096624,0.30147,-0.021149,0.088539,0.02129,0.10347,0.17032,0.026619,0.12024,0.11404,0.13761,0.08697,0.066493,0.21008,0.23882,0.086693,0.10687,0.083669,0.11038
0.092548,0.045019,0.094996,0.12494,0.093351,0.13476,0.11148,0.13283,-0.028088,-0.01832,0.086625,0.05841,0.34481,0.29364,0.30689,0.18654,0.13357,0.18374,0.12895,0.58422,0.46626,0.70245,0.66031,0.53257,0.71212,0.49099,0.49097,0.47738,0.48764,0.48182,0.13322,0.74165,0.21273,0.089307,0.76242,0.62664,0.52559,0.71699,0.70289,0.61789,0.44444,0.47523,0.24901,0.28227,0.20529,0.39609,0.17251,0.28055,-0.021942,0.18323,0.14073,0.074331,0.10536,0.0083818,0.46315,0.30358,0.20449,0.24726,0.28927,0.16376,0.16034,0.23481,0.10429,0.2853,0.34344,0.30391,0.51947,0.63725,0.65739,0.47721,0.35207,0.46852,0.31237,0.24406,0.3163,0.1116,0.061593,0.12578,0.18819,-0.0029533,0.048692,0.058648,0.12393,0.099979,0.13582,-0.066862,0.00098231,0.0024228,0.0216,0.01861,0.087645,0.034568,0.12047,-0.02649,0.055465,0.022098,0.27661,0.33495,0.36058,0.1516,0.20074,0.082505,-0.0030717,0.069921,0.075604,-0.0068964,0.017278,-0.022606,-0.13214,0.093379,0.11954,-0.063251,0.042605,0.30547,0.30505,0.064591,-0.023476,0.19518,0.16697,0.22458,0.2085,0.22919,0.23783,0.10917,0.16971,0.31303,0.10461,0.090402,0.11271,0.024001,0.081963,0.033632,0.076291,0.14734,0.27872,0.40378,-0.027556,0.19113,0.096954,0.40475,0.038153,0.037683,0.28028,0.2506,0.13843,0.15444,0.080094,0.11539,-0.046627,0.040108,0.023348,0.1132,0.072692,0.2277,0.32793,0.18041,0.65243,0.16211,0.15098,0.41724,0.54028,0.54378,0.15678,0.24063,0.69687,0.10454,0.15027,0.014181,0.10233,-0.046849,0.67881,0.22924,0.2919,0.11024,0.48838,0.51672,1,0.75361,0.24243,0.01222,0.10072,0.16834,0.03685,0.053011,-0.018047,0.12239,0.22954,0.16894,-0.01748,0.026647,0.037109,0.2749,0.2094,0.38887,0.018487,-0.005278,0.1168,0.12173,0.068761,0.62487,0.057045,0.64436,0.65588,0.66418,0.6439,0.56033,0.41918,0.39881,0.49408,0.2772,0.1845,0.65869,0.11146,0.018842,0.66945,0.64525,0.48804,0.66785,0.59059,0.62925,0.47783,0.27378,0.37679,0.29368,0.22452,0.096901,0.24105,-0.046246,0.014888,0.11348,0.093025,-0.003524,0.020986,0.11849,0.24398,0.20827,0.27565,0.17466,0.32094,0.21756,0.19244,0.20441,0.0083469,0.070123,0.48314,0.13128,0.43871,0.53871,0.55813,0.26526,0.21077,0.42232,0.12241,0.19214,0.072927,0.12078,0.11722,0.20274,0.25219,0.095303,0.11007,0.075721,0.14034,0.16514,0.10067,0.12612,0.031169,0.086445,0.13533,0.18991,0.10935,0.10732,0.17118,0.2265,0.13826,0.13343,0.069513,0.048809,0.21261,0.16089,0.12807,0.10549,-0.12013,0.10035,0.11111,0.085059,0.039427,0.089321,0.1555,0.082269,0.18293,-0.0037724,0.075756,0.44016,0.10764,0.14361,0.031179,0.20405,0.21667,0.086511,0.28626,0.13272,0.26565,0.13476,-0.0005136,0.26798,0.14929,0.063943,0.079278,0.083768,-0.0070528,0.022692,0.09886,-0.0087433,0.056425,0.20402,0.080406,0.15886,0.093722,0.24441,0.11019,0.19769,0.13609,0.24047,0.16307,0.060968,0.17474,0.26621,0.21864,0.24891,0.13044,0.11173,0.13448,0.12918,0.11338,0.019807,0.52563,0.31796,0.17734,-0.075821,0.48281,0.53281,0.11473,0.1109,0.50448,0.024483,-0.13491,0.10175,0.21721,0.13476,0.5904,0.27538,0.25203,0.048546,0.62394,0.5054,0.78887,0.48777,0.25554,0.077267,0.07474,0.39057,0.015973,0.1189,0.10076,0.18486,0.20694,0.06434,0.068328,0.11434,0.15184,0.18293,0.24627,0.3079,0.19306,0.0061962,0.17916,0.17437,0.25849
0.13741,0.046621,0.12798,0.11062,0.12484,0.16624,0.11162,0.19541,-0.049546,-0.039477,0.089838,0.11989,0.36136,0.2346,0.30527,0.16784,0.15668,0.18192,0.079899,0.54803,0.64937,0.69646,0.60481,0.36814,0.6172,0.52671,0.48272,0.49618,0.5155,0.49815,0.17339,0.75994,0.096566,0.025994,0.75732,0.54608,0.56138,0.72398,0.67713,0.60453,0.37458,0.68459,0.2157,0.38983,0.21939,0.39055,0.29501,0.31265,-0.081302,0.1444,0.12221,0.036769,0.060057,-0.032311,0.45839,0.31376,0.24705,0.22053,0.3423,0.17957,0.16843,0.30091,0.16264,0.29503,0.31509,0.31493,0.45255,0.67189,0.58889,0.46408,0.35805,0.48695,0.28876,0.28609,0.3188,0.12763,0.088862,0.076222,0.17082,-0.031316,0.05209,0.096965,0.16603,0.12075,0.22651,-0.079311,-0.054221,0.001097,-0.0024477,-0.040255,0.038154,0.08048,0.1848,-0.002115,0.082679,0.049167,0.33509,0.40118,0.40069,0.20325,0.23828,0.11657,0.054772,0.11085,0.096424,-0.043399,-0.0086656,-0.069512,-0.21277,0.16635,0.1553,-0.098909,0.07932,0.24658,0.37523,0.047919,-0.059645,0.21891,0.21041,0.242,0.20524,0.1897,0.30951,0.17327,0.21279,0.33922,0.15435,0.064005,0.1304,0.095046,0.061603,0.022939,0.02748,0.18091,0.28368,0.37523,-0.03728,0.16585,0.048244,0.39175,-0.018134,0.033582,0.2987,0.3428,0.21614,0.18357,0.035396,0.17453,-0.040832,0.010548,-0.014409,0.089278,0.012301,0.2785,0.40207,0.24688,0.55156,0.23481,0.22216,0.50801,0.52779,0.57951,0.17045,0.1406,0.63349,0.14664,0.22856,0.035633,0.064919,-0.096195,0.60737,0.26697,0.32195,0.1093,0.61103,0.5177,0.75361,1,0.25867,-0.019522,0.062907,0.15825,0.025857,0.12237,0.027518,0.14954,0.24431,0.25397,0.03862,0.056153,0.071204,0.25821,0.27117,0.52341,-0.049654,-0.015785,0.12132,0.1167,0.054422,0.57204,0.085953,0.64252,0.66892,0.64435,0.59754,0.56772,0.45041,0.43529,0.5182,0.33346,0.17914,0.68086,0.066582,-0.026775,0.60932,0.56074,0.55896,0.66238,0.56703,0.62807,0.3859,0.27732,0.36183,0.27397,0.18111,0.10134,0.28166,-0.073767,-0.051908,0.059628,0.078307,-0.03547,0.016305,0.11708,0.27559,0.17417,0.33743,0.15439,0.28832,0.20636,0.14492,0.18561,0.030126,0.070279,0.41546,0.11766,0.40744,0.47614,0.53722,0.3008,0.20329,0.4692,0.14325,0.19065,0.13371,0.097976,0.1075,0.26584,0.25154,0.11668,0.12293,0.046068,0.10474,0.16297,0.11118,0.080963,0.061761,0.015651,0.082745,0.1403,0.052815,0.08997,0.14199,0.18338,0.12593,0.09498,0.16016,0.067947,0.26375,0.16126,0.22288,0.13734,-0.062474,0.11154,0.13239,-0.0039173,0.010091,0.055873,0.13429,0.13556,0.1941,-0.03963,0.058599,0.44845,0.1474,0.19118,0.03282,0.22513,0.2853,0.15683,0.23093,0.14742,0.22763,0.12004,0.033417,0.34738,0.18862,0.14015,0.069025,0.17998,0.028378,0.027428,0.11704,0.040507,0.080553,0.27376,0.10222,0.20776,0.088601,0.3143,0.14032,0.18346,0.19222,0.26867,0.24149,0.12776,0.22752,0.31316,0.17081,0.22743,0.04886,0.10059,0.1398,0.12784,0.092194,0.09209,0.49633,0.35328,0.30735,0.018259,0.47987,0.53546,0.12922,0.091471,0.46857,0.091048,-0.041098,0.08718,0.15772,0.073576,0.55589,0.30605,0.30479,0.13374,0.61992,0.49658,0.67113,0.53228,0.24981,0.054059,0.098958,0.37359,0.056352,0.19246,0.15385,0.14407,0.19784,0.10421,0.11307,0.12742,0.14786,0.24745,0.287,0.40354,0.20817,-0.036571,0.26702,0.15401,0.24407
0.11326,0.02797,-0.021926,0.041956,0.096503,0.13097,-0.0081856,0.052712,-0.050982,-0.027275,0.0014038,0.04041,0.21389,0.10308,0.12129,0.12823,0.081081,0.12817,-5.2984e-05,0.3226,0.19558,0.25849,0.31762,0.16282,0.26667,0.23817,0.15881,0.25132,0.17527,0.099576,0.0085384,0.27088,0.15158,0.10327,0.20572,0.089293,0.2273,0.19946,0.21793,0.18811,0.16323,0.19489,0.13241,0.10842,0.11792,0.16944,0.085805,0.17922,0.04288,0.18179,0.10238,0.086993,0.045422,0.083491,0.22272,0.18731,0.1612,0.14535,0.11036,0.12856,0.18152,0.1262,0.072606,0.15211,0.20685,0.1364,0.10579,0.19998,0.17517,0.2005,0.17656,0.19902,0.15938,0.14336,0.12979,0.10305,0.055104,0.034413,0.1336,-0.031919,0.074905,0.095761,0.11855,0.028718,0.084565,0.053106,0.059685,0.043691,-0.035554,-0.035048,0.075195,0.021542,0.1128,-0.0093091,0.041399,0.097657,0.1088,0.11925,0.086959,0.054313,0.050731,0.030331,0.072764,0.058838,0.061821,0.0076486,0.063975,0.030379,-0.00022631,0.076584,0.093099,-0.0045831,0.04067,0.023188,0.16875,0.10824,-0.011591,0.086828,0.11905,0.12998,0.1311,0.12247,0.13926,0.1136,0.14513,0.18244,0.05912,0.102,-0.00083427,0.0105,0.0072623,0.023282,0.053063,0.10598,0.10148,0.11944,-0.068718,0.12637,0.044898,0.26169,0.033195,-0.055511,0.16946,0.13431,0.12074,0.25321,0.010758,0.11767,0.073771,0.072877,0.091593,0.10781,0.1075,0.2053,0.22261,0.12727,0.12047,0.15275,0.093372,0.21741,0.31509,0.24789,0.11996,0.088106,0.20893,0.062677,0.064398,0.078848,0.13733,0.079198,0.25979,0.21936,0.28261,0.031161,0.19758,0.10125,0.24243,0.25867,1,0.050848,0.063858,0.11193,0.0034539,-0.0024218,-0.018984,0.077886,0.11867,0.11244,0.057187,0.01683,0.0075523,0.11254,0.067237,0.18894,0.031633,0.059295,0.076898,0.1364,-0.017687,0.30064,0.053799,0.23184,0.33649,0.27677,0.31388,0.31053,0.16545,0.23099,0.22698,0.14426,0.037852,0.2182,0.030135,0.05689,0.1635,0.13472,0.26913,0.27095,0.23702,0.23035,0.16498,0.13444,0.20462,0.060218,-0.0049276,0.11071,0.15334,-0.010731,0.018322,0.13893,0.034687,-0.010119,-0.011574,0.11093,0.058007,0.1241,0.13074,0.076281,0.13752,0.14727,0.14108,0.084027,0.036053,0.077051,0.10671,0.12059,0.13001,0.12482,0.18089,0.15746,0.15791,0.2317,0.13645,0.14989,0.085736,0.06007,0.045699,0.12118,0.14655,0.063741,0.099048,-0.010118,-0.0071411,0.12082,0.11946,0.025509,0.098495,0.015944,-0.042226,-0.0045808,0.045956,0.084292,0.028417,0.054627,0.061555,0.044442,0.1102,0.0056037,0.07594,0.079766,0.081448,0.12467,0.026979,0.087563,0.10952,-0.036356,0.097242,0.038858,0.055409,0.061587,0.078243,-0.030711,0.0022613,0.14762,0.10252,0.15563,-0.01739,0.1212,0.15741,0.073623,0.20035,0.094795,0.13401,0.10405,-0.003998,0.19279,0.15323,0.064169,0.029355,0.10386,0.020707,0.065491,0.12767,0.074579,0.082409,0.13782,0.0080785,0.14254,0.011343,0.18471,0.047194,0.07949,0.057028,0.1123,0.12949,0.085928,0.12567,0.10997,0.089809,0.13112,0.018031,0.037733,0.0656,0.013411,0.033005,0.0054238,0.15914,0.094468,0.068789,-0.0079044,0.26121,0.26441,0.096971,0.083034,0.16629,0.099099,0.0057925,0.064709,0.09567,0.087354,0.14796,0.2284,0.23358,0.13603,0.24232,0.11961,0.30964,0.13847,0.076877,0.043743,0.097384,0.21219,0.085648,0.14635,0.071446,0.12039,0.071426,0.064763,0.049628,0.026942,0.03685,0.072256,0.08681,0.16986,0.13623,0.021198,0.081612,0.05992,0.17795
0.019021,-0.046051,-0.006635,0.070575,0.00066205,0.12595,-0.0082075,0.041732,0.012166,-0.05619,-0.0057015,-0.025476,0.080155,0.081612,0.047384,0.098657,0.082319,0.36355,0.11304,0.16285,-0.0092757,-0.016259,0.095628,0.11247,0.10838,0.049808,-0.07282,0.038162,-0.042366,-0.11008,-0.13384,-0.040204,0.45033,0.48915,-0.04944,-0.047789,0.091546,-0.056722,0.043429,0.0041181,0.11947,0.021743,0.1033,0.016651,0.10789,0.23083,0.045586,0.24273,0.53403,0.37413,0.34119,0.37038,0.355,0.61546,-0.028729,0.028216,0.071075,0.078514,-0.060186,-0.052969,0.086925,-0.072553,0.030284,0.052537,0.19428,0.019201,-0.063551,-0.0044423,-0.063301,-0.023054,0.074403,-0.0024196,0.055626,-0.039377,0.0042198,0.025976,0.042961,0.034445,0.060314,0.10125,0.20168,0.13518,0.27773,0.15752,0.027598,0.53582,0.51285,0.2396,0.26917,0.39997,0.43908,0.27919,-0.061043,0.013619,0.17746,0.33284,-0.14942,-0.056139,-0.13022,0.056321,-0.13509,0.17985,0.136,0.058927,0.12488,0.34229,0.25066,0.40577,0.39331,0.14723,0.079218,0.2486,0.1652,-0.051852,-0.061525,0.33979,0.40098,-0.027611,0.028663,-0.016636,0.0076761,0.13929,-0.0067676,-0.08711,-0.019983,0.0085114,-0.12252,-0.017287,-0.05931,0.015217,0.077327,-0.039834,0.082205,-0.0098699,-0.0079518,-0.045084,0.014092,0.16845,0.08662,0.063915,0.053218,-0.051138,-0.010787,-0.0473,-0.0067621,0.094999,0.14861,0.11666,0.51892,0.23888,0.30748,0.36519,0.31135,0.10612,0.13892,0.025799,0.027878,0.24924,0.20132,0.080665,0.21539,0.013966,0.2245,0.36317,0.0078745,-0.04487,-0.098001,0.45827,0.53731,0.56864,0.11324,0.026595,0.013296,0.024623,0.0024697,0.072124,0.01222,-0.019522,0.050848,1,0.3334,0.0752,0.011049,-0.020632,-0.03298,-0.011984,-0.02987,-0.12922,0.39798,0.091054,0.023876,0.061414,-0.011214,-0.084829,0.27771,0.36365,0.029693,0.1299,0.058333,0.065496,0.033282,-0.0048807,0.032408,0.046194,0.13172,0.13911,-0.030303,0.027879,-0.044707,-0.079861,-0.074737,-0.084464,0.26837,0.5138,-0.039147,-0.10516,0.07849,0.010236,0.09351,0.063922,0.10421,0.0089286,0.1187,0.050982,-0.070693,0.15407,0.1066,0.17508,0.36609,0.32514,0.21265,0.20334,0.20882,0.36279,-0.062307,0.091933,0.041601,-0.0088746,0.049015,0.027449,0.059982,-0.012743,-0.057919,0.004392,-0.12622,0.07166,-0.026943,-0.099814,0.098645,-0.042113,0.092454,0.034673,0.065333,0.0123,-0.08202,0.19887,0.11343,0.021273,0.059125,0.22788,0.26561,0.088548,0.15395,0.26641,0.087789,0.22065,0.28631,0.17806,0.041835,0.12472,0.18148,0.29606,-0.10028,-0.040779,-0.053857,0.084007,-0.097886,-0.081107,-0.12393,0.048195,-0.12105,0.24723,0.073602,0.25581,0.18606,0.1688,0.21619,0.26343,0.22842,0.11989,0.13458,0.13971,0.063043,0.082186,-0.036371,0.054493,0.073547,-0.014703,-0.0070982,-0.033592,0.13611,0.044173,0.04678,0.017223,-0.10363,-0.066552,0.078517,-0.067149,-0.002797,-0.0044247,0.15357,0.030355,0.01113,-0.0021444,0.017829,-0.060034,-0.056878,0.10898,0.022705,0.07955,-0.043058,-0.018017,-0.055304,-0.12706,0.0015272,-0.035326,-0.041339,-0.022194,0.24129,0.065743,0.21506,0.15881,0.14815,0.02577,-0.01279,-0.11879,0.046736,-0.067879,-0.03717,-0.084131,0.12355,0.057879,0.21338,0.30126,-0.0094119,0.023696,-0.018782,0.40255,0.28607,0.33433,-0.057685,0.076993,0.028639,0.023033,0.078612,-0.034125,0.11282,-0.050248,0.024136,0.30618,0.26842,0.12324,0.067873,0.081725,0.034732,0.01803,0.00049185,0.10523,0.30789,0.041492,0.077692,-0.031036,-0.039615,-0.12819,0.15684,0.17259,-0.079802,0.14986,0.29035
-0.037156,-0.025862,-0.038126,0.021563,-0.062876,0.04113,0.00013813,-0.00076481,0.023912,-0.017171,-0.044928,-0.053636,0.050427,0.13038,0.057387,0.07022,0.070903,0.27659,0.10764,0.14188,-0.024675,0.06851,0.128,0.15591,0.14342,0.068169,0.051713,0.068907,0.12784,0.078851,0.00613,0.043163,0.25637,0.28604,0.030362,0.060954,0.11247,0.035175,0.11324,0.056375,0.11705,0.027205,0.092889,0.13323,0.0059579,0.24256,0.013759,0.32994,0.27486,0.28353,0.19484,0.14659,0.23554,0.27535,0.020704,0.0028791,0.12845,0.043615,-0.027834,-0.052418,0.0831,-0.044849,0.16532,0.15154,0.20449,0.059805,0.022495,0.073636,0.11822,0.072583,0.064534,0.068404,0.032676,-0.070964,0.088771,0.072626,0.082743,0.11277,0.023838,-0.0093903,0.079737,0.12596,0.14619,0.10068,-0.021544,0.3277,0.39425,0.019366,0.18913,0.18152,0.2221,0.18805,0.010554,-0.019632,0.06364,0.17193,0.069898,0.10768,0.12075,0.15552,0.10578,0.1974,0.18304,0.097202,0.12865,0.216,0.067395,0.23733,0.2068,0.027226,-0.0052061,0.086402,0.016301,0.1609,0.11984,0.35975,0.31629,0.0054979,0.099958,-0.0032247,0.010378,0.1391,0.0057915,-0.10734,-0.0085952,0.01759,-0.0029815,0.022034,0.024297,0.067312,0.11966,0.021368,0.031777,0.022417,0.044505,0.14626,0.01317,0.12961,0.034406,0.12129,0.041265,-0.0061521,-0.037162,0.0043864,-0.031112,0.040504,0.11069,0.071236,0.28919,0.061965,0.11025,0.35148,0.19256,0.024324,0.054675,0.23736,0.089977,0.1987,0.23396,0.15487,0.22724,0.25444,0.27029,0.38884,0.23124,0.024029,0.062572,0.34315,0.30502,0.37668,0.12769,0.031305,0.055363,0.055548,0.039644,0.073513,0.10072,0.062907,0.063858,0.3334,1,0.091661,-0.031011,-0.01068,-0.017511,-0.011984,0.036577,-0.029302,0.3371,0.14614,0.063867,0.074693,-0.043712,-0.036348,0.2305,0.24895,0.025019,0.094404,0.028298,0.10957,0.099547,0.076479,0.07829,0.12758,0.16385,0.14522,0.059841,0.057464,0.12441,0.066016,-0.063511,0.014572,0.14677,0.25394,0.021953,0.10989,0.084311,0.043529,0.11479,0.11482,0.20871,0.11318,0.093915,0.03872,-0.046634,0.17831,0.079803,0.20148,0.15882,0.21279,0.066536,0.089688,0.09452,0.091475,-0.02751,0.088876,0.11159,-0.046033,0.062734,-0.004045,0.097485,0.076538,0.10139,0.15609,0.13062,0.070138,0.11812,0.050199,0.16827,0.067729,0.11246,0.07772,0.018204,0.039236,-0.005439,0.14071,0.10994,0.0025777,0.020977,0.079836,0.099588,0.10187,0.099769,0.10986,0.0044978,0.080435,0.21778,0.017273,-0.034243,-0.044071,0.058738,0.15846,-0.044622,-0.060675,-0.055421,0.023587,0.070214,-0.055172,0.097572,0.01475,0.094599,0.20672,0.14344,0.17206,0.11088,0.080037,0.034521,0.17202,0.051245,0.063425,0.041444,0.088812,-0.037055,0.19627,0.21833,0.10403,0.11938,0.084449,0.037386,-0.017707,0.17868,0.027604,0.11184,0.061958,-0.030958,-0.090563,0.058764,-0.058933,-0.0049631,-0.051856,-0.0071499,-0.004331,-0.016274,-0.01811,0.12466,0.12368,-0.05463,0.025384,-0.021908,0.049076,-0.0075849,0.006053,-0.059586,-0.047823,0.0009263,0.051003,-0.071014,-0.0067733,0.1138,-0.017776,0.055049,0.13467,0.059618,0.062091,0.095449,0.13795,0.23565,-0.038018,0.044475,0.17014,0.19861,0.23119,0.20171,0.23793,0.17804,0.021532,0.14082,0.24687,0.12361,0.15775,-0.00046258,0.070087,-0.0044651,-0.011423,0.10774,0.069909,0.16951,0.042852,0.10447,0.09396,0.18543,0.12846,-0.022843,0.042382,-0.058171,0.038234,0.044523,0.053302,0.19317,0.081666,-0.00011851,0.0086214,-0.013523,-0.046997,0.041071,0.10789,-0.068944,0.058405,0.11937
0.027931,-0.0059328,0.036272,0.043815,0.019509,0.070745,0.071611,0.098195,0.0040447,-0.016101,0.088851,0.027621,0.080754,0.10184,0.057161,0.055022,0.072272,0.13161,0.038549,0.21183,0.067444,0.13124,0.2027,0.15221,0.2076,0.18457,0.079289,0.10853,0.13905,0.1078,0.010503,0.16073,0.096988,0.093215,0.12648,0.16472,0.17776,0.14936,0.16892,0.12954,0.14209,0.071678,0.086954,0.074804,0.053845,0.077169,-0.019582,0.14549,-0.04284,0.060904,0.059131,0.026074,0.10576,0.061375,0.11461,0.088081,0.091893,0.079865,0.065799,0.050527,0.084139,0.11666,0.10848,0.081525,0.13726,0.14894,0.12755,0.12185,0.17434,0.107,0.16057,0.095788,0.15151,0.086935,0.1672,0.078743,0.026268,0.053658,0.096275,0.0084404,0.069998,0.040105,0.04719,0.033454,0.0077514,0.024097,-0.014646,-0.068931,0.00066189,-0.02045,0.063523,0.037107,0.065916,-0.047168,0.025716,0.067129,0.11352,0.087068,0.061994,0.057704,0.092901,0.097144,0.12875,0.09769,0.085069,0.024619,0.0078705,0.063537,-0.00014951,0.063934,0.025741,0.011299,0.011628,0.096775,0.14301,0.071593,0.039277,0.083945,0.077353,0.03453,0.036199,0.062318,0.051292,0.026906,0.022125,0.050814,0.078218,0.067718,0.016261,0.063713,0.032361,0.041011,0.039226,0.077956,0.15951,0.16281,0.0077872,0.0904,0.036126,0.11071,0.027878,-0.014371,0.082679,0.010007,0.052436,0.091703,0.011575,0.0364,0.03072,0.023023,-0.0087039,0.10119,0.073536,0.12295,0.13282,0.080776,0.15137,0.064561,0.053918,0.093031,0.14482,0.10532,0.14599,0.14166,0.17209,0.090933,0.093781,0.095893,-0.0071737,0.048749,0.12537,0.12928,0.14571,0.0037093,0.092328,0.10928,0.16834,0.15825,0.11193,0.0752,0.091661,1,0.011437,-0.0003363,0.015727,0.044068,0.067398,0.037013,0.12261,0.079798,0.030584,0.096676,0.066839,0.034597,-0.019394,0.095633,0.088934,0.085684,0.038437,0.18087,0.12223,0.12347,0.19122,0.18719,0.1873,0.17687,0.10625,0.15176,0.15527,0.12689,-0.01367,0.12544,0.081543,0.053104,0.08941,0.15719,0.15932,0.19905,0.20129,0.15495,0.22848,0.10778,0.10168,0.00038336,-0.026021,0.032201,0.016806,0.018311,-0.015746,0.022943,0.056924,-0.016281,0.0275,0.026733,0.081732,0.10559,0.13312,0.041894,0.11828,0.080514,0.15818,0.12049,0.032866,0.0479,0.09142,0.19037,0.14362,0.13564,0.16087,0.16243,0.21724,0.14737,0.15884,0.11797,0.13274,0.094919,0.030818,0.1093,0.088017,0.025688,0.019706,-0.0072885,-0.033724,0.050341,0.021005,-0.037519,0.029243,-0.077106,-0.05394,-0.018213,-0.0077211,0.056965,-0.055741,-0.048229,-0.043501,-0.0053845,0.14574,-0.052423,0.066718,-0.00036948,0.056008,0.098291,0.093713,0.12815,0.090658,-0.051075,0.0076816,0.045065,0.0093364,0.068174,0.017607,-0.0053218,-0.063343,0.13475,0.11373,0.06445,0.043176,0.11096,0.11011,0.10714,0.14334,0.003526,0.10081,0.070773,0.058941,0.036194,0.1214,0.033893,0.046586,0.027868,-0.022803,0.055374,0.057244,0.048132,0.14443,0.15555,-0.027556,0.080064,-0.0035524,0.1064,-0.035989,-0.0037174,0.027844,-0.00087153,0.021123,0.012108,0.010574,0.020324,0.014203,-0.0043551,-0.016343,0.067108,0.050337,0.040513,0.060344,0.056538,0.20566,0.029149,0.043666,-0.013643,0.10098,0.11497,0.11641,0.086395,0.1327,0.14502,0.062661,0.045302,-0.053356,-0.012348,0.090123,0.093399,0.10135,-0.0031061,0.11619,0.11757,0.21834,0.086306,0.059473,0.024914,0.044062,0.14911,0.043115,0.042191,0.063915,0.049863,0.05076,0.043499,0.079296,0.0014228,0.02126,0.020511,0.030895,0.080365,0.042495,0.052199,0.013545,0.075538,0.087025
-0.015111,-0.0081325,0.07095,0.051571,0.064102,-0.010495,0.037311,0.044993,-0.0047479,-0.021493,0.018192,0.031325,0.047463,0.07287,0.02617,0.0077075,0.0133,-0.034251,0.048212,0.03104,0.034532,0.05077,0.023222,0.0066928,0.028278,0.0045764,0.072025,0.061408,0.0068613,0.026683,0.035127,0.017199,-0.027772,-0.07679,0.040705,0.031645,-0.017426,0.013922,-0.0076796,0.018372,0.002504,0.0058039,0.0551,-0.015276,0.064964,0.022425,0.048468,-0.044196,-0.0082843,-0.0094155,0.019933,0.0050442,-0.016846,-0.040256,0.044542,-0.021644,0.0013365,0.010243,0.052088,0.063164,-0.026925,-0.0030513,-0.037168,-0.011428,-0.041363,-0.0069491,0.057735,0.012771,-0.0063874,0.055471,0.027229,0.045585,0.0080354,0.00098137,-0.00080795,0.044843,0.039697,-0.012696,-0.027889,0.10192,-0.015863,0.0026805,0.056096,0.055627,0.064321,-0.056115,-0.040575,0.10241,0.0046722,0.01855,0.041092,0.0082214,-0.015478,0.016943,0.08095,-0.032761,-0.0023672,0.041669,0.030455,0.038239,-0.020653,-0.023033,-0.065151,-0.028832,-0.004993,0.0044491,0.046161,-0.047312,-0.024001,-0.0060907,0.027812,0.044167,0.047722,-0.031123,-0.016687,-0.056082,-0.026417,0.016219,0.016024,0.036828,0.056006,0.0025226,0.048783,0.064541,0.038788,0.036422,-0.0099769,-0.067841,0.033202,0.0089465,-0.0013469,-0.038884,-0.032503,-0.0067367,0.039749,-0.0047166,0.032999,-0.022173,-0.0021686,0.020906,-0.0016898,0.021819,0.044953,0.015156,0.013503,0.033029,0.0038391,0.0031233,-0.049242,0.06421,0.0088039,-0.037986,-0.03036,0.037408,-0.017596,-0.026688,0.051129,-0.061857,-0.023755,0.028371,0.0078216,0.010943,-0.064103,-0.066283,-0.019015,0.0034358,0.0030951,-0.077857,0.011088,-0.069225,-0.025303,-0.0025624,0.026102,0.05189,0.023201,0.0090616,0.03685,0.025857,0.0034539,0.011049,-0.031011,0.011437,1,0.10761,0.05759,0.06146,0.034098,0.0032288,-0.052928,-0.036645,-0.0019659,0.039456,0.047288,0.064131,-0.0041699,-0.042637,0.0018981,-0.025797,0.062792,0.036053,0.0086543,0.032257,0.027326,0.031423,-0.0006094,0.0038334,0.044969,0.04919,0.0075137,0.0047672,0.057944,0.033383,0.00457,-0.045823,0.035583,0.026583,0.0080106,0.0053008,-0.016331,0.026866,0.0047114,-0.015802,0.028848,0.019306,0.066189,-0.044606,0.025314,-0.036729,0.011581,0.00015206,0.010764,0.058628,0.052202,0.022137,0.035831,0.016018,0.04793,0.08587,0.04266,-0.015937,-0.0093741,0.02476,-0.015109,-0.013005,0.0011046,0.010173,0.0027512,0.025861,-0.0079677,0.03271,0.020705,0.034546,0.0039343,0.023043,0.014539,0.039201,0.034035,0.070867,0.038951,0.080415,0.080657,0.057735,0.090374,0.074263,0.043156,0.054812,-0.0066235,0.086578,0.064028,0.082073,0.035545,-0.018625,0.035959,0.060481,0.047306,0.035086,-0.0065209,0.044689,0.0016777,0.041328,0.013527,-0.056221,-0.068268,-0.016502,-0.00087646,0.076526,0.06052,-0.015545,0.028423,-0.0029636,0.016556,-0.023174,0.049639,-0.0084625,-0.051185,0.0096742,-0.022076,0.02989,0.050149,-0.019399,-0.020623,-0.00043029,0.0043075,0.011634,0.057875,0.029845,-0.0098623,0.062587,0.036288,0.023511,0.019665,0.018586,-0.0095926,-0.020349,0.0053116,0.0034044,0.046259,0.035122,0.067567,0.023111,0.023367,0.015955,-0.0016592,0.0056145,0.053102,0.039612,0.01038,0.023316,0.019222,0.058952,0.052077,0.0005913,-0.017746,0.071553,-0.0003634,-0.032576,0.020423,0.039275,0.047404,0.0044502,-0.013126,0.023744,-0.047335,-0.04143,-0.0030153,0.015136,-0.018524,-0.019088,0.039237,0.029728,0.040996,0.0019736,-0.001607,0.031263,0.024926,0.023494,0.013216,0.032598,0.034131,0.013299,0.041134,-0.0096905,0.02789,0.0022873,0.068806,0.017579,0.018614,0.031531,-0.008824,0.0099991,0.059169,0.034705,0.059504,0.010118,0.071932,-0.017648,0.040948,0.043121,0.057641
0.014199,0.007433,0.15444,0.065893,0.084119,0.032439,0.14204,0.11742,-0.0074967,-0.0030485,0.068005,0.04821,0.16115,0.067628,0.11781,0.012429,0.10766,0.019155,0.092164,0.051266,0.15013,0.074736,0.054136,0.053728,0.10983,0.089194,0.14453,0.18035,0.022487,-0.0015195,0.1199,0.030863,-0.053957,-0.10924,0.070955,0.058962,0.052775,0.062869,0.086799,0.16325,0.13424,0.11366,0.10732,0.059663,0.066268,0.017022,0.17224,0.02141,-0.071325,0.053913,0.078198,0.022961,0.038729,-0.054202,0.1556,0.10166,0.038399,0.066123,0.16843,0.10878,0.0030531,0.056324,-0.034427,0.00013249,0.028909,-0.0079638,0.040761,0.11042,0.034739,0.12711,0.11783,0.17945,0.080606,0.1305,0.027241,0.097245,0.010827,-0.075986,-0.011994,0.097968,0.02044,-0.0041231,0.18503,0.21386,0.26295,-0.05817,-0.06416,0.1122,0.029186,0.016741,0.065742,0.057778,0.045785,0.03878,0.10258,-0.0021696,0.055777,0.077452,0.12584,0.068735,0.019681,0.0098295,-0.04473,-0.0031578,-0.021346,-0.0033092,0.15787,-0.072921,-0.17705,0.085978,0.097641,0.0069064,0.083373,-0.04335,0.050948,-0.076616,-0.063465,0.069684,0.059345,0.13618,0.089214,-0.0033839,0.16538,0.14665,0.16298,0.16549,-0.039084,-0.096858,0.030966,0.023708,-0.064351,-0.075923,-0.14286,0.070754,0.077881,-0.017875,-0.013619,-0.024864,-0.0081997,0.034178,-0.066988,-0.022611,0.12415,0.1126,0.10312,0.022074,-0.080077,0.071635,-0.074269,0.0088622,0.027001,-0.014832,-0.030969,0.11359,0.086944,0.016027,0.044641,0.032077,-0.079665,0.043932,0.064409,0.10486,-0.014641,-0.077527,0.02354,0.0091428,0.015273,-0.07057,0.034563,-0.061602,-0.018735,0.087293,0.050432,0.034955,0.11142,-0.018313,0.053011,0.12237,-0.0024218,-0.020632,-0.01068,-0.0003363,0.10761,1,0.079609,0.051732,0.13095,0.075979,-0.0018124,0.024744,0.00020976,0.085194,0.20601,0.1373,-0.11502,0.015703,0.054396,-0.021343,0.073869,0.069296,0.002392,0.01395,0.05722,0.084964,0.067268,0.071232,0.1629,0.17571,0.0075883,0.064595,0.18388,0.061303,-0.0029312,-0.055745,-0.016404,0.065032,0.11077,0.060564,0.041381,0.073847,-0.017207,-0.019269,0.10259,0.058544,0.1536,-0.067892,0.11671,-0.049328,-0.036443,0.025307,0.084278,-0.00097262,0.070696,0.081692,0.08007,-0.03765,0.10193,0.1243,0.016032,0.0937,-0.073192,-0.0028787,-0.0026477,-0.034074,-0.017582,0.00092716,-0.00074316,0.030424,-0.054744,0.12343,0.069738,0.17894,0.11269,0.059161,0.13657,-0.0092159,0.098696,0.15856,0.053166,0.16712,0.14964,0.041488,0.18565,0.15867,0.15553,0.070904,0.095023,0.085975,0.10744,0.13601,0.091297,-0.00038598,0.060705,0.16514,0.13964,0.038348,0.079345,0.10578,0.096201,0.03996,0.11109,0.01638,-0.025347,0.02591,0.099503,0.061041,0.096509,-0.050518,0.066494,0.10984,0.11217,-0.04952,0.046869,0.04498,-0.0089468,0.18533,0.062964,0.048026,0.17491,0.1192,-0.028985,0.0036827,-0.027126,-0.041099,0.017762,0.21001,0.072436,0.11463,0.014329,0.16109,0.048441,-0.023232,0.048333,0.038246,0.03932,0.098376,0.15124,0.086248,0.1308,0.055542,0.049938,-0.015738,0.10553,0.061532,0.20747,0.071318,0.14087,0.18261,0.092317,0.073803,0.049036,0.039774,0.10635,0.14346,-0.00035834,0.043656,0.017182,0.15895,0.12875,0.069284,0.059452,0.10941,-0.050506,-0.045581,0.041816,0.064443,0.032266,0.038146,0.05263,0.064089,0.005145,0.01809,0.089651,0.10187,0.10049,0.060461,0.0020284,0.07946,0.05972,0.060294,0.082264,0.056063,0.099593,0.12215,0.1189,0.013515,0.087014,0.052844,0.043698,0.07664,0.064275,0.16269,0.1964,0.12294,0.15913,-0.022262,0.15847,0.10781,0.10327
0.012082,-0.047611,0.014381,0.020258,-0.012908,-0.024478,0.014555,0.069825,0.014346,-0.014212,0.0026153,0.046101,-0.024662,0.031867,-0.009301,-0.03621,0.014837,-0.033699,-0.054205,-0.00099338,-0.00086608,0.015855,-0.0078508,-0.0064352,-0.0088837,0.020578,0.014158,-0.0042629,0.021042,0.042093,0.059952,0.020375,-0.094881,-0.041206,0.023899,-0.011483,-0.030596,0.023936,0.0092565,-0.020649,-0.029208,-0.016644,0.026978,0.049978,0.018404,-0.057651,0.04184,-0.039397,-0.062311,-0.10662,-0.01615,-0.028002,-0.087468,-0.092145,-0.01117,0.014508,0.060589,-0.01973,0.0070787,0.00062026,-0.040202,0.01059,0.054963,0.0091364,-0.013111,-0.011141,-0.01507,-0.0085937,-0.0025526,-0.010326,-0.0050441,0.010064,-0.0078669,0.030577,-0.01667,0.019031,-0.0018416,-0.0006145,0.00059459,0.020628,-0.0075656,0.01301,0.02672,0.043058,0.029408,-0.1001,-0.09936,-0.031405,-0.035724,-0.059478,-0.045237,0.02092,0.030296,-0.0034878,0.018052,-0.055118,0.043987,0.035556,0.029347,0.02928,0.047562,0.022454,0.058195,0.052067,0.051717,-0.054666,-0.018324,-0.071358,-0.079957,0.032963,0.00816,0.061356,0.10629,-0.0029608,0.019742,-0.06493,-0.075195,0.066171,-0.029046,-0.027158,0.017006,-0.017836,0.059191,0.0017675,-0.0026528,0.0061161,0.0726,0.0069447,0.036,0.077316,0.003646,0.017122,-0.025495,-0.052523,0.00051429,-0.018163,0.04925,-0.00075203,-0.034987,0.0081316,-0.010462,0.0072697,0.00030782,-0.015978,0.032387,0.034363,-0.040094,-0.038073,-0.068597,-0.053419,-0.084418,-0.058404,-0.044262,-0.045423,-0.043727,0.00049674,-0.038548,-0.042778,-0.054243,-0.018672,-0.032872,-0.027052,0.0060079,-0.063836,-0.006213,0.028618,0.079106,0.0062613,-0.10713,-0.11251,-0.011801,0.013733,0.021759,0.020251,0.0029288,-0.040267,-0.018047,0.027518,-0.018984,-0.03298,-0.017511,0.015727,0.05759,0.079609,1,-0.009445,0.02748,0.049347,-0.014303,0.01233,0.038384,-0.019892,0.0368,0.04079,-0.058473,-0.051131,-0.013672,-0.014437,0.059583,0.026359,-0.05872,0.010501,0.003855,0.013843,-0.0082953,-0.041901,0.009463,-0.0057862,-0.0077611,-0.026755,-0.043088,0.057082,-0.051343,-0.064792,0.019777,0.018896,-0.038174,-0.021283,-0.017865,-0.03329,-0.029842,-0.032792,0.014198,-0.028439,-0.066107,-0.027697,-0.046559,-0.020171,-0.051331,-0.068675,-0.023658,-0.011108,-0.025707,-0.068688,0.01374,0.014911,0.044351,0.0018006,-0.032869,0.018444,-0.028152,-0.012009,-0.0092873,0.016198,0.01171,-0.060167,-0.01194,0.025447,-0.062089,-0.054114,-0.06761,0.00037552,-0.070443,-0.029367,0.0048171,-0.021517,0.032127,0.045184,-0.0054762,0.015974,-0.020448,-0.036902,-0.019279,-0.035993,-0.022032,-0.073875,-0.10863,-0.05221,-0.065574,-0.033087,-0.05252,-0.0938,-0.039846,-0.076903,-0.037106,-0.064621,-0.00051734,-0.04173,0.012141,-0.053686,-0.0082153,-0.096979,0.011598,-0.091477,-0.03633,-0.076263,-0.075457,-0.065542,-0.089735,-0.01051,-0.020266,-0.043866,0.00634,-0.0017064,-0.029341,-0.062819,-0.064243,0.059923,-0.0018986,-0.0090643,-0.07764,-0.033203,0.0095462,0.0014879,0.046455,-0.039916,0.022065,0.075576,0.072193,0.013133,-0.003823,-0.0037326,0.0026528,-0.050787,-0.001979,-0.0046524,0.0018467,0.0018155,-0.0062074,0.01323,-0.00080387,-0.01652,0.020199,-0.018407,-0.0079309,0.031448,-0.042651,-0.022796,-0.076376,-0.10054,-0.053491,-0.071364,-0.056636,0.01341,-0.018975,0.031565,-0.027112,-0.030204,-0.0054042,0.020182,-0.0079054,-0.019416,-0.038502,-0.084903,-0.0028716,-0.013081,0.048667,-0.10108,-0.1124,-0.11094,0.048031,-0.056251,-0.017271,-0.0051362,-0.043407,0.003156,-0.028143,0.011822,0.011075,-0.043517,-0.056823,-0.029998,0.019045,-0.056686,0.0073476,0.0035135,-0.0062682,-0.013991,-0.04559,-0.083038,-0.032649,0.014288,0.055168,-0.0067612,-0.07461,-0.032406,0.065121,0.0095956,0.0071168
0.0019286,0.014777,0.03451,-0.0016501,0.025849,0.048012,0.094095,0.026455,0.0036158,0.0053379,0.045983,0.059086,0.11811,0.091218,0.11912,0.030121,0.081834,0.10165,0.030686,0.17357,0.14933,0.18769,0.18118,0.12764,0.15286,0.12328,0.17146,0.19838,0.14246,0.056436,0.095831,0.17644,0.049342,0.029852,0.12037,-9.5943e-05,0.069272,0.13497,0.093562,0.12698,0.089076,0.12367,0.15041,0.19117,0.079485,0.074447,0.1558,0.11445,-0.05341,0.020565,0.067359,-0.040126,-0.032262,-0.075811,0.1614,0.14474,0.15652,0.091299,0.17952,0.10802,0.14381,0.10939,0.11599,0.14053,0.11369,0.074591,0.015322,0.088334,0.050475,0.20049,0.17162,0.2083,0.10928,0.1319,0.11387,0.087505,0.029013,0.074804,0.10786,-0.020579,0.016052,0.13602,0.014922,-0.016065,0.079814,-0.019102,-0.050962,0.018686,0.072471,-0.03022,-0.069795,0.12032,0.15096,0.02379,0.075977,0.03793,0.16625,0.13001,0.14219,0.1371,0.1178,0.080799,0.06908,0.089862,0.08688,0.0056815,-0.031387,-0.076307,-0.04015,0.0982,0.083929,0.010456,0.012672,0.073456,0.12214,0.025918,-0.026831,0.11906,0.12296,0.13505,0.11186,0.13914,0.15006,0.16131,0.2102,0.15686,0.09919,0.01459,0.077194,0.11617,0.03106,0.010975,0.014257,0.07924,0.077316,0.084335,-0.054997,0.030087,-0.010277,0.11587,-0.024666,0.023298,0.1638,0.16472,0.072119,0.040531,0.0055563,0.10633,0.023409,-0.027313,-0.056571,0.044207,-0.050963,0.09884,0.076067,0.10606,0.074437,0.083583,0.065306,0.08115,0.13372,0.17158,0.086223,0.038315,0.12418,0.11619,0.17778,0.080019,0.012339,-0.052131,0.084677,0.079555,0.075711,0.0073415,0.10981,0.054856,0.12239,0.14954,0.077886,-0.011984,-0.011984,0.044068,0.06146,0.051732,-0.009445,1,0.125,0.15388,0.031533,0.09775,0.014261,0.13787,0.16557,0.18732,-0.053537,0.004,0.1909,0.06123,0.052963,0.1844,0.077897,0.16186,0.2001,0.19253,0.14663,0.16005,0.1465,0.17482,0.13808,0.15015,0.071593,0.17271,-0.0052989,0.016925,0.073823,0.078025,0.12711,0.12576,0.085296,0.17854,0.06496,0.058119,0.15373,0.11003,0.041579,0.030886,0.11726,-0.038232,-0.050112,-0.015775,0.017721,-0.063926,-0.012403,-0.010941,0.097878,0.11272,0.12171,0.058921,0.1258,0.13948,0.083018,0.1255,0.082316,0.079304,0.11986,0.054949,0.074413,0.084229,0.086132,0.13809,0.096567,0.16915,0.10013,0.13683,0.091479,0.11375,0.10119,0.15646,0.099052,0.066067,0.069499,0.092854,0.037231,-0.0035793,0.027047,0.054574,-0.019329,0.0013042,0.034546,0.049558,-0.022819,0.033504,0.093158,0.06614,0.068205,0.06379,0.13984,0.078007,0.13575,0.099858,0.15214,0.070887,0.067229,0.038315,0.042632,0.029066,0.005454,0.046071,0.034641,0.07839,0.086912,0.024868,-0.0011932,0.13839,0.065041,0.084251,0.039862,0.16784,0.21234,0.097673,0.093031,0.054044,0.10388,0.13848,0.08465,0.13136,0.12062,0.098795,0.034646,0.11711,0.008523,0.082356,0.065219,0.018897,0.095477,0.12977,0.044341,0.051056,0.05747,0.12828,0.042824,0.015212,0.16748,0.1227,0.083602,-0.0022649,0.11178,0.10319,0.065583,0.044858,-0.050443,0.067058,-0.017656,0.085502,0.034244,0.099691,0.10076,0.11499,0.19801,0.10833,0.15091,0.19347,0.047102,0.044847,0.13644,0.11631,0.13604,0.06529,0.048972,-0.0004767,0.082914,0.092813,0.060736,0.051245,0.16647,0.095923,0.14523,0.090349,0.10043,0.0007733,0.0023252,0.10135,0.016035,0.028028,0.033521,0.08589,0.085057,0.10756,0.024721,0.094709,0.043498,0.13314,0.16273,0.17571,0.047399,-0.085538,0.15489,0.09199,0.088458
0.07313,0.076708,0.12357,0.096414,0.075364,0.068039,0.076373,0.054529,0.0051515,0.0029714,0.070684,0.041644,0.21985,0.12051,0.16723,0.080851,0.088733,0.047397,0.079917,0.2516,0.26858,0.24538,0.28482,0.24445,0.28987,0.20256,0.36909,0.37168,0.13957,0.12256,0.096196,0.24965,0.011822,-0.061017,0.21468,0.081535,0.20781,0.18579,0.21908,0.25358,0.21494,0.20329,0.17599,0.11881,0.10293,0.1425,0.16804,0.11013,-0.046732,0.10055,0.055397,0.054945,0.033977,-0.023726,0.32266,0.12717,0.11693,0.21465,0.25262,0.19597,0.14912,0.12603,0.03727,0.093495,0.062699,0.14917,0.14268,0.18668,0.13162,0.39137,0.30953,0.3821,0.27354,0.22627,0.19008,0.099028,0.040155,0.015825,0.048644,0.0033184,-0.0022413,0.081974,0.082595,0.068292,0.15372,-0.029271,-0.019226,0.053583,0.064512,-0.0052795,0.0089139,0.068542,0.10054,0.02619,0.080868,0.042175,0.1475,0.14602,0.19828,0.13838,0.081653,0.068633,-0.0086508,0.058628,0.0079486,0.020222,0.0085333,-0.059347,-0.10654,0.079523,0.092834,-0.054705,0.05612,0.037614,0.1462,0.010765,-0.037676,0.1695,0.28806,0.25884,0.28567,0.13805,0.26701,0.19445,0.18375,0.23453,0.070733,-0.035299,0.099279,0.070151,0.019825,-0.0086219,0.008581,0.19918,0.1668,0.1236,0.004005,0.007204,0.047816,0.20448,-0.002594,0.033621,0.25764,0.21207,0.095015,0.090494,0.031397,0.15471,0.0079083,0.036166,0.030146,0.044433,0.01422,0.1536,0.13535,0.058981,0.20017,0.11669,0.074428,0.19561,0.15161,0.21799,0.031663,0.041386,0.1945,0.1187,0.062427,-0.020595,0.052559,-0.037152,0.13254,0.11795,0.12817,0.024018,0.25816,0.17761,0.22954,0.24431,0.11867,-0.02987,0.036577,0.067398,0.034098,0.13095,0.02748,0.125,1,0.11454,0.026231,0.019355,0.031079,0.17895,0.20472,0.28352,0.024444,0.022133,0.091398,0.03007,0.07592,0.27198,0.09861,0.212,0.30878,0.29651,0.28479,0.25448,0.3602,0.36717,0.16615,0.16923,0.17491,0.21362,-0.00048407,-0.050465,0.15783,0.12669,0.25349,0.20883,0.18357,0.28801,0.18614,0.08928,0.23788,0.14841,0.1544,0.047048,0.21414,-0.015652,-0.034339,0.053699,0.057407,-0.03694,0.0069354,0.053347,0.22656,0.082721,0.14971,0.16656,0.22191,0.20945,0.072469,0.14334,0.074931,0.03291,0.11034,0.11043,0.14323,0.13217,0.090034,0.30094,0.24148,0.35671,0.21814,0.22168,0.20402,0.071119,0.089149,0.17795,0.1479,0.12278,0.088156,0.036806,0.074864,0.084013,0.10025,0.05671,0.03638,0.07111,0.07458,0.10948,0.018394,0.02613,0.1213,0.15986,0.10592,0.089477,0.13932,0.051053,0.15216,0.072616,0.1226,0.090125,-0.016015,0.058614,0.07835,0.047328,0.057376,0.0023909,0.068038,0.063388,0.092701,0.0030524,0.047424,0.14422,0.06284,0.098826,0.017054,0.23202,0.34277,0.19656,0.15675,0.051274,0.14514,0.13096,0.08297,0.24606,0.12198,0.10369,0.038089,0.07353,0.030696,-0.012073,0.13675,0.084744,0.12673,0.16155,0.086968,0.13437,0.080088,0.13942,0.083426,0.095445,0.1692,0.24184,0.15961,0.051154,0.20768,0.27213,0.12461,0.14845,0.058013,0.057571,0.06511,0.10534,0.012277,0.035455,0.16384,0.24038,0.20279,0.022467,0.18603,0.22607,0.011895,0.0059872,0.13768,0.13617,0.013036,0.047215,0.10692,0.062862,0.14501,0.14171,0.15234,0.084051,0.29564,0.17854,0.22764,0.15268,0.15156,0.025405,0.087182,0.18927,0.013658,0.062358,0.059877,0.11071,0.19613,0.081895,0.019532,0.094492,0.077369,0.16661,0.18487,0.29614,0.18037,0.0047804,0.1808,0.069576,0.11726
0.06967,-0.041521,-0.037801,-0.030537,0.15291,0.15228,0.13515,0.21661,-0.012752,0.0029213,0.19939,0.21168,0.22815,0.073799,0.10934,0.030074,0.11729,0.28235,-0.027367,0.26878,0.18708,0.23252,0.25309,0.15459,0.20882,0.18315,0.092461,0.23289,0.35888,0.20817,0.27772,0.25909,-0.0033882,0.10766,0.19586,0.088966,0.10927,0.21511,0.12542,0.16153,0.21296,0.16747,0.25629,0.41162,0.34429,0.13935,0.32364,0.18843,-0.31055,-0.11207,0.066196,-0.18948,-0.12694,-0.16345,0.18942,0.35202,0.36134,0.081109,0.15332,0.18813,0.22205,0.35658,0.35609,0.26002,0.31857,0.10425,-0.006205,0.22856,0.18501,0.14381,0.14344,0.19949,0.14526,0.23087,0.093033,0.18922,0.10658,0.059672,0.31202,-0.017792,0.18053,0.36612,0.16133,-0.064716,0.18813,-0.16388,-0.24557,-0.048758,-0.18885,-0.24025,-0.11195,0.19252,0.58624,0.19935,0.15734,0.088159,0.43539,0.40398,0.2832,0.28383,0.24687,0.10471,0.29886,0.32541,0.45962,-0.073858,-0.067505,-0.14473,-0.18662,0.35608,0.18041,-0.039012,0.072144,0.11634,0.26555,-0.037369,-0.19006,0.22126,0.048191,0.13265,0.17214,0.09511,0.18675,0.22644,0.2152,0.27913,0.39019,0.22417,0.0032636,0.4423,-0.011448,0.13458,0.060527,0.13035,0.098064,0.16115,-0.13068,0.061916,-0.0036356,0.13566,-0.086806,-0.045935,0.17383,0.22481,0.1806,0.12877,-0.070208,0.19577,0.037314,-0.091017,-0.17795,0.005618,-0.11092,0.18362,0.17938,0.17807,0.01227,0.20308,-0.049591,0.10238,0.2931,0.26986,0.27006,-0.027003,0.18944,0.15887,0.41634,0.22029,-0.21298,-0.26026,0.19479,0.13652,0.096478,0.013417,0.065778,-0.03281,0.16894,0.25397,0.11244,-0.12922,-0.029302,0.037013,0.0032288,0.075979,0.049347,0.15388,0.11454,1,0.20548,0.11968,0.084172,0.1872,0.23454,0.25178,-0.23583,0.0092456,0.1747,0.23717,0.096812,0.23956,-0.0048319,0.14708,0.25278,0.26072,0.22307,0.19756,0.097468,0.21936,0.20889,0.23963,0.036183,0.23774,-0.071532,-0.10536,0.088547,0.19132,0.21397,0.21075,0.13522,0.12299,0.026743,0.062463,0.26686,0.01207,-0.069192,0.086259,0.12645,-0.092666,-0.29646,-0.20443,0.013732,-0.31446,-0.18029,-0.10507,0.073861,0.20596,0.23197,0.037017,0.04112,0.18447,0.17128,0.14415,0.18489,0.13636,0.15344,0.07627,0.10883,0.16709,0.13666,0.080851,0.099547,0.23063,0.15225,0.14508,0.10479,0.050065,0.10657,0.33284,0.28078,0.0099925,0.10221,0.035081,-0.090608,-0.090936,0.064671,-0.19193,-0.11071,-0.18664,-0.19833,-0.15581,-0.29841,-0.018847,0.047612,0.0022506,0.10703,-0.027199,0.29223,0.083097,0.1147,0.030673,0.24062,0.088624,0.2596,0.034781,0.31613,-0.2365,-0.069134,-0.019305,-0.14747,0.20689,0.091475,-0.11345,-0.027879,0.25905,0.099557,0.094443,-0.094186,0.17582,0.20427,0.13068,0.073565,0.12043,0.036552,0.10651,0.048236,0.21838,0.36602,0.34593,0.056998,0.39316,0.085387,0.11165,0.19791,0.10866,0.095007,0.24719,-0.045364,0.1266,0.019006,0.14482,0.019605,0.047398,0.15856,0.068394,0.1472,0.025854,0.10959,0.1313,-0.033956,-0.018481,-0.31763,-0.087722,-0.058381,-0.0066201,-0.0046967,0.13251,0.071068,0.099673,0.17115,0.10167,0.14451,0.22256,0.13007,-0.055279,0.15941,0.25352,0.2094,-0.074816,-0.18821,-0.25721,0.15988,0.095306,0.15476,0.10584,0.099736,0.040298,0.12804,0.062051,-0.080474,-0.13812,-0.012035,0.15291,0.057612,0.091258,0.061044,0.18362,0.0087858,0.30302,0.000557,-0.03023,0.0067512,0.18124,0.17331,0.23734,-0.024747,-0.15242,0.20605,0.15336,0.22838
-0.039213,-0.059675,-0.074601,0.036443,-0.0032737,0.13197,0.050226,0.17454,0.036639,-0.0040198,0.091448,0.11745,0.071449,0.071207,0.05392,0.07552,0.15844,0.60334,0.061088,0.20666,-0.011428,0.029386,0.13157,0.12897,0.10428,0.10725,-0.10285,0.038508,0.14697,0.0098136,0.018819,0.038017,0.31407,0.45866,-0.022299,-0.021364,0.045759,0.0020138,0.035112,-0.028474,0.12968,-0.0082741,0.18058,0.2137,0.0881,0.2017,0.096382,0.32777,0.2488,0.20651,0.28922,0.10312,0.24012,0.37278,-0.049166,0.11437,0.23608,0.03055,-0.044031,-0.021369,0.11541,0.13652,0.29304,0.13993,0.28682,0.074292,-0.10409,0.084259,0.020328,-0.039588,0.083175,0.0090097,0.066794,0.020709,0.017714,0.10811,0.1096,0.048466,0.17505,0.028547,0.34088,0.37701,0.35748,0.13462,0.081839,0.51821,0.36036,-0.056275,0.22249,0.13587,0.31628,0.47221,0.16911,-0.08055,0.19201,0.54645,0.16494,0.16155,0.10957,0.28427,0.13515,0.48423,0.46882,0.53311,0.40004,0.23392,0.087207,0.46493,0.25329,0.43026,0.077446,0.18665,0.034769,0.10043,0.1427,0.4628,0.39315,-0.011519,0.041574,0.0099676,0.044448,0.12057,0.0158,-0.021624,0.044246,0.071667,0.12453,0.14904,-0.027367,0.37656,0.10942,0.056721,0.10273,0.018878,-0.017703,0.06232,-0.056217,0.19483,0.06155,0.10424,0.015678,-0.075732,-0.0096567,0.0043802,0.049627,0.12129,0.0080789,0.10386,0.42753,0.0038505,0.023713,0.4491,0.20159,0.10714,0.15097,0.11618,-0.093507,0.26304,0.10211,0.041622,0.22681,0.10148,0.48846,0.45983,0.10334,0.045619,0.17971,0.68815,0.21504,0.44676,0.10389,0.055644,0.029955,0.0082123,-0.078714,-0.035037,-0.01748,0.03862,0.057187,0.39798,0.3371,0.12261,-0.052928,-0.0018124,-0.014303,0.031533,0.026231,0.20548,1,0.38482,0.087814,0.12142,0.069192,-0.0046084,0.072784,0.40816,0.11821,0.21907,0.16009,0.10901,0.055234,0.025949,0.066137,0.10514,0.11461,0.1406,-0.056525,0.046582,0.056025,0.097613,-0.19436,0.0015294,0.19366,0.28699,-0.041584,0.0049492,0.10572,0.068903,0.074788,0.0057266,0.071365,0.041452,0.18785,-0.065075,-0.26039,0.17169,0.034416,0.15131,0.03725,0.1055,0.10873,-0.089105,0.034332,0.08173,-0.057197,0.20171,0.14985,-0.061693,-0.031027,0.04567,0.11562,0.08866,0.12909,0.1152,0.030549,0.11812,0.054812,0.013963,0.16424,-0.050247,0.090218,0.064534,0.08835,0.0010887,0.013794,0.17102,0.10001,0.13617,0.1402,0.12377,0.12643,0.066709,-0.0308,0.062672,0.0074287,-0.112,0.11212,-0.22948,-0.25453,-0.16719,-0.078144,0.23387,-0.18876,-0.25325,-0.16886,0.010077,0.13304,-0.11769,-0.012026,-0.027634,0.022834,0.35187,0.32517,0.34379,0.28461,-0.14924,-0.046449,0.18831,0.0077964,0.23538,0.11264,0.10823,-0.12362,0.1745,0.10179,0.08343,0.087757,0.056802,0.015042,0.015786,0.06976,0.047755,0.027047,0.011897,-0.005,-0.052541,0.24743,0.12808,-0.011492,0.1535,0.090837,0.063882,0.056173,0.027298,0.096678,0.11924,-0.11009,0.092914,-0.023281,0.10148,-0.015954,-0.042992,-0.0056259,-0.10647,0.012319,-0.024035,-0.090542,-0.072098,0.012974,-0.097805,-0.17291,0.11645,0.01497,-0.015533,-0.020476,0.012021,0.070162,-0.11184,0.031295,-0.01006,0.1536,0.11604,0.31732,0.28481,0.085912,0.20137,0.16068,0.25489,-0.092866,0.0053672,0.024258,0.06695,0.05419,0.032418,0.026468,-0.03111,0.097699,-0.047189,-0.037985,0.015591,0.15533,0.17126,0.03089,0.075258,0.020387,0.072452,-0.031041,0.1828,0.32347,0.028515,-0.082862,0.016862,0.010149,-0.0060595,-0.027679,0.091555,-0.0010867,0.1511,0.26055
-0.021963,0.029758,0.02746,0.026681,-0.025398,0.039016,0.096146,0.15459,0.019518,0.02234,0.030424,0.041978,0.067506,0.090031,0.083954,0.043352,0.12502,0.39614,0.10694,0.12432,0.01197,0.023797,0.076314,0.082139,0.043773,0.062066,0.027753,0.047802,0.092708,0.10766,0.1157,0.031228,0.019753,0.042965,0.0028261,0.031087,0.014119,0.025704,0.050308,-0.032257,0.05611,0.01333,0.069452,0.16999,-0.020968,-0.011882,0.077296,0.13297,0.038289,-0.0098889,0.095271,-0.033898,0.10843,0.075045,-0.0050837,-0.061443,0.012634,-0.036955,0.024845,-0.010495,-0.066638,0.065252,0.099071,-0.047561,0.057228,0.027214,-0.023434,0.059591,0.07742,0.03203,0.066991,0.062307,0.0609,-0.0023384,0.08368,0.05799,0.10326,-0.0083642,-0.0089308,-0.084233,0.13709,0.38176,0.10038,0.0083745,0.10165,0.39526,0.071776,-0.10898,0.53491,0.18566,0.16769,0.54156,0.062241,-0.054578,0.3597,0.59169,0.30903,0.20838,0.37548,0.50679,0.38032,0.61609,0.19248,0.5153,0.077299,0.32706,0.054912,0.2736,0.11984,0.24257,0.031171,0.12693,0.056158,0.17499,0.10351,0.45281,0.28225,0.006317,0.041484,0.017311,-0.0072892,0.062588,0.039899,-0.009251,0.0081128,0.024761,0.042467,0.062938,0.10158,0.26486,0.064067,0.024876,-0.0015151,0.0078939,0.011383,0.087175,-0.0050948,0.10175,0.02364,0.062167,-0.013698,-0.015844,0.014494,0.045098,0.017762,0.0066911,-0.052562,0.034966,0.20915,-0.099343,0.04381,0.50675,0.22388,0.02612,0.073864,0.12522,-0.054454,0.16852,0.089225,0.0080793,-0.0028118,0.048585,0.39672,0.41629,0.13421,0.017982,0.22923,0.47108,0.047027,0.25148,-0.033136,0.07017,0.050649,-0.048245,-0.040191,-0.0090313,0.026647,0.056153,0.01683,0.091054,0.14614,0.079798,-0.036645,0.024744,0.01233,0.09775,0.019355,0.11968,0.38482,1,0.050659,0.096995,0.072226,0.096681,-0.027586,0.34765,0.077567,0.055384,0.067514,0.085546,-0.021852,0.062967,0.052187,0.069822,0.049266,0.049664,0.037535,0.047905,0.077732,0.13593,-0.054354,-0.0063799,0.013882,-0.013412,0.0029366,0.042552,0.038557,0.053356,0.019142,-0.0077839,0.037927,-0.021368,0.11553,0.025625,-0.072431,-0.033451,0.017346,0.058824,-0.049446,-0.092605,0.091014,-0.11357,0.063673,-0.078831,0.010157,0.032532,0.027971,-0.078955,0.024817,-0.016386,-0.11495,0.033376,0.022681,-0.097008,0.033599,-0.023872,0.073657,-0.024176,0.13449,0.049671,0.040249,0.03852,0.033263,0.028422,0.055387,0.07376,0.076509,-0.00946,-0.075177,0.0043028,-0.009803,0.21653,-0.064423,-0.039671,-0.075169,0.040589,-0.053263,-0.1986,0.11516,0.039698,0.031031,0.27239,-0.029554,-0.10099,-0.069798,0.24369,0.1502,0.16421,0.15901,0.049643,0.15735,0.33468,0.054051,0.31468,-0.079705,0.047247,-0.12256,0.19122,0.093126,0.11569,0.11211,0.19291,-0.058399,0.11766,0.042784,0.16699,0.29763,0.092994,0.041182,0.05032,0.0023441,0.010938,0.016741,-0.019593,0.012015,-0.043984,0.057317,0.035598,-0.006718,0.079732,-0.028481,-0.019386,0.021441,-0.0014824,0.082521,0.1127,-0.021336,-0.013918,-0.017427,-0.0051045,0.099734,-0.033779,0.019573,0.051683,-0.0032339,0.029949,-0.027735,0.0025558,0.089956,-0.054067,-0.060719,0.3342,0.11545,0.041367,0.027833,0.15368,0.10861,0.030317,0.052161,-0.030575,0.01474,0.0052026,0.25753,0.30869,0.087575,0.07003,0.11083,0.30735,-0.014771,-0.004567,0.038594,0.086429,-0.0027009,-0.038372,0.023344,0.039556,0.056201,0.0079077,0.084269,-0.027022,-0.027383,0.063084,-0.01069,0.011707,0.088665,0.0091146,0.042289,0.13871,0.10364,0.35972,-0.031754,0.033425,0.083248,0.081034,-0.087027,0.025638,0.041114,0.0086639,-0.002248
0.056107,0.032054,0.085359,0.059183,0.058005,-0.0078642,0.081076,0.0763,-0.0055324,-0.051446,0.043635,0.075887,0.049855,0.042775,0.069496,0.053524,-0.0065098,0.089831,0.044387,0.041225,0.05252,0.066704,0.071783,0.046664,0.060568,0.06659,0.061692,0.038975,0.06382,0.06145,0.09627,0.047596,-0.031091,0.0034807,0.055658,0.037034,0.051073,0.044383,0.064963,0.060985,0.046516,0.038036,-0.0024752,0.13605,0.08435,0.04584,0.10264,0.063043,-0.034138,-0.013634,0.023044,0.0086578,-0.0056071,-0.022682,0.055512,0.034908,0.049318,0.065717,0.082262,0.063245,0.011798,0.061534,0.064725,0.030848,0.021251,0.058446,0.058819,0.063013,0.059272,0.065987,0.072639,0.057795,0.052339,0.056193,0.063086,0.025473,0.039119,0.029034,0.013409,-0.0012442,0.031699,0.052398,0.037601,0.012665,0.043805,0.022949,0.0076189,0.031042,0.054088,0.021567,0.0068788,0.06837,0.067172,0.12724,0.060456,0.034048,0.10111,0.071694,0.086254,0.099821,0.07012,0.054105,0.079927,0.070391,0.076405,0.045507,0.011613,0.001739,-0.039417,0.058207,0.0091061,-0.020257,0.028195,0.052874,0.087471,0.00062889,0.048119,0.050128,0.050241,0.063752,0.035611,-0.0010121,0.078315,0.015409,0.073022,0.037715,0.033483,0.016383,0.089689,0.062389,0.020423,0.016254,-0.016058,0.03086,0.046424,0.037434,0.033732,-0.014549,0.015562,-0.021764,0.033278,0.073209,0.003671,0.080893,0.017251,0.0056055,0.072834,0.098153,0.050176,0.097788,0.00057536,0.035279,0.027603,0.092408,0.0072596,0.038531,0.051217,0.083556,0.049972,0.027799,0.032476,0.047927,0.042951,0.043046,0.073372,0.017045,0.059084,0.040744,0.012978,-0.0013619,0.023256,0.045809,0.064127,-0.012214,0.052914,0.03641,0.037109,0.071204,0.0075523,0.023876,0.063867,0.030584,-0.0019659,0.00020976,0.038384,0.014261,0.031079,0.084172,0.087814,0.050659,1,0.012382,0.079933,0.093298,0.00041555,0.009007,0.034373,0.055017,0.033357,0.05077,0.043326,0.059749,0.081185,0.093542,0.057184,0.057354,0.073119,0.069851,0.070638,0.059841,0.069652,0.075043,-0.0025728,-0.012845,0.030029,0.024472,0.066652,0.039141,0.078361,0.025759,0.054573,0.0091302,0.018005,0.04736,0.041608,-0.011611,0.055961,-0.028325,-0.045995,-0.028826,0.029082,-0.015212,-0.0109,-0.035838,0.061229,0.03189,0.067742,0.030329,0.0502,0.019292,0.047805,0.041623,0.093396,0.024985,0.043322,0.060158,0.045294,0.073543,0.022759,0.099301,0.068205,0.062067,0.075446,0.080079,0.11509,0.030036,0.0015721,0.069862,0.059337,0.012682,0.00075928,0.049506,0.045639,-0.016989,0.017904,0.0037575,0.0096806,-0.012703,0.0128,0.010273,-0.032344,0.046944,0.061398,0.064676,0.063742,0.027412,0.084974,0.032016,0.050401,0.019487,0.033405,0.061757,0.073308,0.050297,0.082526,0.014522,-0.039919,0.012179,-0.0075863,0.10966,0.031273,0.00496,-0.0036808,0.036356,0.067293,0.027957,0.059228,0.051182,0.05948,0.087212,-0.0064277,0.025458,0.0074964,0.0042283,0.039379,0.039177,0.081679,0.044876,-0.048382,0.059228,-0.024227,0.031198,0.05119,0.018411,0.045033,0.082495,0.027294,0.029907,0.070278,0.070536,0.0808,0.058643,0.031728,0.074356,0.04709,0.032017,0.071367,0.077178,0.044509,0.052014,-0.016693,0.016762,0.052911,0.046903,0.012054,0.027307,0.063588,0.073045,0.052817,0.037127,0.013096,0.029809,0.014463,0.00062189,0.014817,0.057096,0.044254,0.0033732,0.0029853,-0.032716,0.043086,0.0054026,0.080837,0.032731,0.048591,0.062589,0.038926,0.082358,0.0056353,0.017287,-0.0051925,0.034989,0.0098703,-0.01638,0.011394,0.040547,0.05375,0.050321,0.063901,0.035348,0.07711,0.07665,0.0068014,0.07619,0.038068,-0.035439,0.051746,0.079254,-0.012843
0.037507,0.060635,0.063805,0.085538,0.11368,0.12247,0.15792,0.13328,0.047469,0.011245,0.11592,0.081534,0.28768,0.24572,0.20769,0.13091,0.15579,0.21333,0.16916,0.39445,0.24067,0.32069,0.36948,0.28207,0.33399,0.20396,0.40938,0.46637,0.23479,0.15064,0.097385,0.30637,0.13325,0.056602,0.22111,0.14618,0.21773,0.2597,0.25401,0.27785,0.27891,0.20403,0.42584,0.22206,0.18687,0.22121,0.1898,0.1999,-0.037856,0.14805,0.17048,0.064155,0.12117,0.043348,0.39856,0.24826,0.21688,0.22607,0.27236,0.2098,0.22623,0.19765,0.14551,0.16177,0.1893,0.23861,0.1646,0.25431,0.17386,0.4237,0.38401,0.44169,0.31265,0.27099,0.21721,0.14932,0.074869,0.10182,0.16576,0.015028,0.11799,0.13217,0.17154,0.081067,0.16625,0.042299,0.041107,0.11253,0.11048,0.058762,0.11638,0.14762,0.19542,0.040969,0.14612,0.095637,0.16773,0.16486,0.18042,0.1875,0.081468,0.10767,0.098958,0.12901,0.1442,0.094743,0.061851,-0.0062631,-0.013884,0.17467,0.14393,0.057785,0.062317,0.048526,0.19567,0.049814,0.01072,0.21347,0.25421,0.25163,0.18923,0.33323,0.27187,0.19297,0.19545,0.37043,0.076571,0.022575,0.11887,0.11344,0.033347,0.010591,0.028302,0.13156,0.21123,0.16808,-0.022907,0.12068,0.021145,0.2691,-0.030459,0.021385,0.35334,0.23881,0.10331,0.081496,0.015295,0.16075,0.11127,0.049805,0.062733,0.077077,0.070676,0.1524,0.19871,0.073828,0.21384,0.15318,0.060855,0.1548,0.2849,0.22745,0.14039,0.11701,0.22889,0.14498,0.15649,0.11217,0.10858,0.014941,0.1895,0.13595,0.13312,-0.0087149,0.19965,0.1807,0.2749,0.25821,0.11254,0.061414,0.074693,0.096676,0.039456,0.085194,-0.019892,0.13787,0.17895,0.1872,0.12142,0.096995,0.012382,1,0.31771,0.32728,-0.034017,0.14164,0.1505,0.13008,0.1258,0.36052,0.13892,0.26929,0.34223,0.34426,0.32322,0.32435,0.34847,0.42685,0.2528,0.22301,0.15745,0.26232,0.098848,0.049264,0.1542,0.17337,0.2838,0.25981,0.22663,0.28618,0.1967,0.077786,0.3805,0.1627,0.13045,0.1009,0.21497,0.020891,0.0049852,0.088229,0.12001,-0.045877,0.065565,0.086199,0.25799,0.20071,0.21499,0.15625,0.2383,0.24193,0.15664,0.21185,0.083418,0.053064,0.12265,0.18396,0.18924,0.12848,0.16075,0.28305,0.28268,0.43149,0.22606,0.2246,0.15739,0.1702,0.15405,0.26226,0.23462,0.18185,0.23114,0.10785,0.15271,0.14724,0.12693,0.13609,0.079669,0.10572,0.067901,0.14867,0.037891,0.11883,0.11058,0.15655,0.13579,0.10891,0.20039,0.071637,0.15736,0.10329,0.19489,0.12908,0.082319,0.11864,0.18446,0.097848,0.1029,0.083702,0.096933,0.1381,0.16076,-0.0058196,0.050999,0.25209,0.09753,0.17103,0.055669,0.29191,0.34154,0.20407,0.25532,0.15366,0.236,0.19407,0.13139,0.19977,0.18221,0.19178,0.068346,0.14327,0.056926,0.035844,0.15592,0.047821,0.20376,0.19211,0.073691,0.14437,0.096288,0.14326,0.042356,0.049804,0.21459,0.17943,0.13251,0.040806,0.13775,0.26343,0.18481,0.13537,0.065655,0.13145,0.11621,0.092876,0.12572,0.093533,0.26822,0.24133,0.18118,0.033665,0.23473,0.25322,0.10743,0.085724,0.20737,0.19152,0.089849,0.14577,0.12957,0.077696,0.20404,0.15559,0.14449,0.10473,0.29715,0.18516,0.28443,0.16344,0.12476,0.08233,0.10199,0.25128,0.052117,0.13427,0.13791,0.20988,0.17748,0.16566,0.10786,0.11067,0.093627,0.23818,0.25977,0.3152,0.15722,-0.056123,0.20564,0.18823,0.28153
0.065476,0.03374,0.19066,0.095875,0.16571,0.10258,0.23835,0.17773,0.018732,0.023839,0.1426,0.13166,0.29578,0.15711,0.24978,0.081404,0.17777,0.11929,0.10139,0.25536,0.2749,0.27143,0.28863,0.21794,0.28956,0.19701,0.35609,0.42526,0.12908,0.064677,0.15754,0.26272,0.0021887,-0.016711,0.22452,0.11614,0.13914,0.22267,0.22586,0.2739,0.22077,0.20633,0.33371,0.22019,0.17835,0.11465,0.30241,0.12124,-0.17706,0.077063,0.12417,-0.029399,0.025474,-0.067577,0.38845,0.26975,0.22344,0.21329,0.36041,0.21773,0.17599,0.19102,0.093772,0.12859,0.11361,0.16299,0.1116,0.2172,0.08257,0.33061,0.29891,0.42199,0.22419,0.3148,0.12421,0.18125,0.074573,-0.0042996,0.10943,0.078362,0.078443,0.10281,0.19248,0.10631,0.30373,-0.072516,-0.13093,0.090413,0.021613,-0.078082,-0.022824,0.15712,0.23322,0.044529,0.084354,0.017036,0.18513,0.15145,0.18311,0.11196,0.062467,0.055526,0.06729,0.11737,0.10288,-0.030016,-0.00044711,-0.13417,-0.2078,0.21646,0.1376,-0.080576,0.04518,0.014634,0.13807,-0.11874,-0.05774,0.26071,0.20015,0.27808,0.20188,0.11246,0.34707,0.27069,0.23431,0.3691,0.12369,-0.053417,0.10246,0.142,0.020203,-0.012617,-0.12569,0.1315,0.12538,0.012137,-0.037237,0.00060658,0.0092552,0.16119,-0.093967,0.043392,0.47135,0.31433,0.17024,0.084899,-0.086007,0.14687,-0.03278,-0.023098,-0.093523,-0.029201,-0.11579,0.1459,0.17978,-1.6309e-05,0.11276,0.107,-0.094624,0.086627,0.22384,0.17974,0.079735,-0.064805,0.1366,0.12817,0.13871,0.040338,-0.030234,-0.1307,0.11435,0.18977,0.17082,0.048024,0.17926,0.057094,0.2094,0.27117,0.067237,-0.011214,-0.043712,0.066839,0.047288,0.20601,0.0368,0.16557,0.20472,0.23454,0.069192,0.072226,0.079933,0.31771,1,0.41415,-0.21504,0.08983,0.16494,0.034762,0.16758,0.27937,0.086264,0.2067,0.29546,0.32058,0.20811,0.23139,0.35868,0.41133,0.11762,0.18498,0.18611,0.29954,0.023025,-0.03207,0.11909,0.16195,0.23048,0.2559,0.16826,0.21187,0.072119,0.022689,0.32052,0.10667,0.15896,0.010289,0.1729,-0.059151,-0.11615,-0.0072384,0.15101,-0.10935,0.074624,0.032513,0.29015,0.14979,0.26816,0.25308,0.14486,0.23205,0.062086,0.13414,0.075568,0.057183,0.11199,0.099182,0.10309,0.1427,0.08222,0.25603,0.20942,0.40576,0.24141,0.20693,0.23708,0.087128,0.10414,0.31919,0.22943,0.225,0.23197,0.059767,0.15362,0.12491,0.14679,0.048875,0.0427,0.04754,0.049377,0.14595,-0.013679,0.030279,0.064158,0.15797,0.13172,0.022894,0.19826,0.10086,0.13985,0.040838,0.16798,0.090323,0.044892,0.063602,0.1884,-0.0016542,0.0092567,-0.032625,0.070265,0.16904,0.13221,-0.089654,0.061756,0.16271,0.025702,0.18889,0.090591,0.26252,0.37298,0.26033,0.096189,0.14087,0.092636,0.064317,0.076384,0.34309,0.17601,0.25981,0.017898,0.27383,0.031966,0.013224,0.13213,0.056543,0.12728,0.18313,0.13229,0.14841,0.1906,0.16878,0.062231,0.031507,0.34848,0.17992,0.25882,0.089292,0.17768,0.28378,0.092878,0.087988,-0.028304,0.073936,0.099029,0.2094,0.051099,0.079965,0.14537,0.2536,0.22664,0.056021,0.19339,0.24912,-0.012462,-0.0061597,0.16671,0.16279,0.058603,0.051819,0.0077359,0.0084983,0.19207,0.10745,0.17965,0.13124,0.23638,0.15067,0.18761,0.1757,0.11953,0.074284,0.09644,0.17573,0.077902,0.12356,0.15438,0.13796,0.1463,0.1179,0.094537,0.074823,0.11989,0.35175,0.38503,0.42575,0.13545,-0.093044,0.2621,0.17945,0.19784
0.16186,0.087984,0.18958,0.12107,0.13683,0.15747,0.10805,0.15571,-0.020858,-0.045525,0.087699,0.13413,0.38091,0.15021,0.28694,0.15076,0.15316,0.096852,0.062957,0.41176,0.59606,0.47425,0.44878,0.24727,0.42039,0.37727,0.56679,0.57595,0.36397,0.29557,0.17619,0.49451,-0.031997,-0.12277,0.42962,0.25474,0.4055,0.40989,0.3949,0.42242,0.28646,0.52285,0.2901,0.37415,0.20209,0.27458,0.40737,0.18907,-0.13655,0.092481,0.051138,0.016074,-0.023691,-0.10652,0.53791,0.27685,0.2249,0.27485,0.41942,0.27943,0.21108,0.32885,0.138,0.17805,0.15412,0.24747,0.26319,0.39436,0.30371,0.57728,0.41944,0.58303,0.36747,0.3915,0.34415,0.11954,0.063177,0.012586,0.14308,-0.025482,0.038923,0.1427,0.12695,0.091661,0.19709,-0.05525,-0.084817,0.088776,0.037598,-0.078345,-0.030477,0.099615,0.26746,0.062339,0.076724,0.071734,0.29821,0.29442,0.33256,0.20291,0.15628,0.12737,0.051097,0.14127,0.04925,-0.077535,-0.0021527,-0.11359,-0.22284,0.16256,0.17992,-0.070929,0.074407,0.069684,0.29696,-0.0010808,-0.094901,0.28629,0.33033,0.34062,0.26698,0.13582,0.3837,0.31826,0.26118,0.43665,0.10938,0.017055,0.13546,0.082143,0.01676,0.046067,-0.036347,0.26552,0.30153,0.2599,-0.037278,0.092731,0.064133,0.27659,-0.043871,0.11885,0.55993,0.5691,0.20145,0.17912,0.060704,0.31452,-0.0021125,0.073835,0.040021,0.047085,0.0059808,0.24987,0.36228,0.14957,0.311,0.26737,0.18411,0.41257,0.2906,0.34017,0.073037,0.029757,0.3306,0.24093,0.19267,-0.022251,0.074222,-0.12928,0.25373,0.22006,0.25867,0.088548,0.50032,0.31457,0.38887,0.52341,0.18894,-0.084829,-0.036348,0.034597,0.064131,0.1373,0.04079,0.18732,0.28352,0.25178,-0.0046084,0.096681,0.093298,0.32728,0.41415,1,-0.011945,-0.026158,0.19544,0.087737,0.073865,0.40576,0.075246,0.41823,0.52312,0.48284,0.42748,0.42497,0.5758,0.58032,0.38689,0.29946,0.25346,0.44174,-0.031326,-0.13427,0.29915,0.24338,0.46845,0.41805,0.32017,0.4193,0.1887,0.14823,0.41206,0.30319,0.19221,0.095594,0.3939,-0.04867,-0.063369,0.0090514,0.053161,-0.05607,0.037989,0.10183,0.36753,0.16587,0.26755,0.24189,0.31567,0.29953,0.091532,0.24723,0.084553,0.00017089,0.18503,0.11957,0.247,0.27604,0.25712,0.46108,0.29933,0.56857,0.2543,0.30792,0.28359,0.090977,0.078467,0.27352,0.24277,0.10578,0.14791,0.034855,0.071248,0.13282,0.10765,0.11487,0.066059,0.065271,0.082711,0.14254,0.0066388,0.061202,0.25114,0.26807,0.21352,0.10028,0.27974,0.12036,0.26754,0.16947,0.27142,0.16265,-0.007626,0.073889,0.11085,0.01886,0.055986,0.038734,0.15058,0.10249,0.15497,-0.042719,0.067686,0.30388,0.1203,0.2332,0.050848,0.38716,0.47694,0.30333,0.24851,0.11658,0.23443,0.22937,0.09761,0.48259,0.20505,0.21512,0.06897,0.21453,0.031283,0.043103,0.20614,0.11678,0.19255,0.27754,0.10945,0.22404,0.14016,0.23883,0.14507,0.21064,0.38284,0.50633,0.26541,0.11446,0.39075,0.46252,0.21584,0.31172,0.065653,0.12827,0.088493,0.16868,0.040434,0.10286,0.25363,0.4915,0.36806,0.0092894,0.28985,0.29297,0.053196,0.019612,0.25438,0.20984,0.032451,0.045097,0.17813,0.054971,0.30147,0.23642,0.24545,0.16461,0.46857,0.33414,0.35402,0.28134,0.14729,0.076803,0.086326,0.30889,0.068982,0.16441,0.15687,0.17614,0.24527,0.12403,0.051213,0.15272,0.14631,0.35634,0.31833,0.64619,0.27005,-0.12148,0.38773,0.10464,0.16166
0.054925,0.055147,-0.010713,0.094149,-0.11679,0.010611,-0.14162,-0.064576,-0.009527,-0.067838,-0.10863,-0.10874,-0.04132,-0.0028982,-0.020341,0.099003,-0.040456,9.3163e-05,0.089662,0.041491,0.025323,0.0011802,0.02571,0.030809,0.027308,0.02021,0.075467,0.022093,0.018236,0.043245,-0.11425,-0.010039,0.20339,0.12664,-0.034594,-0.02294,0.14816,-0.039981,0.034199,-0.01749,0.0050662,0.049231,-0.03921,-0.11492,-0.088709,0.24095,-0.024374,0.029747,0.44527,0.32943,0.022141,0.3286,0.17021,0.33074,-0.037004,-0.16582,-0.17081,0.077531,-0.11265,-0.11634,-0.032725,-0.11581,-0.13523,-0.10813,-0.093588,-0.0096988,0.033249,-0.075059,0.0013374,0.10571,0.063694,0.028444,0.082468,-0.15341,0.10588,-0.10895,-0.0069559,0.078937,-0.064619,-0.024386,-0.043421,-0.0065733,0.021888,0.11312,-0.14393,0.34639,0.50204,0.19236,0.18948,0.23114,0.33505,-0.037141,-0.19892,0.090504,0.069597,0.14023,-0.20823,-0.018192,-0.067772,0.089965,-0.10983,0.038806,-0.15703,-0.15611,-0.15613,0.21713,0.22767,0.22414,0.29937,-0.23549,-0.032544,0.15585,0.085313,-0.042333,-0.11569,0.29261,0.16755,-0.1222,0.11277,-0.044595,-0.0060787,0.093368,-0.06909,-0.14824,-0.10623,-0.073424,-0.20521,-0.062466,0.052502,-0.13518,0.10645,0.0046439,0.10503,0.019537,0.037623,0.049932,0.066413,0.1452,0.12621,0.1033,0.12576,0.082618,-0.043175,0.067489,-0.12299,0.040312,0.3468,0.178,0.37075,0.33509,0.44116,0.30018,0.30363,0.04009,0.055736,0.023908,0.10936,0.23431,0.36293,0.24954,0.013584,0.013847,-0.0097103,0.30791,0.091936,-0.087139,-0.26284,0.065029,0.551,0.45453,0.053329,-0.060106,-0.019832,0.024911,0.11952,0.20618,0.018487,-0.049654,0.031633,0.27771,0.2305,-0.019394,-0.0041699,-0.11502,-0.058473,-0.053537,0.024444,-0.23583,0.072784,-0.027586,0.00041555,-0.034017,-0.21504,-0.011945,1,0.083796,-0.025016,0.0048887,-0.12304,-0.011892,0.001307,0.065556,0.024597,-0.026364,0.072313,0.053337,0.071634,0.02734,0.11835,-0.08263,-0.0035842,-0.10953,0.15392,0.22688,0.018054,-0.10751,0.03408,-0.047598,0.055661,0.10496,0.15026,0.079633,0.041902,0.18289,0.0047197,0.23449,0.2241,0.20526,0.40284,0.35512,-0.035752,0.31125,0.11445,0.22233,-0.027401,-0.01808,-0.11567,-0.054075,0.13931,-0.034772,-0.030116,0.05313,-0.10776,-0.063344,-0.055931,-0.0062261,0.045319,-0.090569,0.097128,0.078662,0.087567,0.025416,-0.026839,0.043254,-0.072216,0.060405,-0.088486,-0.20183,-0.080836,0.010276,0.0041656,0.048409,0.059292,0.22137,0.086514,0.24338,0.19941,0.25393,0.026644,0.031098,0.23764,0.19944,0.16434,0.15639,0.13048,0.10622,-0.13835,-0.0050134,0.043188,0.21665,-1.4712e-05,0.11092,-0.12948,0.085859,-0.12925,0.23693,0.26299,0.25982,0.16515,-0.16123,0.022823,0.21571,0.14035,0.054938,0.0081791,0.0095943,-0.0050016,0.021579,-0.046028,-0.088634,0.19052,0.010444,0.13597,0.12348,-0.083034,-0.10354,-0.15723,-0.28015,0.041027,-0.22122,0.056668,-0.016446,-0.062042,0.0042125,-0.0004403,-0.11496,-0.092647,0.020031,-0.059479,0.0073097,0.074853,0.1572,-0.094421,0.21248,-0.043796,0.0014765,0.12478,0.093666,0.31095,0.29647,0.33835,0.14667,0.027042,-0.020217,0.058829,-0.08914,0.12661,0.074822,-0.032319,-0.13406,0.090618,-0.0087078,0.091761,0.20629,-0.015068,-0.10789,-0.13322,0.17513,0.39774,0.32711,-0.051073,0.039621,-0.094437,0.021132,0.12306,0.024492,0.10449,-0.026367,0.048624,0.22873,0.18948,0.050281,0.028045,-0.03859,-0.071711,0.042385,0.018994,0.026306,0.13442,0.070036,0.0097249,-0.12635,-0.16429,0.0010844,0.25764,0.19488,-0.05246,-0.088573,-0.018112
-0.039747,0.025095,0.014059,0.075833,-0.0056729,0.065901,0.07393,0.13368,0.02822,0.031398,0.052298,0.038897,0.12029,0.10573,0.097663,0.10056,0.11759,0.39508,0.11522,0.15794,-0.056577,-0.0067458,0.087503,0.099669,0.067746,0.060633,-0.055442,0.072924,-0.065382,-0.090964,-0.10367,-0.0028238,0.26615,0.2778,-0.03905,-0.014642,0.010114,-0.015193,0.0020979,-0.014757,0.082325,-0.032942,0.14171,0.016045,0.057433,0.049099,0.0034043,0.15606,0.25901,0.21723,0.30742,0.16973,0.27247,0.37552,0.0036025,0.030527,0.062315,0.04963,-0.019402,0.010124,0.038103,-0.035279,0.062347,0.018967,0.12057,0.0087684,-0.051705,0.039152,-0.02267,-0.010179,0.046752,0.034255,0.036472,-0.02409,-0.033748,0.03362,0.11433,-0.012261,0.022837,0.064904,0.29549,0.2402,0.26206,0.1378,0.070072,0.46571,0.31045,0.13133,0.3637,0.35913,0.36845,0.41974,-0.034445,-0.067019,0.24328,0.4458,-0.019284,-0.022785,0.017515,0.14682,-0.026768,0.32712,0.16219,0.25722,0.12331,0.31657,0.18571,0.42893,0.28076,0.24536,0.010949,0.13076,0.13203,0.02466,-0.0018372,0.34065,0.4332,-0.025228,0.055667,0.020088,0.012548,0.10781,0.013314,-0.040141,-0.026418,0.074031,-0.023852,0.0089421,-0.022875,0.16085,0.048189,-0.026263,-0.01737,0.0048839,-0.038563,-0.065087,0.0030998,0.13524,0.077501,0.083583,0.024912,-0.079023,0.030879,-0.058907,0.016439,0.052351,-0.01522,-0.0027882,0.39137,0.089232,0.24653,0.4225,0.35756,0.093482,0.10555,0.023651,-0.052398,0.14625,0.010655,-0.0255,0.11897,0.0028924,0.2764,0.33474,0.0034999,-0.035559,-0.0023469,0.46814,0.28374,0.44162,0.021217,0.07453,0.040463,-0.018195,-0.062661,-0.036674,-0.005278,-0.015785,0.059295,0.36365,0.24895,0.095633,-0.042637,0.015703,-0.051131,0.004,0.022133,0.0092456,0.40816,0.34766,0.009007,0.14164,0.08983,-0.026158,0.083796,1,0.036119,0.096776,0.1441,0.085018,0.013498,0.020761,0.01972,0.055551,0.077633,0.07338,0.0068138,0.08813,-0.06991,-0.025044,-0.086064,-0.030417,0.18091,0.27802,-0.032901,-0.045472,0.039452,0.02693,0.073244,0.0085565,0.050777,0.0034536,0.14248,-0.046627,-0.059494,0.056058,-0.010822,0.1462,0.1661,0.13852,0.20529,0.027212,0.1529,0.18163,-0.023431,0.067112,0.068519,0.022659,0.014018,0.042342,0.011468,0.013803,-0.033827,-0.00031329,-0.067673,0.030358,0.023078,-0.046124,0.0373,0.0019415,0.070215,0.070359,0.068536,0.013483,-0.00081585,0.15305,0.077606,0.033477,0.029713,0.21153,0.23987,0.10055,0.07546,0.11598,-0.017966,0.11894,0.18943,0.0024309,0.055712,0.084272,0.086445,0.25602,-0.15532,-0.13816,-0.13851,0.09464,-0.022329,-0.058419,-0.11359,-0.044011,-0.1169,0.23996,0.087252,0.25781,0.15628,0.08072,0.037435,0.19601,0.18325,0.1778,0.12746,0.096899,0.0066869,0.02368,-0.050197,0.099728,0.17584,0.016826,0.0518,0.019938,0.082863,0.026201,0.02851,-0.025297,-0.011705,-0.029299,0.091262,0.036682,-0.030178,0.084438,0.084681,0.019417,0.021565,0.0080776,0.035792,-0.014829,-0.013691,0.099525,0.031666,0.03103,-0.016721,-0.086882,0.005219,-0.12147,0.016002,-0.029043,-0.071332,-0.058409,0.1401,-0.022136,0.077353,0.17161,0.14567,0.026228,-0.031231,-0.077779,0.018532,-0.083558,-0.035827,-0.083843,0.068439,0.022422,0.16279,0.22925,-0.021455,0.034244,-0.036144,0.34524,0.082931,0.16378,0.011495,0.035599,0.0023823,0.040209,0.022295,-0.03178,0.078573,-0.055105,0.0015348,0.15179,0.16072,0.10043,0.037922,0.067183,0.086156,0.037443,0.020981,0.10475,0.22955,0.11802,-0.011579,0.035019,0.068841,-0.029826,0.020355,0.12089,-0.0043197,0.154,0.18571
0.013777,0.017049,0.038335,0.018296,0.088001,0.091535,0.054754,0.057425,-0.02524,-0.0065246,0.093307,0.086614,0.1485,0.063851,0.093409,0.079366,0.084895,0.12543,0.0022941,0.18857,0.14194,0.15988,0.19435,0.14268,0.16017,0.10559,0.11532,0.19342,0.12306,0.030021,0.010886,0.1584,0.069543,0.053259,0.11379,0.045221,0.079082,0.095863,0.11947,0.1165,0.14959,0.10474,0.19209,0.13714,0.093221,0.094703,0.12014,0.10363,-0.057571,0.049285,0.03089,0.02561,0.012818,0.015062,0.18227,0.18834,0.13296,0.10729,0.11995,0.11097,0.1288,0.13545,0.081513,0.087411,0.11899,0.084317,0.033355,0.14156,0.071083,0.13475,0.16222,0.15873,0.12869,0.136,0.083207,0.090286,0.034141,0.02997,0.12086,-0.0066112,0.069012,0.1033,0.096904,0.035905,0.088935,0.00043579,-0.012313,0.021133,-0.0036347,-0.064861,-0.016167,0.059479,0.18014,0.016764,0.044486,0.073571,0.12063,0.089032,0.084124,0.067015,0.027422,0.05208,0.10049,0.12197,0.12522,-0.020272,0.024192,-0.031123,-0.041228,0.16091,0.10975,0.017149,0.017861,-0.00076476,0.086144,0.054419,-0.053007,0.15815,0.084773,0.14619,0.10391,0.081302,0.14281,0.11296,0.13294,0.22653,0.09224,0.062246,0.029168,0.091498,-0.0024107,0.032068,0.042615,0.087429,0.040555,0.054437,-0.026635,0.054392,0.022098,0.12706,-0.010528,-0.010005,0.18442,0.1811,0.078199,0.089629,0.0046954,0.069035,0.0399,0.052576,-0.0054236,0.052491,-0.00039866,0.10597,0.11482,0.027986,0.049888,0.10604,0.0198,0.097911,0.15833,0.11574,0.099847,0.053035,0.10087,0.063634,0.089188,0.087881,0.012261,-0.00046161,0.13364,0.11223,0.094741,-0.0015681,0.081454,0.05399,0.1168,0.12132,0.076898,0.029693,0.025019,0.088934,0.0018981,0.054396,-0.013672,0.1909,0.091398,0.1747,0.11821,0.077567,0.034373,0.1505,0.16494,0.19544,-0.025016,0.036119,1,0.073372,0.040976,0.17052,0.035962,0.10614,0.20135,0.18694,0.16457,0.18685,0.11028,0.16975,0.10868,0.13342,0.034976,0.13302,0.003369,0.0029195,0.063492,0.072975,0.14524,0.1393,0.1099,0.12466,0.048615,0.079589,0.18589,0.043531,-0.024332,0.062555,0.11214,-0.03754,-0.029596,0.014325,0.03758,-0.074183,0.0069019,0.047312,0.087534,0.15027,0.077776,0.04,0.083198,0.16745,0.077086,0.075846,0.037118,0.051147,0.057943,0.074049,0.088602,0.044337,0.066788,0.096057,0.1022,0.17023,0.11147,0.08075,0.042891,0.095998,0.0748,0.15896,0.14797,0.085443,0.11158,-0.0018653,0.022647,0.064575,0.099118,-0.012126,0.076124,-0.0071609,-0.059325,0.0051729,-0.039768,0.037406,0.0086201,0.028259,0.073892,0.033364,0.12457,0.013635,0.064611,0.051649,0.096943,0.088733,0.081157,0.061265,0.12731,-0.080526,0.022156,0.032633,-0.0015128,0.098403,0.062904,-0.0071704,0.025961,0.14971,0.058776,0.12551,0.0029974,0.13136,0.1309,0.075523,0.12986,0.085241,0.064383,0.084004,0.034915,0.15719,0.12637,0.18201,0.04962,0.13884,0.05719,0.058892,0.11249,0.0628,0.058608,0.11605,0.041449,0.12039,0.065824,0.10171,0.04379,0.041634,0.14064,0.12206,0.11496,0.0075465,0.095658,0.10595,0.053424,0.06347,-0.037465,0.045018,-0.011297,0.0095026,0.019635,0.036834,0.051188,0.098894,0.094552,-0.0042632,0.13523,0.12056,0.053945,0.044716,0.0806,0.1377,0.054179,0.017626,0.010922,0.024884,0.11391,0.10144,0.10711,0.044232,0.14764,0.066287,0.11019,0.036766,-0.042871,-0.011246,0.086499,0.14526,0.055254,0.092984,0.093477,0.11396,0.055775,0.12841,0.052341,0.029021,0.038452,0.13847,0.10735,0.1869,0.092838,-0.023474,0.10699,0.082101,0.17057
0.08779,-0.0010727,-0.085089,0.076446,0.045088,0.14247,0.033287,0.15151,0.016751,-0.021256,0.10335,0.082986,0.14508,0.10091,0.063491,0.074929,0.053627,0.2604,-0.01135,0.22246,0.069975,0.14255,0.18715,0.14157,0.16469,0.14322,0.017436,0.13726,0.20504,0.088545,0.023887,0.17767,0.19106,0.27528,0.074936,0.056103,0.11497,0.11217,0.098704,0.079204,0.13171,0.082658,0.16437,0.21124,0.20871,0.18563,0.069636,0.18832,0.030637,0.068699,0.12183,0.03931,0.055585,0.14986,0.094306,0.20046,0.26292,0.10702,0.023601,0.05178,0.24099,0.20531,0.2886,0.21172,0.28313,0.12267,0.0025699,0.14804,0.14656,0.076481,0.10187,0.10879,0.15129,0.10619,0.10824,0.1642,0.087839,0.19759,0.32182,0.038658,0.24375,0.21351,0.1644,-0.016471,0.0027003,0.068431,0.067961,0.045633,-0.059913,0.031997,0.084887,0.056551,0.25836,0.020371,0.033119,0.089992,0.19845,0.14507,0.049444,0.036956,0.12755,0.091728,0.32155,0.18278,0.35107,0.040184,0.060194,0.1423,0.11441,0.22276,0.081959,0.11444,0.055869,0.11662,0.20271,0.12093,0.081531,0.076748,0.047406,0.020511,0.09787,0.11347,0.032813,0.083451,0.10151,0.11435,0.18338,0.24736,-0.020862,0.21176,0.021871,0.14163,0.11699,0.10115,0.11511,0.19599,-0.072555,0.15499,0.085614,0.10212,0.028655,-0.1037,0.079146,0.048162,0.049318,0.1436,0.048878,0.10967,0.18136,0.081272,0.07354,0.12234,0.14409,0.14263,0.15239,0.14133,0.03116,0.17109,0.086169,0.079105,0.24917,0.13957,0.24147,0.1812,0.10442,0.10038,0.23981,0.26298,0.074709,0.080357,0.21765,0.077892,0.08395,-0.0096404,0.04259,0.048971,0.12173,0.1167,0.1364,0.1299,0.094404,0.085684,-0.025797,-0.021343,-0.014437,0.06123,0.03007,0.23717,0.21907,0.055384,0.055017,0.13008,0.034762,0.087737,0.0048887,0.096776,0.073372,1,0.092296,0.15384,0.10807,0.10542,0.15964,0.14381,0.18858,0.19362,0.0076481,0.13612,0.15149,0.16283,-0.085007,0.10009,0.091082,0.1887,0.044368,0.071575,0.15741,0.12406,0.12733,0.091469,0.12179,0.12363,0.21151,0.013611,-0.12365,0.15716,0.11097,0.060442,0.049853,0.03844,0.067225,-0.05228,-0.041871,0.13025,0.0086574,0.22354,0.20105,-0.013241,0.043991,0.14901,0.25847,0.14482,0.15151,0.1508,0.10337,0.14916,0.13543,0.082759,0.13637,0.035727,0.13183,0.13558,0.13959,0.12854,0.035154,0.18674,0.066682,0.18727,0.21622,0.045726,0.15619,0.021281,-0.032753,0.030755,0.055991,-0.022306,0.087391,-0.039576,-0.14472,-0.077285,-0.064299,0.091624,-0.0032934,-0.085096,0.0026773,-0.039648,0.16957,-0.069057,-0.00017931,-0.0030477,0.078216,0.15601,0.26829,0.13667,0.29458,-0.10037,0.083969,0.12505,0.016409,0.18888,0.1029,0.027925,-0.0086833,0.18645,0.14516,0.048267,-0.038644,0.11329,0.059237,0.005225,0.16534,0.062922,0.10964,0.14606,0.035496,0.067067,0.26508,0.16588,0.072056,0.15335,0.12714,0.14574,0.13267,0.077789,0.1515,0.16213,-0.11959,0.13443,-0.032187,0.12861,0.007573,0.060312,0.033966,-0.013764,-0.0075722,-0.0078026,-0.0068681,-0.0013309,0.044719,0.037771,-0.11055,0.0064129,-0.0075605,-0.031378,0.010455,0.057609,0.11331,0.0072109,0.05458,0.032195,0.14009,0.11447,0.18849,0.087874,0.091156,0.19367,0.14242,0.081347,-0.0044943,-0.0056966,0.10783,0.046092,0.095643,0.039936,0.086214,0.042375,0.13172,0.020258,-0.083445,0.01704,0.071635,0.18441,0.045583,0.046741,0.022163,0.15362,0.01719,0.18286,0.16222,-0.042149,-0.034798,0.031553,0.03018,0.091047,0.042048,-0.017876,0.068158,0.20202,0.26751
-0.029186,0.011168,0.10722,0.066499,0.064286,-0.019339,0.15553,0.16632,0.063914,0.067392,0.066444,0.076637,0.052292,0.12882,0.10288,-0.0059063,0.10969,0.16906,0.046454,0.049942,0.022359,0.090779,0.058848,0.069586,0.076185,0.029245,0.10455,0.055574,0.038663,0.040459,0.076895,0.071516,0.06238,0.063169,0.088218,0.13066,-0.016378,0.089078,0.11358,0.11425,0.062846,0.020139,0.10071,0.094553,0.11317,0.031425,0.064381,-0.0037473,-0.01055,-0.050027,0.19497,-0.0058939,0.071308,0.0084962,0.0096368,0.033552,0.12047,-0.03749,0.13861,0.054337,-0.062444,0.039952,0.12219,0.012916,-0.0062151,0.016151,0.090264,0.10244,0.049306,0.029894,0.027523,0.095403,-0.043989,0.04149,0.015881,0.070377,0.05457,0.060849,0.032056,0.18007,0.27319,0.076547,0.20348,0.17126,0.098527,0.00282,-0.014574,0.13051,0.13075,0.13965,0.10886,0.19716,0.051954,-0.015221,0.071545,0.02022,0.063066,0.0239,0.023239,0.046135,-0.01652,0.13103,0.16013,0.15068,0.21254,0.059098,0.023685,0.12432,0.026973,0.21063,-0.032124,-0.005273,0.073573,0.06755,-0.0154,-0.066404,0.1585,0.041547,0.024885,0.025468,0.07837,0.014371,0.11939,0.04366,0.0468,0.082014,0.13231,0.029676,0.11098,0.21605,0.07626,-0.039427,-0.079283,-0.068484,0.033515,0.011639,0.038235,0.022539,-0.057707,0.0068157,-0.087456,0.04819,0.048045,-0.033758,0.077436,-0.029446,-0.064326,0.01559,0.028799,-0.036422,-0.075043,-0.051765,-0.056173,-0.067527,-0.070549,-0.10363,0.069616,-0.081018,-0.12278,-0.080469,0.016009,-0.052694,0.099425,0.015717,0.019827,0.066895,0.097066,0.15923,-0.070839,-0.064345,-0.037055,0.048915,0.081039,0.05765,0.025858,-0.029857,0.068761,0.054422,-0.017687,0.058333,0.028298,0.038437,0.062792,0.073869,0.059583,0.052963,0.07592,0.096812,0.16009,0.067514,0.033357,0.1258,0.16758,0.073865,-0.12304,0.1441,0.040976,0.092296,1,0.10517,-0.0032067,0.062885,0.034298,0.091852,0.032796,0.0079905,0.085724,0.069718,-0.0092194,0.0075618,-0.0035032,0.11152,0.13293,0.061747,0.056859,0.090586,-0.0055524,0.047468,0.0606,0.042381,0.052366,-0.089255,0.059148,-0.0093465,0.033438,-0.061793,-0.052857,-0.05633,-0.055492,-0.065151,0.18467,-0.048273,0.099688,-0.0034489,0.049827,0.045307,0.1089,0.087076,-0.0066806,0.035582,-0.046703,0.070311,0.019696,-0.017697,0.039483,0.003595,0.060118,0.088896,0.0028485,0.00033523,0.0098672,0.077203,-0.022565,-0.015572,0.051243,0.063131,0.064328,0.13938,0.1051,0.19901,0.14688,-0.024206,0.15216,0.010967,-0.0846,-0.030907,-0.08589,0.031483,0.0028594,0.073512,-0.030179,-0.10519,-0.061051,-0.061425,-0.12004,-0.10215,0.0054172,-0.13144,-0.10571,-0.15222,-0.10517,-0.093396,0.033346,-0.01361,0.14612,-0.0041431,-0.04036,-0.08579,0.037871,0.15588,0.034088,-0.01993,-0.014274,-0.005439,-0.095421,-0.1425,0.0037686,0.10751,0.093622,0.030622,-0.10316,-0.025636,0.035782,-0.053364,0.14991,0.011832,0.10603,0.11898,0.028344,0.082924,0.010124,0.016335,0.0037097,-0.060301,0.031097,-0.023512,0.099649,-0.032136,0.12119,-0.037023,-0.0028829,-0.043199,0.093087,-0.017749,0.039506,0.015373,-0.043611,0.05115,-0.062676,-0.086146,0.019822,-0.066607,0.023408,0.13004,-0.017372,-0.062018,0.011123,0.024834,0.072555,-0.040262,0.006934,-0.0097856,-0.097178,-0.1224,-0.026661,0.09844,-0.0021598,-0.036858,-0.086601,-0.092367,0.072139,-0.0074707,-0.01557,-0.036093,0.016071,0.063491,0.046155,0.062818,0.14476,0.018341,0.0054638,0.042915,-0.026678,-0.01558,0.054192,0.012436,0.06831,-0.0057822,0.084238,-0.10603,0.065403,0.1084,0.19639,0.065677,-0.050009,-0.029639,0.09234,0.19444,0.14663
0.12497,0.072413,0.058752,0.11786,0.14264,0.19394,0.1404,0.19614,-0.00010758,0.0012416,0.10308,0.12162,0.40423,0.32063,0.29223,0.20395,0.17392,0.29302,0.16375,0.81892,0.41461,0.70003,0.81822,0.65621,0.70997,0.53471,0.47815,0.57822,0.43682,0.30738,0.13602,0.72066,0.24877,0.17602,0.56705,0.33872,0.47593,0.55842,0.56668,0.50458,0.52573,0.40641,0.34407,0.33329,0.25107,0.3625,0.23575,0.35468,-0.032069,0.22263,0.20349,0.098014,0.13673,0.067384,0.51539,0.37922,0.30912,0.30204,0.30379,0.20815,0.29545,0.30432,0.21305,0.31855,0.37983,0.27816,0.26823,0.51595,0.42499,0.5265,0.44716,0.52783,0.35064,0.28524,0.32587,0.15219,0.057768,0.10299,0.25791,0.030452,0.10553,0.18404,0.17906,0.085288,0.151,-0.018346,0.0029768,0.0251,0.0096872,-0.011574,0.096332,0.11893,0.2146,-0.0072863,0.098599,0.070865,0.29845,0.29477,0.30913,0.21125,0.21858,0.12861,0.15647,0.14361,0.19113,0.0054621,0.046171,0.0089897,-0.045223,0.19737,0.16883,-0.017342,0.091776,0.19618,0.32163,0.086395,-0.010433,0.25086,0.24576,0.27636,0.25166,0.25181,0.3242,0.18604,0.20771,0.4025,0.17077,0.10825,0.088377,0.12907,0.064708,0.095903,0.066434,0.19267,0.26064,0.31969,-0.048066,0.20597,0.10536,0.479,0.026957,-0.010058,0.3421,0.25236,0.16096,0.17273,0.030018,0.17712,0.06484,0.027064,0.043752,0.11901,0.098021,0.25329,0.34402,0.17254,0.39428,0.18785,0.10142,0.36893,0.56919,0.45539,0.26105,0.20042,0.45912,0.20373,0.22568,0.16095,0.12784,-0.0075108,0.55554,0.29451,0.30635,0.079895,0.41955,0.29552,0.62487,0.57204,0.30064,0.065496,0.10957,0.18087,0.036053,0.069296,0.026359,0.1844,0.27198,0.23956,0.10901,0.085546,0.05077,0.36052,0.27937,0.40576,-0.011892,0.085018,0.17052,0.15384,0.10517,1,0.075224,0.6325,0.82877,0.8029,0.75717,0.63084,0.4434,0.50401,0.46138,0.34185,0.14527,0.63394,0.11304,0.091278,0.50643,0.39139,0.50774,0.59712,0.52747,0.62051,0.52331,0.17693,0.43896,0.22106,0.12754,0.13764,0.27047,-0.031621,-0.03449,0.13962,0.14794,-0.054434,0.031853,0.14296,0.26271,0.27844,0.35023,0.17989,0.3343,0.29981,0.24253,0.28158,0.131,0.15556,0.35001,0.16801,0.31095,0.35312,0.40103,0.33302,0.30756,0.51621,0.22917,0.26004,0.16028,0.17452,0.16533,0.30375,0.33303,0.13834,0.18715,0.10392,0.11901,0.15835,0.14582,0.080123,0.074484,0.039487,0.013636,0.10925,0.013383,0.12767,0.12636,0.15489,0.10036,0.084872,0.24006,0.050431,0.20829,0.11638,0.21123,0.19929,0.079881,0.16864,0.24775,0.018349,0.022579,0.11137,0.10805,0.17907,0.19939,-0.0063256,0.060299,0.40271,0.1736,0.15716,0.022397,0.35469,0.35622,0.19075,0.33804,0.16564,0.27642,0.21684,0.033469,0.32911,0.27339,0.19404,0.078914,0.20143,0.03776,0.07995,0.15099,0.057095,0.18709,0.28671,0.059757,0.1917,0.066843,0.32521,0.088268,0.13455,0.17919,0.22669,0.17557,0.075088,0.17758,0.2584,0.2061,0.18682,0.016632,0.10609,0.13526,0.14231,0.1119,0.078757,0.4149,0.27226,0.19249,0.0035677,0.50278,0.49444,0.20487,0.12676,0.40179,0.21212,0.050886,0.17268,0.15209,0.066671,0.5053,0.28534,0.28125,0.078512,0.54964,0.30555,0.66673,0.3002,0.20629,0.092166,0.13095,0.39946,0.04939,0.15,0.12718,0.19972,0.20222,0.16663,0.10725,0.10711,0.11539,0.23242,0.28523,0.37199,0.18734,0.01904,0.23705,0.22111,0.33726
0.011206,0.028273,0.022696,0.062354,0.029267,0.065599,0.093151,0.024946,0.0014236,0.013276,0.057682,-0.0091548,0.1534,0.088923,0.086855,0.043014,0.022618,0.13245,0.1137,0.096468,0.1309,0.092846,0.13045,0.1115,0.12375,0.099348,0.15666,0.15126,0.032782,0.020466,-0.063141,0.065144,0.083424,0.098495,-0.0064261,-0.010809,0.16441,0.0066529,0.072852,0.07475,0.046664,0.070056,0.06054,0.1381,-0.0023968,0.11091,0.046807,0.28141,0.009449,0.14669,0.062895,0.037499,0.06148,0.04782,0.14395,0.12603,0.19759,0.17475,0.16139,0.13722,0.44185,0.1301,0.16152,0.31542,0.26507,0.47633,0.22215,0.11448,0.14329,0.27552,0.41892,0.11972,0.40278,0.31462,0.24767,0.18735,0.064156,0.044178,0.052938,0.013507,0.041282,0.001593,0.038047,0.0084152,0.042614,-0.016257,0.064769,-0.0077577,-0.0026179,0.048936,0.0048531,-0.034421,0.018237,-0.0394,-0.050583,-0.015092,0.13662,0.048686,0.10248,0.0017328,0.15454,0.038311,0.18868,0.038323,0.039242,-0.065352,-0.03772,0.017973,0.011239,0.031194,0.019127,-0.038988,0.0040107,0.18388,0.35232,0.0012842,-0.010722,0.033072,0.14005,0.24968,0.027778,0.1224,0.093753,0.22671,0.058988,0.11559,0.073341,0.0036776,-0.010205,0.0076757,0.017231,0.035818,0.012789,0.21379,0.41276,0.34743,-0.02666,0.022332,0.043746,0.097468,0.016774,-0.067815,0.10935,0.062404,0.036482,0.035363,0.022011,0.018872,0.030132,0.048244,0.01334,0.030224,0.039985,0.12997,0.14548,0.30114,0.19272,0.037319,0.18946,0.092709,0.15901,0.21387,0.089427,0.18413,0.11726,0.27904,0.2155,0.01744,0.049525,0.034941,0.079863,0.058306,0.098875,0.043898,0.11585,0.27253,0.057045,0.085953,0.053799,0.033282,0.099547,0.12223,0.0086543,0.002392,-0.05872,0.077897,0.09861,-0.0048319,0.055234,-0.021852,0.043326,0.13892,0.086264,0.075246,0.001307,0.013498,0.035962,0.10807,-0.0032067,0.075224,1,0.054154,0.12333,0.12101,0.10564,0.15515,0.1316,0.13641,0.13891,0.25321,-0.013573,0.055033,0.081329,0.12721,0.01015,0.2171,0.19746,0.062651,0.096789,0.11741,0.15641,0.51053,0.081866,0.02482,0.0008327,0.099279,0.047374,0.10775,0.032515,0.080346,0.029869,0.0015268,0.016133,0.049644,0.065449,0.17582,0.18047,0.091728,0.19853,0.21719,0.52097,0.15998,0.27159,0.29465,0.26028,0.60704,0.31213,0.17942,0.15707,0.29732,0.44083,0.091602,0.4187,0.32462,0.29079,0.20177,0.086754,0.17176,0.13403,0.073598,0.087818,0.031898,0.049813,0.017346,-0.0048802,0.046778,0.16749,-0.045357,-0.049869,0.02005,-0.0075181,0.013521,-0.042979,-0.024278,0.0064553,-0.064118,0.30058,-0.073842,0.17101,0.0058711,0.20745,0.12087,0.28166,0.099258,0.16064,0.0032744,0.029765,0.027114,0.021257,0.092495,0.023397,0.014461,-0.022909,0.18895,0.42772,0.082683,0.063526,0.12273,0.18171,0.2603,0.12471,0.023496,0.073977,0.22737,0.059388,0.034378,0.12516,0.033593,0.019848,0.049525,-0.015123,0.029442,0.070835,0.15009,0.50882,0.46379,0.035158,0.075106,0.062659,0.083042,0.056395,-0.022571,0.041578,-0.011314,0.073238,0.085744,-0.017417,0.041437,0.030997,0.027252,-0.0058073,0.058816,0.056927,0.1168,0.16581,0.36534,0.29629,0.065472,0.43616,0.38972,0.15205,0.17943,0.10977,0.1006,0.22076,0.29771,0.29804,0.034648,0.031099,0.057816,0.052015,0.10753,0.095934,0.07249,0.18083,0.36644,0.089758,0.22383,0.10275,0.060291,0.13751,0.20317,0.011716,0.097356,-0.042043,0.10608,0.084459,-0.0028424,0.13543,-0.016442,0.056239,0.053572,0.028353,0.045511,0.052926,0.038057,0.0045887,0.097808,0.057146
0.12316,0.077053,0.087128,0.13167,0.076581,0.14075,0.11368,0.15422,-0.024717,-0.021244,0.049857,0.079962,0.30195,0.28412,0.29016,0.16117,0.12001,0.1927,0.12526,0.55815,0.48994,0.71695,0.63003,0.45032,0.588,0.46568,0.45021,0.4481,0.46924,0.42563,0.15668,0.72663,0.13766,0.043125,0.65526,0.42659,0.48442,0.63058,0.5767,0.50203,0.34993,0.47406,0.19091,0.30704,0.19621,0.34571,0.20112,0.25554,-0.019313,0.11388,0.10989,0.077554,0.072987,-0.0054938,0.4179,0.23056,0.18786,0.21858,0.28449,0.12703,0.16051,0.26279,0.17055,0.21187,0.22337,0.27428,0.38942,0.53369,0.48187,0.46307,0.34354,0.44836,0.2804,0.20307,0.36246,0.092569,0.065792,0.12463,0.1658,-0.022508,0.021391,0.11297,0.068312,0.066676,0.091966,-0.0015576,-0.0059461,-0.013589,0.064729,0.0074744,0.051508,0.10014,0.13653,-0.020154,0.051959,0.054987,0.28309,0.3053,0.32498,0.18943,0.21134,0.11361,0.049293,0.08931,0.061419,-0.01137,-0.016505,-0.0059093,-0.073014,0.078524,0.11681,-0.044823,0.05211,0.22641,0.2724,0.11405,0.016316,0.16175,0.2397,0.21074,0.17809,0.19948,0.27084,0.13152,0.14819,0.30333,0.10596,0.10482,0.15009,0.069595,0.12693,0.074499,0.060691,0.15483,0.24283,0.34675,-0.00257,0.18565,0.08272,0.39162,0.051111,0.081009,0.27991,0.27052,0.10883,0.12262,0.1037,0.16146,-0.011154,0.035024,0.012032,0.098277,0.054176,0.19386,0.31127,0.14653,0.47923,0.16246,0.18577,0.40255,0.41599,0.38932,0.16547,0.20066,0.48674,0.18579,0.18773,0.063249,0.083376,-0.033951,0.52134,0.22517,0.24979,0.078586,0.516,0.46297,0.64436,0.64252,0.23184,-0.0048807,0.076479,0.12347,0.032257,0.01395,0.010501,0.16186,0.212,0.14708,0.025949,0.062967,0.05975,0.26929,0.2067,0.41823,0.065556,0.020761,0.10614,0.10542,0.062885,0.6325,0.054154,1,0.70269,0.66884,0.57774,0.51446,0.41665,0.41852,0.51796,0.3001,0.11342,0.70879,0.095951,-0.0015045,0.6131,0.44179,0.47567,0.59885,0.52304,0.60939,0.42082,0.22946,0.34896,0.26109,0.14352,0.075891,0.21809,-0.051902,-0.01982,0.075945,0.039978,-0.039006,0.027815,0.070339,0.25397,0.18967,0.27978,0.15697,0.32394,0.18239,0.15467,0.25936,0.0459,0.039956,0.36691,0.096494,0.34159,0.40196,0.49643,0.31108,0.22166,0.42189,0.13145,0.20489,0.12589,0.11656,0.09724,0.21252,0.23789,0.066329,0.092562,0.10823,0.082474,0.12168,0.048178,0.077973,0.0080461,0.014447,0.071249,0.1272,0.060178,0.12264,0.14721,0.12901,0.052202,0.12222,0.14168,0.034818,0.20559,0.14083,0.14426,0.17587,-0.072228,0.17204,0.080118,0.049546,-0.025232,0.12515,0.11841,0.068042,0.13494,0.0069279,0.044147,0.37456,0.11951,0.1125,0.073098,0.27408,0.28362,0.12335,0.26009,0.12334,0.27048,0.16358,0.041382,0.2437,0.14092,0.080593,0.080576,0.083295,0.0050912,0.028706,0.095384,-0.0011301,0.10701,0.21337,0.08266,0.12652,0.063309,0.282,0.071344,0.16959,0.14245,0.276,0.10447,0.061899,0.17499,0.2348,0.1596,0.20551,0.073156,0.12906,0.091512,0.12146,0.11383,0.047567,0.45049,0.27359,0.22989,-0.05664,0.45368,0.39084,0.15494,0.13402,0.38491,0.092571,-0.047036,0.14761,0.15894,0.067056,0.58623,0.29002,0.19635,0.026641,0.60134,0.43892,0.65278,0.41238,0.23269,0.029162,0.025906,0.31534,-0.012551,0.099567,0.11271,0.18033,0.22913,0.11188,0.09851,0.16331,0.11512,0.19024,0.24248,0.35754,0.14565,-0.003307,0.21876,0.12377,0.20865
0.1984,0.074084,0.085662,0.13401,0.17638,0.2397,0.12127,0.18212,-0.031926,-0.046903,0.065454,0.12675,0.41944,0.27795,0.32827,0.19521,0.14445,0.21037,0.10866,0.78133,0.57196,0.74019,0.84865,0.60824,0.73785,0.58576,0.53449,0.62807,0.48291,0.35745,0.14584,0.7842,0.18164,0.10678,0.61879,0.34132,0.5711,0.60591,0.62058,0.56272,0.49662,0.53594,0.29911,0.37872,0.26903,0.40107,0.30877,0.39207,-0.050105,0.22615,0.15094,0.1067,0.075834,0.024999,0.57949,0.40124,0.31935,0.35394,0.36445,0.24019,0.32256,0.35714,0.21582,0.3422,0.36496,0.33126,0.31568,0.56461,0.4613,0.58769,0.49026,0.58336,0.39787,0.34834,0.38888,0.16315,0.077807,0.10164,0.27864,-0.039725,0.073515,0.15458,0.14048,0.054146,0.14911,-0.031961,0.010988,0.03914,-0.024248,-0.046973,0.029372,0.054926,0.24595,-0.0011518,0.073538,0.044529,0.3177,0.31794,0.32296,0.18115,0.22949,0.07679,0.1401,0.10904,0.15524,-0.011237,-0.0075334,-0.052184,-0.097469,0.17386,0.21751,-0.055334,0.10704,0.18671,0.37529,0.085239,-0.041094,0.28882,0.30073,0.30259,0.27005,0.23715,0.35805,0.21471,0.25535,0.42649,0.16048,0.13828,0.10304,0.072382,0.059998,0.086922,0.086986,0.25646,0.30211,0.35136,-0.047642,0.21807,0.12172,0.49673,0.042079,-0.001532,0.41033,0.38087,0.15929,0.22587,0.084552,0.24084,0.05109,0.070998,0.036757,0.095112,0.069041,0.31968,0.42549,0.22029,0.45725,0.2676,0.19339,0.49839,0.58243,0.51163,0.21001,0.16109,0.4981,0.21967,0.22656,0.091,0.14958,-0.037207,0.58807,0.3232,0.34791,0.070431,0.57377,0.40109,0.65588,0.66892,0.33649,0.032408,0.07829,0.19122,0.027326,0.05722,0.003855,0.2001,0.30878,0.25278,0.066137,0.052187,0.081185,0.34223,0.29546,0.52312,0.024597,0.01972,0.20135,0.15964,0.034298,0.82877,0.12333,0.70269,1,0.86186,0.78987,0.68446,0.50909,0.5623,0.53703,0.36455,0.16406,0.70683,0.076147,0.041036,0.54273,0.3956,0.61326,0.64777,0.58545,0.6925,0.5151,0.25666,0.45829,0.2804,0.14081,0.15767,0.35704,-0.017754,-0.017288,0.16153,0.092921,-0.025197,0.0016723,0.17206,0.3133,0.25953,0.36317,0.19964,0.38598,0.31639,0.24661,0.28073,0.13937,0.14292,0.35207,0.20359,0.33721,0.36059,0.45275,0.41035,0.33359,0.57146,0.26126,0.30457,0.20135,0.17961,0.15166,0.31599,0.3348,0.12212,0.19642,0.077816,0.12241,0.20116,0.19151,0.12451,0.15055,0.070282,0.027006,0.13921,0.048517,0.14187,0.17127,0.20555,0.1807,0.10571,0.26979,0.066831,0.25873,0.16155,0.27314,0.22855,0.07581,0.17268,0.23979,0.035871,0.061377,0.12787,0.14704,0.16762,0.20568,-0.018488,0.072423,0.43306,0.22587,0.22347,0.028429,0.37539,0.41639,0.2386,0.3744,0.19321,0.31263,0.24533,0.025332,0.40261,0.27885,0.18468,0.094783,0.19427,0.056456,0.069206,0.18051,0.097054,0.21463,0.33233,0.04645,0.23632,0.073859,0.38731,0.12245,0.2102,0.23639,0.31976,0.22464,0.10368,0.26708,0.31715,0.23786,0.26804,0.045595,0.12321,0.13079,0.13031,0.14054,0.10997,0.46096,0.33094,0.25918,0.027909,0.53256,0.52758,0.19653,0.13333,0.42698,0.22502,0.057847,0.16302,0.20846,0.11631,0.51698,0.38044,0.35277,0.14555,0.65678,0.37383,0.69961,0.36276,0.20948,0.099365,0.13793,0.44336,0.069021,0.19407,0.13394,0.22779,0.2357,0.16416,0.13606,0.13807,0.14401,0.27297,0.29719,0.47914,0.27336,-0.012235,0.28677,0.20467,0.32851
0.15165,0.07516,0.10741,0.126,0.14708,0.21023,0.15202,0.18844,-0.025063,-0.038184,0.097709,0.13778,0.41696,0.31571,0.33001,0.18434,0.16666,0.2726,0.12591,0.73982,0.52469,0.71067,0.84548,0.71597,0.78301,0.55205,0.50816,0.58949,0.46012,0.35693,0.17256,0.75485,0.18127,0.12943,0.63159,0.39562,0.53208,0.63201,0.62836,0.60512,0.59855,0.47989,0.29373,0.38658,0.27862,0.39559,0.30604,0.40367,-0.068257,0.18039,0.18183,0.082901,0.091589,0.020422,0.54514,0.38826,0.32576,0.33595,0.37373,0.2319,0.30125,0.35472,0.24345,0.36205,0.38786,0.34564,0.34089,0.55581,0.48138,0.5491,0.46662,0.55646,0.37101,0.31556,0.36978,0.17083,0.082916,0.086944,0.27189,0.0026635,0.085171,0.1343,0.16364,0.079328,0.15954,-0.041156,0.010471,0.010052,-0.026451,-0.046888,0.043269,0.091094,0.25784,-0.012024,0.042019,0.021638,0.34748,0.3428,0.34756,0.17348,0.24017,0.10896,0.17604,0.14378,0.19875,-0.016407,-0.0061303,-0.0303,-0.11717,0.19767,0.18315,-0.07427,0.070729,0.24522,0.35635,0.067118,-0.012095,0.28691,0.28104,0.29453,0.25356,0.22853,0.3374,0.20534,0.22413,0.42754,0.18068,0.11128,0.11388,0.11884,0.081297,0.077595,0.054444,0.222,0.28832,0.35896,-0.048191,0.19714,0.088264,0.43571,-0.0045397,0.014658,0.38479,0.33567,0.17035,0.20099,0.036693,0.21587,0.030271,0.0089838,-0.015934,0.089379,0.038611,0.26261,0.39186,0.19472,0.47835,0.23207,0.14528,0.42441,0.54087,0.48911,0.24861,0.18611,0.50546,0.23009,0.24598,0.13185,0.10897,-0.043289,0.54947,0.28951,0.3119,0.0977,0.51743,0.3737,0.66418,0.64435,0.27677,0.046194,0.12758,0.18719,0.031423,0.084964,0.013843,0.19253,0.29651,0.26072,0.10514,0.069822,0.093541,0.34426,0.32058,0.48284,-0.026364,0.055551,0.18694,0.14381,0.091852,0.8029,0.12101,0.66884,0.86186,1,0.83658,0.6422,0.49603,0.53232,0.49739,0.36061,0.15977,0.69152,0.084465,0.042587,0.51865,0.44699,0.55714,0.62158,0.60135,0.69683,0.57799,0.22592,0.43439,0.25009,0.1385,0.13756,0.30094,-0.019696,-0.063021,0.10482,0.11313,-0.082081,0.0025223,0.12815,0.3259,0.27554,0.36436,0.2191,0.35484,0.29193,0.24451,0.27999,0.16137,0.15736,0.38762,0.19643,0.34055,0.38269,0.45647,0.37396,0.30916,0.54454,0.24718,0.27693,0.2139,0.16602,0.13151,0.31683,0.34523,0.136,0.1791,0.066171,0.12972,0.15673,0.14738,0.074572,0.10411,0.02572,-0.0074484,0.11137,0.0057503,0.11043,0.12477,0.15929,0.097231,0.064166,0.27078,0.0135,0.22094,0.10702,0.21078,0.20059,0.10219,0.17418,0.26333,0.00083885,0.0077691,0.10549,0.1123,0.18805,0.18523,-0.026235,0.029711,0.4188,0.21544,0.18676,0.039914,0.36713,0.39775,0.22489,0.34035,0.1687,0.28196,0.20898,0.044853,0.38789,0.27973,0.20616,0.091225,0.18589,0.031157,0.065917,0.16438,0.067344,0.21771,0.33877,0.077417,0.19685,0.11096,0.31618,0.094977,0.16578,0.23195,0.26115,0.19478,0.10242,0.2113,0.3011,0.18539,0.20219,0.01035,0.087142,0.13696,0.14751,0.12434,0.11347,0.45483,0.30419,0.25787,0.054885,0.48553,0.50322,0.19454,0.12513,0.41554,0.21458,0.05699,0.15334,0.13994,0.057142,0.51454,0.30976,0.32181,0.10873,0.61657,0.38572,0.69234,0.33767,0.21746,0.055207,0.1281,0.41655,0.062547,0.16206,0.1342,0.20879,0.22982,0.12779,0.13962,0.097954,0.13602,0.28303,0.30945,0.44227,0.1952,-0.010774,0.28525,0.20617,0.32296
0.17351,0.046427,0.055047,0.10877,0.14493,0.26338,0.11238,0.16334,-0.036416,-0.039341,0.089932,0.10831,0.43346,0.28389,0.28351,0.22802,0.1395,0.31272,0.15367,0.74965,0.52671,0.6135,0.82762,0.74757,0.81451,0.524,0.48013,0.60011,0.4237,0.33163,0.097056,0.65661,0.28627,0.20652,0.55183,0.38966,0.56155,0.58741,0.62076,0.62653,0.70065,0.48696,0.26938,0.32911,0.25993,0.43076,0.26668,0.41188,0.055608,0.30884,0.21944,0.17356,0.1785,0.14878,0.5616,0.39079,0.26328,0.33282,0.31211,0.23067,0.3053,0.3146,0.1566,0.3307,0.41891,0.27586,0.27453,0.50184,0.4748,0.54413,0.4555,0.54104,0.40226,0.28543,0.36103,0.12981,0.08997,0.079196,0.26891,-0.0053802,0.10329,0.15315,0.19144,0.095981,0.14708,0.055519,0.1264,0.051814,-0.014413,0.017297,0.13499,0.056482,0.22932,-0.010195,0.058872,0.086318,0.27316,0.32063,0.30737,0.158,0.2183,0.090139,0.13352,0.11278,0.16433,0.025932,0.069558,0.044789,-0.054478,0.18579,0.22013,-0.0022812,0.09264,0.21669,0.32953,0.15024,0.024632,0.25411,0.29883,0.27746,0.23995,0.26058,0.29128,0.18096,0.20587,0.39463,0.12096,0.12997,0.042242,0.046411,0.034924,0.07265,0.10082,0.25711,0.27137,0.35886,-0.072468,0.21928,0.13447,0.43658,0.046573,-0.045742,0.3722,0.3232,0.14653,0.24982,0.077246,0.23586,0.11298,0.087009,0.11993,0.16792,0.15403,0.32318,0.4653,0.21247,0.49398,0.30954,0.21338,0.47213,0.58104,0.51586,0.24143,0.24262,0.51226,0.17205,0.16838,0.15703,0.24859,0.081585,0.53561,0.25754,0.27714,0.1023,0.52146,0.38184,0.6439,0.59754,0.31388,0.13172,0.16385,0.1873,-0.0006094,0.067268,-0.0082953,0.14663,0.28479,0.22307,0.11461,0.049266,0.057184,0.32322,0.20811,0.42748,0.072313,0.077633,0.16457,0.18858,0.032796,0.75717,0.10564,0.57774,0.78987,0.83658,1,0.68229,0.49782,0.53656,0.47663,0.31654,0.16784,0.53096,0.10164,0.13327,0.43183,0.39299,0.59991,0.58554,0.63758,0.71235,0.64978,0.23139,0.44696,0.28111,0.12797,0.1883,0.38305,0.012042,0.043651,0.21513,0.094185,-0.017522,0.03743,0.25225,0.29452,0.28907,0.31575,0.19425,0.39034,0.29684,0.23924,0.22359,0.11512,0.12385,0.29529,0.18418,0.32324,0.30979,0.46124,0.3911,0.33872,0.56066,0.26255,0.28452,0.16388,0.19178,0.11707,0.26897,0.32192,0.12499,0.20249,0.04712,0.11265,0.22694,0.20082,0.12668,0.19973,0.084121,0.013124,0.11668,0.076116,0.1766,0.13615,0.19828,0.14213,0.1176,0.22603,0.037495,0.21272,0.15838,0.21665,0.26406,0.077352,0.19992,0.27271,0.036275,0.10948,0.14288,0.14361,0.18984,0.20925,-0.01625,0.048361,0.42624,0.20706,0.21002,0.024862,0.32833,0.38493,0.18154,0.41939,0.1975,0.29493,0.23241,-0.026554,0.38006,0.27902,0.14162,0.071661,0.16435,0.048798,0.090332,0.16444,0.091409,0.19798,0.31292,0.021994,0.24235,0.074565,0.30846,0.108,0.18416,0.17792,0.28219,0.18255,0.09001,0.22365,0.29919,0.25152,0.26038,0.065096,0.11926,0.19098,0.10466,0.12598,0.095089,0.46362,0.3323,0.21887,0.025402,0.47318,0.49562,0.24717,0.18703,0.39948,0.17979,0.034661,0.2269,0.26395,0.16489,0.40251,0.31732,0.37236,0.13468,0.61249,0.37046,0.67783,0.26691,0.14412,0.1435,0.18432,0.46846,0.088168,0.22623,0.13686,0.20467,0.23055,0.12571,0.13803,0.12935,0.14716,0.20917,0.22995,0.39443,0.25376,0.045222,0.24353,0.19731,0.36697
0.17332,0.038112,0.043619,0.12248,0.13498,0.25636,0.12369,0.16794,-0.054983,-0.01594,0.097564,0.080377,0.43197,0.26657,0.24944,0.20816,0.16808,0.27635,0.13014,0.64219,0.50893,0.57997,0.65857,0.46954,0.62545,0.45734,0.44812,0.56548,0.40859,0.25977,0.06397,0.58894,0.28466,0.16735,0.46778,0.26591,0.49327,0.47092,0.52126,0.4923,0.43618,0.46874,0.29584,0.29697,0.28129,0.40293,0.25821,0.41425,0.059136,0.33591,0.20499,0.17109,0.1708,0.17126,0.52473,0.38185,0.28458,0.33708,0.28854,0.23729,0.34153,0.30013,0.17063,0.33283,0.39831,0.24912,0.23961,0.4737,0.39204,0.52747,0.4335,0.50143,0.3838,0.3282,0.3379,0.14421,0.076399,0.074779,0.2478,-0.013999,0.095351,0.15631,0.19573,0.082829,0.15866,0.10159,0.12458,0.078272,0.015515,0.035789,0.11472,0.072823,0.19017,0.0056743,0.080219,0.15001,0.21771,0.2391,0.26189,0.16822,0.15007,0.10146,0.13444,0.11306,0.13097,0.0012586,0.069415,0.025802,-0.049122,0.18387,0.20639,0.029126,0.11236,0.10468,0.35295,0.19374,0.027058,0.22481,0.2552,0.27015,0.25456,0.26849,0.29887,0.1858,0.24682,0.39789,0.093512,0.073943,0.044467,0.049897,0.032056,0.05291,0.068962,0.23417,0.29644,0.3186,-0.059686,0.21888,0.14064,0.46367,0.066658,-0.073383,0.33478,0.30288,0.14901,0.25001,0.05761,0.20628,0.11221,0.11601,0.12749,0.16304,0.14594,0.35201,0.43748,0.27252,0.4076,0.27284,0.19428,0.45115,0.56913,0.50727,0.22075,0.2326,0.44968,0.16455,0.15551,0.13348,0.25872,0.091752,0.50899,0.25682,0.26488,0.10187,0.50875,0.35654,0.56033,0.56772,0.31053,0.13911,0.14522,0.17687,0.0038334,0.071232,-0.041901,0.16005,0.25448,0.19756,0.1406,0.049664,0.057354,0.32435,0.23139,0.42497,0.053337,0.07338,0.18685,0.19362,0.0079905,0.63084,0.15515,0.51446,0.68446,0.6422,0.68229,1,0.45458,0.5358,0.45085,0.32429,0.18757,0.48492,0.11634,0.12437,0.39136,0.33421,0.64548,0.55498,0.51706,0.63042,0.45373,0.26914,0.44573,0.24018,0.12469,0.19752,0.37191,0.01001,0.050435,0.22657,0.11937,-0.017214,0.0093594,0.24503,0.24114,0.27403,0.31097,0.20048,0.38103,0.32974,0.27215,0.24343,0.10855,0.13805,0.27271,0.23392,0.32886,0.27468,0.41558,0.3936,0.36715,0.52962,0.31796,0.29365,0.16686,0.2062,0.15795,0.28486,0.33276,0.146,0.23253,0.054316,0.11088,0.25157,0.1945,0.16611,0.22165,0.097479,0.03129,0.12971,0.051369,0.17888,0.14257,0.19895,0.1532,0.13268,0.23972,0.052441,0.24477,0.17421,0.22309,0.25429,0.09907,0.19887,0.26164,0.046696,0.15603,0.15573,0.17774,0.17503,0.19875,0.0066943,0.059455,0.42992,0.20924,0.27815,0.032624,0.29296,0.38761,0.18704,0.39375,0.19789,0.25449,0.23425,-0.0087851,0.36734,0.26291,0.16536,0.076986,0.18519,0.0698,0.089931,0.19339,0.1125,0.23104,0.3247,0.051952,0.27115,0.062882,0.30581,0.12061,0.16604,0.1562,0.27755,0.19417,0.091879,0.27492,0.30507,0.27449,0.30558,0.088504,0.18115,0.1652,0.11934,0.097726,0.0975,0.43157,0.33101,0.25876,0.015259,0.47776,0.50733,0.21033,0.17283,0.38949,0.22756,0.063247,0.20691,0.26335,0.2138,0.37845,0.33665,0.35853,0.14476,0.63587,0.34877,0.62592,0.30987,0.19176,0.13374,0.20325,0.50654,0.097355,0.22932,0.10581,0.21518,0.196,0.16501,0.14184,0.12335,0.16137,0.22049,0.22478,0.38434,0.2967,0.078942,0.23356,0.20689,0.36264
0.10554,0.098448,0.16642,0.13021,0.094713,0.10593,0.14467,0.14365,0.030786,-0.026933,0.09875,0.081937,0.42868,0.27032,0.29995,0.15468,0.16864,0.04628,0.18657,0.40816,0.53284,0.43592,0.47727,0.36059,0.50826,0.3487,0.78221,0.69896,0.33847,0.26821,0.23484,0.4336,0.0079007,-0.16929,0.37196,0.30026,0.45386,0.39422,0.45604,0.497,0.3973,0.45934,0.2516,0.24058,0.19522,0.2716,0.31276,0.18309,-0.080691,0.1304,0.09143,0.10368,0.055085,-0.072222,0.63261,0.19868,0.1193,0.38975,0.46556,0.32298,0.16452,0.25278,0.066998,0.14158,0.093795,0.23207,0.30429,0.37573,0.30616,0.72587,0.49073,0.74922,0.42828,0.38169,0.4644,0.13646,0.048078,0.063898,0.086642,-0.020553,-0.0046849,0.027611,0.077618,0.13411,0.16741,-0.016665,0.0041554,0.12638,0.12339,0.0522,0.030453,0.084551,0.12781,0.11767,0.067735,-0.023499,0.20594,0.2408,0.31622,0.21093,0.10138,0.074195,-0.029288,0.022573,-0.036555,0.013585,0.01003,-0.080886,-0.19053,0.026942,0.14243,-0.057578,0.074274,0.10505,0.25152,0.028736,-0.032656,0.26836,0.51148,0.34684,0.29442,0.1907,0.40698,0.24763,0.23056,0.37988,0.06209,-0.067862,0.2042,-0.0047824,0.043277,0.0085887,-0.030937,0.27106,0.34222,0.2809,0.03692,0.071078,0.042639,0.29291,0.0053071,0.12301,0.46585,0.46579,0.1468,0.13377,0.11714,0.31949,0.0050842,0.086009,0.085021,0.010478,0.019262,0.21747,0.29877,0.12828,0.40936,0.23335,0.19982,0.39353,0.25972,0.33998,0.006305,0.054662,0.36169,0.26252,0.078504,-0.097416,0.1447,-0.096537,0.18291,0.19365,0.20343,0.10181,0.52984,0.34322,0.41918,0.45041,0.16545,-0.030303,0.059841,0.10625,0.044969,0.1629,0.009463,0.1465,0.3602,0.097468,-0.056525,0.037535,0.073119,0.34847,0.35868,0.5758,0.071634,0.0068138,0.11028,0.0076481,0.085724,0.4434,0.1316,0.41665,0.50909,0.49603,0.49782,0.45458,1,0.75532,0.41886,0.29859,0.37788,0.38847,0.016776,-0.15161,0.28636,0.27496,0.48754,0.40199,0.3697,0.54004,0.38561,0.12647,0.37138,0.35865,0.3439,0.056465,0.42275,-0.059895,-0.068263,0.06195,0.056932,-0.022947,0.046524,0.057193,0.51445,0.1575,0.25506,0.37107,0.50949,0.34412,0.079489,0.36041,0.10421,-0.028449,0.18219,0.16833,0.29261,0.26176,0.21231,0.66773,0.45827,0.76866,0.3441,0.43839,0.37264,0.14924,0.090487,0.20799,0.23555,0.13643,0.12967,0.059598,0.16348,0.17916,0.072123,0.15556,0.061648,0.16704,0.18611,0.19401,0.034024,0.033471,0.32672,0.35696,0.22373,0.12405,0.24793,0.088464,0.24178,0.13695,0.24405,0.11611,-0.079599,0.080818,0.096308,0.15233,0.080151,0.0060531,0.14514,0.017721,0.12689,-0.018396,0.08242,0.27226,0.15002,0.14657,0.064639,0.49657,0.62248,0.36184,0.37237,0.12058,0.33614,0.26141,0.1489,0.41603,0.13914,0.11252,0.068516,0.06252,-0.0132,-0.0051769,0.13864,0.099954,0.28478,0.26463,0.17243,0.12772,0.13384,0.16735,0.19399,0.20266,0.30156,0.50933,0.21275,0.15607,0.36185,0.55522,0.26391,0.32071,0.15705,0.12405,0.14826,0.24261,0.11149,0.124,0.37674,0.56706,0.35255,0.034743,0.26305,0.30791,0.011315,-0.024245,0.28373,0.19425,0.037178,0.085375,0.24402,0.068871,0.27574,0.23349,0.20812,0.096374,0.52704,0.37058,0.43008,0.2804,0.28458,0.10119,0.060304,0.3284,0.013014,0.12732,0.14698,0.16368,0.39885,0.050293,-0.0018586,0.16729,0.20342,0.31304,0.3332,0.5959,0.29192,-0.04712,0.3338,0.10957,0.12915
0.18438,0.097094,0.173,0.13225,0.15627,0.21166,0.15715,0.21741,0.027481,-0.026993,0.14342,0.11606,0.49771,0.28184,0.34828,0.19428,0.18504,0.15352,0.17522,0.51146,0.50719,0.47317,0.53179,0.38234,0.51913,0.40314,0.67966,0.80661,0.3691,0.24056,0.17554,0.4721,0.11469,-0.028457,0.35379,0.23455,0.44387,0.38188,0.41435,0.46579,0.43895,0.44345,0.39562,0.2564,0.26945,0.27663,0.30613,0.25935,-0.089752,0.20248,0.15103,0.096331,0.069794,0.017676,0.68197,0.32341,0.25429,0.43646,0.43963,0.33488,0.31082,0.36043,0.1564,0.20945,0.24193,0.2545,0.23077,0.37204,0.30087,0.74124,0.55844,0.78628,0.50416,0.42295,0.45233,0.17836,0.066419,0.073219,0.21252,0.0067169,0.064485,0.15409,0.15932,0.11568,0.18159,0.019881,-0.0042018,0.10403,0.043119,0.0033488,0.055861,0.10794,0.2386,0.066941,0.097116,0.068428,0.26774,0.26224,0.32547,0.19617,0.091268,0.067838,0.07337,0.074831,0.075818,0.0070662,0.058026,-0.049347,-0.17335,0.12873,0.21664,-0.021119,0.12293,0.069335,0.31187,0.072184,-0.038268,0.33297,0.52814,0.42809,0.34383,0.24736,0.44314,0.3295,0.30582,0.49576,0.11033,0.013584,0.14074,0.066508,0.0079088,0.063637,0.027823,0.34927,0.37443,0.28081,-0.0029434,0.15051,0.10618,0.34999,0.011357,0.036224,0.51283,0.47142,0.17739,0.21352,0.072894,0.31584,0.089863,0.11691,0.11969,0.11009,0.088333,0.30712,0.38606,0.18778,0.32968,0.27188,0.13414,0.38105,0.38642,0.37753,0.13394,0.1081,0.33875,0.28179,0.14948,0.029772,0.17439,-0.034971,0.25787,0.25018,0.22025,0.087342,0.45244,0.27581,0.39881,0.43529,0.23099,0.027879,0.057464,0.15176,0.04919,0.17571,-0.0057862,0.17482,0.36717,0.21936,0.046582,0.047905,0.069851,0.42685,0.41133,0.58032,0.02734,0.08813,0.16975,0.13612,0.069718,0.50401,0.13641,0.41852,0.5623,0.53232,0.53656,0.5358,0.75532,1,0.42512,0.35805,0.33383,0.39175,0.016166,-0.064823,0.24086,0.23381,0.56779,0.42829,0.38965,0.52914,0.34541,0.15777,0.5365,0.28259,0.25885,0.12238,0.46977,-0.015324,-0.029294,0.11223,0.10012,-0.04861,0.038123,0.16545,0.49393,0.23335,0.3445,0.37307,0.48702,0.40736,0.19234,0.39092,0.1345,-0.0011749,0.1504,0.23392,0.26987,0.22546,0.23611,0.72403,0.54953,0.84891,0.46328,0.45933,0.39605,0.21123,0.13086,0.34743,0.36871,0.16437,0.22018,0.087386,0.094379,0.22008,0.15327,0.17608,0.15606,0.12985,0.12254,0.1599,0.021354,0.12558,0.26495,0.3136,0.2398,0.14145,0.33392,0.11941,0.24671,0.15122,0.26738,0.2185,0.038111,0.16519,0.22874,0.077544,0.15723,0.07394,0.14722,0.11185,0.16068,-0.021702,0.10116,0.34527,0.19469,0.28693,0.076674,0.50848,0.68439,0.42235,0.47557,0.19713,0.34066,0.2978,0.13347,0.48183,0.28747,0.21637,0.092909,0.19469,0.04156,0.068277,0.23987,0.18372,0.30899,0.34206,0.12796,0.25132,0.14143,0.27522,0.15382,0.19291,0.35255,0.47222,0.23087,0.11136,0.38986,0.55135,0.30564,0.35286,0.10772,0.15869,0.19208,0.19322,0.11215,0.11108,0.38142,0.50357,0.29473,0.007331,0.28771,0.32933,0.10684,0.0586,0.26673,0.29474,0.070748,0.15586,0.23805,0.12653,0.26525,0.26433,0.27746,0.16626,0.51214,0.30865,0.43746,0.20508,0.18436,0.141,0.14295,0.38417,0.10464,0.18753,0.16792,0.25919,0.35663,0.17878,0.074867,0.17559,0.20415,0.3661,0.36112,0.639,0.34738,-0.023101,0.3507,0.18694,0.27458
0.091924,0.09053,0.024303,0.05652,0.044155,0.11679,0.07149,0.12526,-0.0015115,-0.033506,0.090975,0.067206,0.30206,0.24649,0.2234,0.14536,0.078032,0.17002,0.15801,0.47465,0.44254,0.5462,0.50455,0.34765,0.49954,0.3847,0.42719,0.43234,0.60629,0.51719,0.17212,0.54282,0.14255,0.075781,0.48109,0.40168,0.46186,0.49952,0.4629,0.40203,0.3046,0.4303,0.19189,0.32644,0.16725,0.36153,0.19751,0.31963,-0.035436,0.12804,0.041205,0.051543,0.060746,-0.029775,0.35562,0.19689,0.20313,0.19584,0.22401,0.1195,0.20656,0.38148,0.28703,0.27262,0.30369,0.32354,0.38005,0.45535,0.51946,0.46562,0.37008,0.41773,0.31183,0.20343,0.45571,0.15258,0.070218,0.19433,0.24328,-0.096964,-0.0095455,0.12333,-0.011467,0.033523,0.057767,-0.02534,0.019143,-0.09542,-0.043381,-0.10405,0.04986,0.013802,0.20338,-0.016515,0.02519,0.042672,0.39563,0.44478,0.39615,0.26781,0.33082,0.15971,0.13091,0.12853,0.11545,-0.058273,0.017046,-0.054837,-0.093793,0.008815,0.11685,-0.01395,0.012766,0.30591,0.38181,0.16412,-0.091354,0.21111,0.27247,0.18086,0.15402,0.23983,0.21081,0.14503,0.14005,0.27575,0.15034,0.15461,0.12575,0.10817,0.09628,0.15317,0.14369,0.21873,0.37066,0.5201,-0.014806,0.18145,0.063456,0.32945,0.06947,0.060445,0.2434,0.28481,0.11736,0.13812,0.1875,0.201,-0.013794,0.06781,0.004045,0.14558,0.039395,0.20423,0.33755,0.26349,0.42239,0.2377,0.28182,0.43652,0.38259,0.417,0.23277,0.26115,0.50126,0.26891,0.28395,0.058345,0.10464,-0.038184,0.4054,0.17859,0.21582,0.072031,0.41976,0.42224,0.49408,0.5182,0.22698,-0.044707,0.12441,0.15527,0.0075137,0.0075883,-0.0077611,0.13808,0.16615,0.20889,0.056025,0.077732,0.070638,0.2528,0.11762,0.38689,0.11835,-0.06991,0.10868,0.15149,-0.0092194,0.46138,0.13891,0.51796,0.53703,0.49739,0.47663,0.45085,0.41886,0.42512,1,0.44189,0.10094,0.46817,0.096704,-0.015278,0.41548,0.43068,0.42225,0.47563,0.41715,0.46536,0.3669,0.27577,0.33498,0.246,0.038265,0.16713,0.28027,0.041562,-0.0077594,0.085165,0.00081581,0.015575,-0.044142,0.031493,0.22955,0.18472,0.28936,0.089046,0.35385,0.16384,0.23662,0.37788,0.13418,0.063034,0.35361,0.2324,0.39958,0.38605,0.48914,0.39968,0.35396,0.42185,0.2356,0.28225,0.23247,0.15979,0.12218,0.18201,0.25117,-0.017761,0.019836,0.14863,-0.01837,0.15553,0.11612,0.077366,0.040375,-0.0057634,-0.014759,0.018839,0.059093,0.14299,0.2024,0.12475,0.1506,0.10417,0.34211,0.095306,0.37449,0.21944,0.3081,0.21282,0.059378,0.18326,0.066723,0.0030206,0.038068,0.12679,0.043572,0.03979,0.11257,0.043111,-0.0066034,0.46039,0.34485,0.20388,0.045035,0.29055,0.29472,0.1583,0.31014,0.13343,0.31087,0.25507,0.12534,0.21912,0.2028,0.12065,0.071476,0.081866,-0.045746,0.0546,0.13389,0.091305,0.28668,0.39469,0.028416,0.10602,-0.0070563,0.22141,0.1013,0.18477,0.12211,0.30169,0.073743,0.091732,0.17331,0.25477,0.18861,0.23542,0.054841,0.16803,0.055151,0.076817,0.19131,0.21993,0.49912,0.27795,0.24857,0.06246,0.3546,0.33184,0.25886,0.18198,0.4311,0.21656,0.12876,0.10074,0.15809,0.06101,0.36236,0.23742,0.17645,0.068538,0.45645,0.40292,0.49905,0.33087,0.17064,-0.0035109,0.053,0.31429,0.0289,0.10051,0.03581,0.20745,0.2158,0.17787,0.089215,0.133,0.12395,0.16197,0.14272,0.36677,0.2052,-0.012643,0.18698,0.06762,0.16066
0.040092,0.044584,0.01969,0.016178,0.069216,0.10852,0.13927,0.15368,0.006315,0.012726,0.17142,0.062563,0.32302,0.1774,0.17282,0.087537,0.098668,0.20953,0.17601,0.34459,0.31488,0.35339,0.34483,0.2447,0.33021,0.24948,0.29834,0.35599,0.42327,0.32242,0.18796,0.35853,0.033774,0.0072482,0.26097,0.20108,0.29668,0.30833,0.27449,0.27508,0.24395,0.27864,0.20348,0.33396,0.1978,0.19018,0.2082,0.32681,-0.19967,0.0015434,-0.0060977,-0.086043,-0.0084011,-0.11889,0.31338,0.21924,0.28131,0.20098,0.23331,0.19676,0.3312,0.37319,0.31646,0.30872,0.3291,0.33516,0.27242,0.33129,0.35043,0.39344,0.38063,0.32569,0.35459,0.2807,0.36665,0.19503,0.090388,0.11336,0.23008,-0.039428,0.013214,0.1535,0.024315,0.0030106,0.091146,-0.064369,-0.10648,-0.13493,-0.030392,-0.11585,-0.069031,0.083972,0.22751,0.0070008,0.0076704,0.048286,0.445,0.33074,0.42314,0.24248,0.33918,0.22097,0.25361,0.19994,0.16198,-0.1292,-0.035782,-0.062333,-0.17594,0.11092,0.10345,-0.041934,0.0047334,0.28079,0.45903,0.11877,-0.095494,0.16238,0.20918,0.23279,0.13989,0.16544,0.16048,0.2322,0.17878,0.28676,0.16999,0.070875,0.083823,0.14548,0.034952,0.098869,0.043264,0.24629,0.39765,0.4739,-0.038525,0.10286,0.025218,0.23362,0.0054476,0.014046,0.21184,0.18563,0.10828,0.088061,-0.011463,0.11202,-0.064407,-0.017959,-0.03742,0.10994,0.020659,0.19321,0.29245,0.35765,0.2752,0.15919,0.16832,0.26915,0.26961,0.35663,0.27929,0.24455,0.3361,0.30089,0.37116,0.0727,-0.080376,-0.12125,0.21053,0.15704,0.13958,0.015392,0.25437,0.24499,0.2772,0.33346,0.14426,-0.079861,0.066016,0.12689,0.0047672,0.064595,-0.026755,0.15015,0.16923,0.23963,0.097613,0.13593,0.059841,0.22301,0.18498,0.29946,-0.08263,-0.025044,0.13342,0.16283,0.0075618,0.34185,0.25321,0.3001,0.36455,0.36061,0.31654,0.32429,0.29859,0.35805,0.44189,1,0.184,0.29684,0.012874,-0.097509,0.17096,0.32132,0.39179,0.33476,0.22913,0.30803,0.24437,0.27205,0.28879,0.14762,0.077565,0.060218,0.20719,0.0097315,-0.14449,-0.061819,0.012011,-0.15342,-0.10469,-0.034238,0.17807,0.21752,0.3056,0.10369,0.2497,0.22553,0.30297,0.40116,0.31884,0.14004,0.3142,0.34409,0.32668,0.28349,0.35588,0.36276,0.3592,0.32507,0.34568,0.30691,0.37229,0.17589,0.15764,0.27391,0.27472,0.029039,0.074183,0.18114,-0.070466,0.0035142,0.045659,-0.021797,0.013151,-0.13419,-0.042159,-0.0083496,-0.11425,0.16648,0.17948,0.08541,0.085791,0.079115,0.60761,0.10407,0.41222,0.11705,0.39055,0.31452,0.26142,0.29901,0.25528,-0.070392,-0.026355,0.075713,-0.011384,0.10806,0.060382,-0.0083739,-0.012584,0.4215,0.40709,0.20273,0.13942,0.2918,0.28841,0.23401,0.21042,0.090297,0.13477,0.1942,0.12624,0.22458,0.38598,0.22188,0.019145,0.22398,-0.024361,0.0511,0.16876,0.17226,0.45117,0.56723,0.04833,0.10321,0.0033767,0.14591,0.08198,0.10439,0.12498,0.21788,0.11733,0.082799,0.15796,0.2364,0.067941,0.11359,-0.097366,0.151,0.072232,0.098082,0.1394,0.37765,0.36474,0.24848,0.33959,0.19758,0.19774,0.24897,0.31778,0.17922,0.35726,0.41703,0.34003,0.096397,-0.02068,-0.066525,0.23252,0.17687,0.14993,0.073236,0.30618,0.31723,0.28932,0.23629,0.097162,-0.059127,0.027792,0.30762,0.04569,0.11273,0.058443,0.19374,0.13075,0.21513,0.082744,0.15651,0.076826,0.16757,0.16828,0.31825,0.099215,-0.0035073,0.16572,0.15825,0.15764
0.038219,0.089944,0.11251,0.014911,0.068658,-0.034744,0.17156,0.010524,-0.029976,0.0069837,-0.013524,-0.028387,0.25081,0.10407,0.15687,0.047593,0.085828,-0.11363,0.31684,0.10606,0.2508,0.15338,0.13145,0.12446,0.21095,0.081309,0.35199,0.32833,-0.0022266,-0.010624,0.3275,0.12869,-0.15641,-0.32138,0.17206,0.12465,0.16964,0.13001,0.19288,0.29898,0.211,0.21884,0.080901,-0.019543,0.26001,0.08999,0.16123,-0.044055,-0.12103,0.045217,-0.010973,0.014119,-0.054473,-0.13906,0.32865,0.057106,-0.088256,0.18811,0.26312,0.15451,-0.015089,-0.035211,-0.21447,-0.062502,-0.069926,0.056082,0.13473,0.12454,0.079159,0.31567,0.18416,0.34085,0.14957,0.20367,0.093728,0.033034,-0.02143,-0.097533,-0.1013,0.00022245,-0.12372,-0.066553,-0.044983,0.05036,0.13331,-0.058386,-0.078115,0.22707,0.10216,0.084337,-0.052504,0.033337,0.0048097,0.3723,0.10226,-0.10524,-0.046782,0.038756,0.13322,0.13467,-0.081969,-0.063368,-0.27753,-0.12238,-0.17059,0.0082363,0.037509,-0.16601,-0.20932,-0.1074,0.085137,-0.069537,0.021727,-0.088679,-0.043264,-0.062804,-0.037246,0.088098,0.16748,0.197,0.13999,0.025521,0.20562,0.11015,0.12136,0.17272,-0.095899,-0.23846,0.085449,-0.12917,-0.053795,-0.19089,-0.14026,0.10043,0.10572,-0.0052252,0.014854,-0.038823,-0.0089847,0.099905,-0.034133,0.14921,0.24214,0.29131,0.071609,0.021873,0.11295,0.29379,-0.073645,0.12672,0.086265,-0.12416,-0.070337,0.093182,0.12577,-0.030881,0.24763,0.089049,-0.033465,0.15307,0.026931,0.11764,-0.18168,-0.10994,0.13236,-0.075732,-0.18757,-0.30054,0.064933,-0.16803,0.00074246,0.098282,0.081169,0.085809,0.27287,0.13518,0.1845,0.17914,0.037852,-0.074737,-0.063511,-0.01367,0.057944,0.18388,-0.043088,0.071593,0.17491,0.036183,-0.19436,-0.054354,0.069652,0.15745,0.18611,0.25346,-0.0035842,-0.086064,0.034976,-0.085007,-0.0035032,0.14527,-0.013573,0.11342,0.16406,0.15977,0.16784,0.18757,0.37788,0.33383,0.10094,0.184,1,0.09761,-0.10725,-0.25471,0.10855,0.069829,0.26374,0.14123,0.13921,0.22468,0.14984,-0.036232,0.13424,0.48033,0.77396,-0.026788,0.46725,-0.096781,-0.032799,0.010699,0.0055927,-0.01561,0.050418,0.079891,0.23346,-0.04641,0.045516,0.23934,0.19591,0.10496,-0.12481,0.11533,-0.028298,-0.12738,-0.038139,0.028616,0.054549,0.036182,0.0045452,0.28547,0.15205,0.34253,0.13884,0.12315,0.16683,0.042521,0.034284,0.0657,0.12196,0.096164,0.21376,0.22576,0.25419,0.14437,0.073163,0.38381,0.07748,0.39838,0.45791,0.35437,0.074225,0.15668,0.57409,0.7093,0.40795,0.32178,0.10195,0.32721,0.12453,0.29194,0.14432,0.099948,-0.26221,0.089713,0.1765,0.44991,0.2064,0.083725,0.18934,-0.060914,0.026324,-0.045383,0.20595,0.07553,-0.10624,0.19655,0.17131,0.072544,0.22135,0.14529,0.10226,0.056405,0.087915,-0.039296,-0.019266,0.29806,0.10342,0.0075831,-0.05461,0.0883,-0.037598,-0.044743,-0.030899,-0.0068558,0.030293,0.047423,0.16138,0.061581,0.10015,0.042199,0.13203,0.20901,0.11364,0.40411,0.15894,0.090965,0.44075,0.66297,0.39999,0.37511,0.25854,0.11525,0.17578,0.20127,0.018157,0.0039583,0.11239,0.62605,0.13169,-0.09721,0.031199,0.10997,-0.080379,-0.040154,0.065773,0.012972,-0.062971,0.14797,0.39392,0.11468,0.091711,0.12212,0.13132,0.064668,0.27827,0.12685,0.14851,0.14831,0.16221,0.17956,-0.034916,0.15838,-0.0066147,0.07818,0.069616,0.019376,0.19176,0.11558,-0.090081,0.29826,0.32515,0.19529,0.18485,0.34216,0.35305,-0.019819,0.24905,0.17183,0.0033467
0.12106,0.059671,0.12263,0.085639,0.13356,0.10503,0.12497,0.16377,-0.021935,-0.026423,0.079185,0.13618,0.29592,0.23464,0.27797,0.14668,0.12851,0.13761,0.048295,0.55461,0.46706,0.72784,0.62551,0.3998,0.56282,0.489,0.4011,0.42428,0.45946,0.38523,0.198,0.79866,0.075631,0.039282,0.70692,0.4208,0.4278,0.64633,0.56495,0.47561,0.29938,0.44756,0.2307,0.34169,0.22161,0.27989,0.23656,0.25239,-0.17096,0.033303,0.097133,-0.033445,-0.0032902,-0.12793,0.40885,0.31927,0.25184,0.19293,0.31598,0.15604,0.18634,0.31183,0.21197,0.26676,0.27351,0.30152,0.38099,0.57664,0.48255,0.40322,0.31885,0.42795,0.24337,0.25339,0.29748,0.15007,0.069756,0.093785,0.2207,0.0075212,0.063951,0.073492,0.090274,0.071349,0.12696,-0.17634,-0.1585,-0.05271,-0.071062,-0.13171,-0.031645,0.032615,0.18756,-0.011472,0.0064291,-0.058106,0.31229,0.27929,0.2849,0.09207,0.16017,0.033499,0.096944,0.089077,0.13679,-0.12058,-0.066692,-0.096802,-0.18587,0.15717,0.12092,-0.13648,0.047827,0.20381,0.28342,-0.051519,-0.06905,0.21612,0.16498,0.21764,0.16992,0.15603,0.28404,0.1692,0.1873,0.34204,0.17445,0.090792,0.12375,0.12651,0.07985,0.072528,0.022766,0.14499,0.22444,0.28432,-0.0091318,0.14173,0.041506,0.35614,-0.048087,0.050793,0.30932,0.27527,0.16866,0.11069,-0.00050937,0.13186,-0.11666,-0.025758,-0.098988,-0.024529,-0.040815,0.18293,0.27706,0.13354,0.42938,0.13571,0.076362,0.32249,0.43328,0.38046,0.15765,0.069753,0.45896,0.18858,0.24502,0.013594,-0.070161,-0.18207,0.57888,0.27417,0.29329,0.055483,0.4534,0.36448,0.65869,0.68086,0.2182,-0.084464,0.014572,0.12544,0.033383,0.061303,0.057082,0.17271,0.21362,0.23774,0.0015294,-0.0063799,0.075043,0.26232,0.29954,0.44174,-0.10953,-0.030417,0.13302,0.10009,0.11152,0.63394,0.055033,0.70879,0.70683,0.69152,0.53096,0.48492,0.38847,0.39175,0.46817,0.29684,0.09761,1,0.064931,-0.054045,0.67229,0.47682,0.41907,0.65407,0.52371,0.55812,0.33245,0.21417,0.32639,0.19303,0.11043,0.026239,0.15109,-0.089058,-0.13335,-0.033083,0.0663,-0.10538,-0.040234,0.00021702,0.25035,0.18992,0.32848,0.1931,0.23845,0.19525,0.20157,0.23064,0.074937,0.093488,0.40409,0.11361,0.3088,0.4722,0.44871,0.25031,0.18238,0.40688,0.13279,0.18026,0.1506,0.074685,0.095678,0.28472,0.26574,0.062707,0.079946,0.011356,0.069103,0.063978,0.058556,-0.031877,-0.050597,-0.053949,-0.020681,0.05302,-0.04037,0.0092236,0.093664,0.084661,0.042855,0.00303,0.16617,-0.011723,0.15521,0.040969,0.11835,0.056968,-0.013169,0.077022,0.16451,-0.071608,-0.085042,-0.010273,0.03865,0.12044,0.11577,-0.077412,0.032908,0.35287,0.10859,0.097844,-0.017041,0.2609,0.28053,0.13944,0.19346,0.11527,0.22176,0.10456,0.077049,0.29094,0.19506,0.16985,0.084601,0.15944,0.014653,0.056291,0.11587,0.001559,0.080556,0.22048,0.10146,0.14597,0.11954,0.30148,0.054483,0.13725,0.20718,0.21513,0.17406,0.060864,0.14536,0.21897,0.055597,0.13684,-0.041901,0.0059657,0.052069,0.11291,0.094019,0.017914,0.3895,0.23165,0.20668,-0.0053581,0.43611,0.42862,0.082153,0.015125,0.36193,0.11635,-0.046013,-0.014371,-0.0027832,-0.070243,0.63381,0.22988,0.22773,0.047374,0.55489,0.39048,0.63861,0.4398,0.20818,-0.024282,0.00057097,0.27963,0.017014,0.099836,0.1106,0.16663,0.1817,0.065245,0.082685,0.024675,0.10023,0.24663,0.28704,0.38098,0.10051,-0.096734,0.24761,0.16813,0.20901
0.017162,0.025685,0.062404,0.094953,-0.0098641,0.044287,0.052686,0.068485,0.0154,-0.044678,0.018559,-0.021827,0.093976,0.12111,0.097646,0.033541,0.06181,0.19844,0.14256,0.14165,0.036253,0.085089,0.11509,0.11683,0.1345,0.052172,0.0075305,0.04201,0.060654,0.065485,-0.093135,0.074676,0.33764,0.35077,0.054186,0.10826,0.11622,0.085169,0.11485,0.085135,0.080265,0.067747,0.062544,0.025533,0.031565,0.15991,0.0017816,0.097211,0.27394,0.26045,0.24184,0.20749,0.26574,0.30523,0.00079315,0.0013726,0.051432,0.05685,-0.0099697,-0.026616,0.047931,0.015716,0.07163,0.032776,0.12073,0.065969,0.069932,0.08388,0.0674,0.025009,0.097067,0.012486,0.023819,-0.03575,0.070278,0.0043368,0.053262,0.066073,0.032089,0.15833,0.17884,0.022515,0.22744,0.17668,0.030674,0.2036,0.28229,0.11402,0.1134,0.21747,0.3587,0.109,-0.087967,-0.046314,0.048388,0.12133,-0.056769,0.011699,-0.045713,0.012487,-0.04115,0.10347,0.067334,0.033759,0.069774,0.15269,0.17243,0.26026,0.19762,0.054254,-0.015075,0.074627,0.074626,0.088519,-0.011108,0.11162,0.20009,-0.0061871,-0.0023148,-0.034678,-0.016014,0.12304,0.008908,-0.042895,-0.014718,0.044049,-0.052448,0.015629,0.038675,0.074641,0.10525,0.029487,0.025358,-0.034546,0.048328,0.074071,0.0019378,0.11831,0.065001,0.081333,0.04194,-0.003812,0.0027489,-0.046123,0.016744,0.019431,0.080305,-0.014114,0.20366,0.15249,0.17707,0.17877,0.20877,0.043048,0.038109,-0.015443,0.096308,0.072158,0.092716,0.079832,0.16991,0.029707,0.17951,0.27277,0.092698,-0.0072996,-0.026178,0.24192,0.28444,0.30877,0.1197,0.027451,0.030836,0.046636,0.059439,0.11845,0.11146,0.066582,0.030135,0.26837,0.14677,0.081543,0.00457,-0.0029312,-0.051343,-0.0052989,-0.00048407,-0.071532,0.19366,0.013882,-0.0025728,0.098848,0.023025,-0.031326,0.15392,0.18091,0.003369,0.091082,0.13293,0.11304,0.081329,0.095951,0.076147,0.084465,0.10164,0.11634,0.016776,0.016166,0.096704,0.012874,-0.10725,0.064931,1,0.44708,0.083366,0.05374,0.070639,0.093969,0.14394,0.11937,0.14673,0.044063,0.10138,0.023123,-0.055329,0.070133,0.023642,0.1343,0.24094,0.29472,0.25582,0.18269,0.23398,0.25051,0.022723,0.090654,0.10447,0.038724,0.081186,0.010413,0.1118,0.073575,-0.021717,-0.021369,0.015423,0.092471,0.070578,0.061637,0.12115,0.03312,0.10942,0.037259,0.074169,0.047986,-0.0031526,0.12685,0.081135,0.036253,0.08033,0.18834,0.17434,0.054856,0.1363,0.17556,0.096839,0.12881,0.13905,0.11926,0.012014,0.11227,0.19434,0.1435,-0.068249,-0.068148,-0.048903,-0.0058776,-0.035376,-0.088935,-0.065577,-0.0019779,-0.064496,0.097732,0.05044,0.1619,0.11839,0.11238,0.1306,0.12194,0.16182,0.12898,0.11822,0.11163,0.029756,0.10878,0.015812,-0.023227,-0.0017696,0.021711,-0.002713,-0.014307,0.11467,0.021512,0.11169,0.044557,0.032655,-0.067292,0.051218,-0.0041417,0.02546,0.018033,0.058078,0.041686,0.02006,-0.041098,0.067325,0.023305,0.032303,0.10057,0.059025,0.076202,0.0023968,-0.013881,-0.044695,-0.065114,0.021276,0.010384,-0.05743,-0.022529,0.11856,0.056107,0.14876,0.090099,0.10837,0.045511,0.066949,-0.039737,0.15939,-0.059016,0.025172,-0.049674,0.16139,0.068579,0.15832,0.18807,0.024646,0.057448,-0.01365,0.2108,0.15652,0.21393,0.07913,0.051644,0.037836,-0.011486,0.10178,0.078996,0.17061,0.076781,0.071531,0.20569,0.18361,0.10323,0.04227,0.023299,0.060954,0.035457,0.049002,0.054543,0.25174,-0.023323,0.052451,0.0069075,0.0043919,-0.067185,0.0933,0.11493,-0.021148,0.11999,0.1782
0.031673,-0.055653,0.0041646,0.087781,0.011741,0.12258,-0.012845,0.024779,0.0034001,-0.053533,-0.0041961,0.014408,0.078452,0.075933,0.02133,0.10162,0.057369,0.33147,0.093889,0.18379,-0.063321,0.021219,0.12142,0.13147,0.090869,0.060544,-0.1458,-0.017441,-0.034377,-0.074913,-0.24676,0.014498,0.5838,0.73067,-0.06388,-0.0721,0.057503,-0.039661,-0.016815,-0.036296,0.086094,-0.021801,0.089754,0.053681,0.0019983,0.20866,-0.00066781,0.28776,0.49654,0.47177,0.35452,0.35496,0.37896,0.60125,-0.054731,0.12432,0.16449,0.044805,-0.089669,-0.043775,0.19964,-0.023337,0.10008,0.18525,0.31254,0.049469,-0.11486,0.0026467,-0.041927,-0.084897,0.060104,-0.072425,0.049306,-0.025246,-0.044977,0.046758,0.062816,0.091079,0.10315,0.13485,0.23884,0.098956,0.30559,0.16294,0.049172,0.35707,0.44194,0.12565,0.076041,0.29163,0.45531,0.11771,-0.058973,-0.12071,0.042513,0.21255,-0.10401,-0.056183,-0.15034,-0.063272,-0.035396,0.09963,0.18316,0.0099268,0.11887,0.18337,0.25717,0.34037,0.39403,0.14973,0.058691,0.19062,0.13357,0.048827,0.036316,0.21454,0.26102,-0.039732,-0.034503,-0.041898,-0.044117,0.17258,-0.070389,-0.053139,0.00036021,0.010434,-0.053684,0.093491,-0.071797,0.030875,0.05543,0.062861,0.12095,-0.012227,-0.027497,0.0076661,-0.03517,0.1618,0.092262,0.076439,0.060068,-0.12146,-0.038926,-0.12628,-0.012687,0.076187,0.084195,-0.0060271,0.3998,0.21509,0.25918,0.33161,0.31745,0.1022,0.11321,0.11467,-0.024086,0.16357,0.17592,0.048131,0.35455,0.10386,0.31217,0.38628,0.02914,-0.032269,0.015055,0.45326,0.48663,0.54668,0.2067,0.022539,0.0068968,-0.0038681,-0.08855,0.041937,0.018842,-0.026775,0.05689,0.5138,0.25394,0.053104,-0.045823,-0.055745,-0.064792,0.016925,-0.050465,-0.10536,0.28699,-0.013412,-0.012845,0.049264,-0.03207,-0.13427,0.22688,0.27802,0.0029195,0.1887,0.061747,0.091278,0.12721,-0.0015045,0.041036,0.042587,0.13327,0.12437,-0.15161,-0.064823,-0.015278,-0.097509,-0.25471,-0.054045,0.44708,1,-0.034259,-0.039087,0.028415,0.0081321,0.070732,0.025341,0.06326,0.096884,0.11727,-0.051482,-0.21682,0.22411,0.022407,0.29022,0.45108,0.43326,0.28954,0.20711,0.26454,0.40919,-0.13199,0.18072,0.12098,-0.038808,-0.0034991,0.053132,0.23143,-0.046313,0.067632,0.19356,0.025686,0.11334,-0.027818,-0.079616,0.16631,-0.10823,0.075209,-0.061934,0.058463,0.0265,-0.1158,0.18798,0.095822,0.054911,0.06578,0.20981,0.26627,0.082541,0.10255,0.21315,0.17357,0.1499,0.32801,0.11373,-0.073902,0.069224,0.26097,0.30458,-0.20599,-0.18065,-0.079306,-0.049635,-0.066828,-0.09594,-0.087553,0.0081606,-0.058681,0.26625,0.21746,0.2676,0.21118,0.075108,0.17416,0.2536,0.21628,0.26596,0.19422,0.12083,0.031692,0.19231,0.07064,0.060809,0.036993,-0.051463,-0.063001,-0.051912,0.15139,0.066509,0.065915,0.076009,-0.10205,-0.10606,0.10133,-0.044107,0.0049568,0.070323,0.14439,0.096339,0.020859,0.0029442,0.032495,0.02626,-0.08699,0.15318,0.051365,0.10134,-0.019686,-0.1126,-0.090288,-0.23127,0.0061362,-0.0070428,-0.11975,-0.18477,0.16138,0.0013525,0.12807,0.15269,0.14243,-0.046341,0.0096414,-0.0020117,0.10856,-0.23832,-0.00024883,0.097773,0.28068,0.14057,0.3789,0.44299,0.062518,0.047475,0.07996,0.42459,0.25763,0.39653,-0.042796,0.034707,0.03669,0.064702,0.0054282,-0.048825,0.09686,-0.029607,-0.066269,0.32484,0.36756,0.078573,0.079627,0.10165,0.017929,0.055072,-0.055426,0.093568,0.42688,-0.020216,0.023914,-0.055366,-0.053366,-0.21856,0.088427,0.17428,-0.10832,0.15695,0.32244
0.048077,0.056378,0.062927,0.098564,0.037038,0.051181,0.049465,0.082648,-0.01676,0.0024981,-0.00020982,0.021924,0.18942,0.21325,0.22336,0.10674,0.074593,0.069727,0.062267,0.41195,0.3824,0.64599,0.47357,0.3141,0.47192,0.37165,0.33358,0.27142,0.37872,0.40631,0.10688,0.68367,0.11235,0.022413,0.68557,0.49514,0.42333,0.60514,0.52635,0.42568,0.22119,0.41483,0.14484,0.2092,0.10726,0.24901,0.066204,0.12826,-0.047785,0.061001,0.059708,0.026244,0.04155,-0.053274,0.28945,0.17102,0.12564,0.11641,0.16405,0.079241,0.026016,0.14567,0.080625,0.1519,0.16488,0.23087,0.45315,0.51179,0.49241,0.29711,0.19051,0.30316,0.14915,0.12921,0.24103,0.050717,0.048931,0.11329,0.11697,-0.0065332,0.015689,0.020634,0.024572,0.063106,0.014916,-0.097974,-0.071976,-0.055707,0.013559,-0.037636,0.032833,0.0074965,0.034735,-0.034851,0.033798,-0.0041257,0.1825,0.23631,0.2381,0.10775,0.12294,0.046507,-0.035724,0.039931,0.023617,-0.064024,0.015989,-0.02799,-0.0923,0.031324,0.0033913,-0.10759,-0.01217,0.21784,0.1637,0.014173,-0.020002,0.092549,0.10637,0.095212,0.14048,0.14714,0.17764,0.017766,0.073774,0.18541,0.075485,0.064282,0.11622,0.048442,0.086751,0.031188,0.050963,0.048186,0.14309,0.26407,0.045718,0.14191,0.069371,0.31009,0.051251,0.085915,0.17135,0.17599,0.090726,0.05717,0.070686,0.035881,-0.095589,0.0060308,-0.015091,0.028831,0.0022384,0.093279,0.19021,0.05343,0.47999,0.067956,0.088146,0.29809,0.33837,0.31288,0.08665,0.12648,0.48163,0.078404,0.10922,-0.028501,-0.016205,-0.10456,0.57437,0.16039,0.21807,0.06194,0.39105,0.4614,0.66945,0.60932,0.1635,-0.039147,0.021953,0.08941,0.035583,-0.016404,0.019777,0.073823,0.15783,0.088547,-0.041584,0.0029366,0.030029,0.1542,0.11909,0.29915,0.018054,-0.032901,0.063492,0.044368,0.056859,0.50643,0.01015,0.6131,0.54273,0.51865,0.43183,0.39136,0.28636,0.24086,0.41548,0.17096,0.10855,0.67229,0.083366,-0.034259,1,0.5075,0.32839,0.58245,0.46498,0.51156,0.32048,0.20151,0.22857,0.22423,0.16481,0.033098,0.11834,-0.10509,-0.025777,0.023852,0.043597,-0.0074807,0.031204,0.014978,0.18221,0.11909,0.14759,0.10756,0.20459,0.09125,0.11211,0.15677,-0.034748,-0.024111,0.38253,0.028388,0.32512,0.43381,0.44894,0.13236,0.074918,0.2694,-0.0088886,0.072285,-0.0048162,0.032503,0.046137,0.094824,0.15582,0.019061,0.015587,0.054371,0.089235,0.086641,0.048312,0.033852,-0.084732,0.027622,0.083164,0.095829,0.060527,0.045179,0.12723,0.12225,0.031804,0.076154,-0.01576,0.004319,0.1046,0.10482,0.033567,0.031582,-0.18077,0.061421,0.0011753,0.043439,-0.046193,0.048751,0.073643,-0.005718,0.073129,0.010797,0.058011,0.29564,0.017416,0.024263,-0.0055168,0.1279,0.10437,0.018671,0.16653,0.056922,0.2082,0.056487,0.014815,0.14716,0.064015,0.014638,0.052792,0.011797,-0.021044,0.0062136,0.031536,-0.074422,-0.038237,0.069279,0.075538,0.059492,0.043612,0.17189,0.070213,0.16706,0.080073,0.1777,0.073279,0.020272,0.086278,0.1702,0.11166,0.15311,0.10002,0.034053,0.053808,0.082306,0.049477,-0.058296,0.37239,0.22072,0.086648,-0.1462,0.32083,0.32905,0.054121,0.057361,0.32943,-0.038542,-0.16952,0.026328,0.10222,0.016211,0.61818,0.17403,0.13976,-0.015789,0.51291,0.44073,0.60129,0.43465,0.21551,0.016317,-0.038947,0.24045,-0.034992,0.040084,0.070219,0.11931,0.14841,0.029817,0.017932,0.063432,0.091893,0.12203,0.17285,0.23615,0.084802,-0.0061289,0.14394,0.08455,0.1474
0.011121,0.034639,0.051146,0.046071,0.03117,0.038693,0.13102,0.12848,-0.014056,0.016417,0.12301,0.074057,0.22399,0.26082,0.24221,0.080448,0.061041,0.18312,0.1338,0.3131,0.28542,0.4754,0.38644,0.32859,0.46205,0.32183,0.30433,0.25362,0.43874,0.49502,0.13058,0.49559,0.088771,0.073437,0.57843,0.59856,0.38248,0.55323,0.50931,0.42282,0.28167,0.31595,0.1271,0.29933,0.074056,0.28909,0.11596,0.34759,-0.11852,0.030792,0.062694,-0.081294,0.015447,-0.14984,0.24357,0.19436,0.22636,0.095168,0.19988,0.11488,0.12842,0.1848,0.20915,0.37884,0.4065,0.35849,0.53541,0.563,0.68378,0.2775,0.22431,0.26697,0.20008,0.17551,0.25589,0.13341,0.088552,0.12184,0.096621,-0.015529,0.016181,0.017011,0.04832,0.07038,0.112,-0.15064,-0.10569,-0.18412,-0.061608,-0.065751,-0.01395,0.037444,0.12016,-0.094575,-0.042884,-0.057583,0.37474,0.39254,0.43001,0.16427,0.35431,0.14544,0.12523,0.094772,0.10403,-0.12762,-0.067254,-0.041418,-0.18102,0.081364,0.053943,-0.096863,-0.040909,0.47108,0.42126,0.044192,-0.071501,0.099845,0.10068,0.12149,0.089275,0.15411,0.13482,0.089593,0.077799,0.21379,0.17531,0.086485,0.083968,0.089025,0.076876,0.023034,-0.0042826,0.05604,0.32448,0.50997,-0.00868,0.08131,0.034136,0.23982,0.008093,0.030961,0.14917,0.1313,0.11714,0.073261,-0.011114,-0.011425,-0.16029,-0.098238,-0.1496,0.081105,-0.063388,0.12059,0.22487,0.3474,0.5256,0.042679,0.13014,0.29611,0.38994,0.55288,0.23519,0.2417,0.64114,0.15254,0.29998,0.03555,-0.086022,-0.1382,0.46118,0.15539,0.21063,0.12043,0.28717,0.37813,0.64525,0.56074,0.13472,-0.10516,0.10989,0.15719,0.026583,0.065032,0.018896,0.078025,0.12669,0.19132,0.0049492,0.042552,0.024472,0.17337,0.16195,0.24338,-0.10751,-0.045472,0.072975,0.071575,0.090586,0.39139,0.2171,0.44179,0.3956,0.44699,0.39299,0.33421,0.27496,0.23381,0.43068,0.32132,0.069829,0.47682,0.05374,-0.039087,0.5075,1,0.33349,0.51314,0.43814,0.41269,0.35477,0.37646,0.20308,0.15315,0.11465,0.068244,0.083811,0.015054,-0.13668,-0.074696,0.02202,-0.11873,-0.048298,-0.073796,0.17035,0.17702,0.27803,0.13207,0.1871,0.11396,0.25558,0.15885,0.13299,0.19976,0.64276,0.24371,0.51508,0.61764,0.60168,0.19603,0.15809,0.24628,0.11365,0.15625,0.14965,0.09263,0.087055,0.1932,0.1768,0.015285,-0.032982,0.047387,0.013642,0.0036603,0.0027234,-0.03559,-0.055309,-0.11582,0.023796,0.04381,0.012613,0.013763,0.03805,0.039803,-0.0027632,-0.0017461,0.18325,-0.0024725,0.24431,0.047263,0.18862,0.077472,0.035977,0.10115,0.089131,-0.048453,-0.12384,4.9042e-05,0.01195,0.10136,0.076296,-0.027597,-0.040266,0.44534,0.32118,0.11053,0.090244,0.12862,0.11546,0.077196,0.12993,0.071129,0.18711,0.07574,0.052996,0.16188,0.10102,0.065015,0.047587,0.045497,-0.083169,-0.01733,0.0051029,-0.0085512,0.2041,0.41177,0.086387,0.042875,0.037363,0.10859,0.097264,0.096181,0.093636,0.085095,0.09223,0.1003,0.0022842,0.14482,0.026717,0.052274,-0.013854,0.052022,0.067183,0.1013,0.1755,0.29675,0.56214,0.19172,0.23768,0.21494,0.34662,0.47235,0.14181,0.10306,0.58187,0.055193,0.060741,0.017207,-0.00020149,-0.037826,0.43814,0.18162,0.14525,0.0046675,0.38451,0.51681,0.53887,0.45822,0.23189,-0.046444,0.0048322,0.25175,0.0017589,0.078441,0.076853,0.11528,0.15337,-0.015614,0.041879,0.052709,0.058564,0.15176,0.20574,0.1929,0.014669,-0.023802,0.12326,0.098743,0.092335
0.17885,0.054475,0.064722,0.087467,0.15461,0.24194,0.13546,0.19197,-0.052773,-0.027996,0.075435,0.066758,0.45315,0.21705,0.25098,0.19077,0.17554,0.21776,0.15761,0.5392,0.57663,0.51077,0.56717,0.37231,0.55883,0.43423,0.4587,0.58417,0.38891,0.28487,0.11221,0.52309,0.15514,0.059449,0.44861,0.29872,0.55102,0.45852,0.48225,0.50135,0.41386,0.52019,0.25549,0.28094,0.27918,0.3531,0.28203,0.37531,-0.0085659,0.26996,0.12636,0.12117,0.11538,0.10071,0.53258,0.34348,0.25841,0.31717,0.30818,0.25897,0.31201,0.31313,0.13974,0.26361,0.35337,0.25396,0.27715,0.44613,0.40375,0.53709,0.41711,0.51465,0.40849,0.35161,0.35822,0.11691,0.063722,0.031296,0.18837,-0.039021,0.1129,0.14455,0.15359,0.095968,0.15341,0.070282,0.048651,0.075758,0.00075988,0.02378,0.073266,0.056833,0.19048,0.048344,0.07987,0.12828,0.22655,0.27496,0.31861,0.1762,0.17565,0.088172,0.10217,0.088751,0.085004,-0.039068,0.029795,0.021112,-0.13537,0.14759,0.18703,-0.0054486,0.11391,0.11852,0.3657,0.1445,-0.0013926,0.21514,0.27687,0.2864,0.22496,0.23448,0.2771,0.20239,0.24381,0.38528,0.093923,0.066062,0.046935,0.040425,-0.013516,0.021546,0.075718,0.27981,0.32324,0.3431,-0.041956,0.17695,0.10818,0.38472,0.035555,-0.04052,0.36739,0.3834,0.16905,0.2724,0.089533,0.25214,0.086035,0.13858,0.1494,0.12788,0.14129,0.3722,0.4912,0.32348,0.43598,0.30386,0.21166,0.49318,0.48662,0.47707,0.17053,0.18846,0.43308,0.16462,0.14721,0.059926,0.20602,0.029957,0.41001,0.2493,0.24475,0.11245,0.58976,0.39632,0.48804,0.55896,0.26913,0.07849,0.084311,0.15932,0.0080106,0.11077,-0.038174,0.12711,0.25349,0.21397,0.10572,0.038557,0.066652,0.2838,0.23048,0.46845,0.03408,0.039452,0.14524,0.15741,-0.0055524,0.50774,0.19746,0.47567,0.61326,0.55714,0.59991,0.64548,0.48754,0.56779,0.42225,0.39179,0.26374,0.41907,0.070639,0.028415,0.32839,0.33349,1,0.50746,0.49949,0.60009,0.41194,0.31405,0.4142,0.28261,0.18779,0.16099,0.43932,0.0202,0.013333,0.17208,0.055708,-0.011983,-0.010512,0.23109,0.27867,0.24033,0.31785,0.19968,0.38503,0.31046,0.22375,0.23038,0.11677,0.077659,0.22361,0.25296,0.33587,0.22822,0.40828,0.42878,0.34983,0.55271,0.32569,0.31541,0.21256,0.19078,0.12999,0.27026,0.31977,0.13428,0.22907,0.069978,0.074473,0.22894,0.1701,0.18706,0.24281,0.090444,0.078395,0.14458,0.042606,0.19146,0.22255,0.25902,0.19907,0.16212,0.30089,0.11136,0.29732,0.21978,0.31353,0.3056,0.074943,0.23349,0.26485,0.063584,0.12793,0.14063,0.17139,0.14086,0.18027,-0.034658,0.083888,0.43765,0.25106,0.32032,0.084252,0.26692,0.41347,0.24082,0.35363,0.18223,0.23437,0.21141,-0.0065203,0.39833,0.27513,0.13595,0.075249,0.21886,0.084408,0.057761,0.16168,0.12869,0.27128,0.38173,0.074442,0.28444,0.073303,0.2721,0.15315,0.19153,0.19389,0.37154,0.23552,0.12786,0.31499,0.40951,0.29477,0.33655,0.074073,0.19943,0.17689,0.13091,0.15531,0.18404,0.48946,0.43488,0.32138,0.061258,0.40492,0.43669,0.23739,0.18482,0.39265,0.22311,0.094017,0.21303,0.27426,0.18414,0.32709,0.3262,0.35735,0.1891,0.64219,0.39006,0.54088,0.32861,0.15886,0.13461,0.1712,0.52181,0.1068,0.24676,0.12193,0.19286,0.20806,0.16188,0.1404,0.20143,0.19145,0.22027,0.22909,0.46096,0.31156,0.051924,0.26767,0.20287,0.30164
0.12885,0.06889,0.092511,0.10569,0.11615,0.13301,0.11484,0.16951,-0.028614,-0.010069,0.10824,0.1067,0.33926,0.23571,0.2739,0.1667,0.13985,0.21557,0.082518,0.56741,0.45827,0.6278,0.60413,0.39358,0.59162,0.46585,0.39874,0.43917,0.45918,0.39376,0.16174,0.6923,0.16573,0.10128,0.65427,0.47511,0.48157,0.63285,0.57897,0.50962,0.35778,0.47849,0.22607,0.28836,0.22666,0.31151,0.21798,0.29758,-0.051266,0.14302,0.13439,0.037195,0.071921,0.0087556,0.42558,0.29913,0.24469,0.21939,0.27086,0.14744,0.18827,0.30858,0.15492,0.24634,0.299,0.26004,0.37643,0.56625,0.51144,0.39169,0.32079,0.42784,0.26585,0.24574,0.29499,0.14492,0.085553,0.077332,0.20805,-0.0059207,0.062518,0.075735,0.13971,0.09781,0.15955,-0.038642,-0.054056,-0.029886,-0.030715,-0.045581,0.075555,0.07099,0.17073,-0.009183,0.039961,0.046325,0.28482,0.32189,0.29744,0.12896,0.17122,0.10397,0.079031,0.090348,0.11149,-0.049342,0.0072442,-0.0048409,-0.15006,0.15493,0.15403,-0.064964,0.060824,0.20224,0.30893,0.067825,-0.03233,0.19665,0.18128,0.19359,0.19384,0.1591,0.26606,0.14418,0.16534,0.31188,0.14944,0.079935,0.087618,0.070183,0.040601,0.034405,0.032771,0.16163,0.24515,0.31977,-0.029493,0.19029,0.10696,0.37449,0.018524,0.0058216,0.30558,0.28041,0.18136,0.16903,0.014059,0.14543,-0.038886,0.028074,-0.017035,0.091296,0.046799,0.23112,0.35781,0.17152,0.44369,0.20263,0.1206,0.38059,0.47599,0.43643,0.19808,0.1583,0.531,0.13206,0.17803,0.075171,0.061052,-0.045833,0.54615,0.28239,0.31192,0.089044,0.44932,0.36644,0.66785,0.66238,0.27095,0.010236,0.043529,0.19905,0.0053008,0.060564,-0.021283,0.12576,0.20883,0.21075,0.068903,0.053356,0.039141,0.25981,0.2559,0.41805,-0.047598,0.02693,0.1393,0.12406,0.047468,0.59712,0.062651,0.59885,0.64777,0.62158,0.58554,0.55498,0.40199,0.42829,0.47563,0.33476,0.14123,0.65407,0.093969,0.0081321,0.58245,0.51314,0.50746,1,0.55217,0.58809,0.38587,0.2357,0.35943,0.2197,0.12776,0.089203,0.21263,-0.058643,-0.051285,0.072589,0.074886,-0.050617,-0.0043511,0.10857,0.24903,0.2111,0.28935,0.16375,0.2585,0.19733,0.17365,0.20856,0.04496,0.061344,0.36271,0.14198,0.33233,0.41352,0.49083,0.27993,0.23412,0.44097,0.17444,0.1949,0.15506,0.092826,0.068765,0.24679,0.25961,0.11202,0.11272,0.022824,0.067148,0.15579,0.13337,0.03939,0.030773,0.0012142,0.026743,0.093301,0.036096,0.11545,0.10945,0.14868,0.09892,0.080516,0.1705,0.023651,0.17699,0.10498,0.1278,0.15204,-0.013087,0.13891,0.16773,-0.028392,0.016232,0.07178,0.12276,0.12569,0.13693,-0.020976,0.049887,0.38953,0.11912,0.16588,0.023827,0.23806,0.27932,0.14893,0.25056,0.1371,0.21111,0.10646,0.022098,0.3134,0.19983,0.12029,0.046005,0.14494,0.027146,0.063202,0.12625,0.03516,0.10647,0.24493,0.07599,0.18018,0.050851,0.28907,0.089518,0.18177,0.20577,0.23858,0.17277,0.080117,0.17121,0.26899,0.1542,0.20576,0.042948,0.09377,0.11085,0.099193,0.06441,0.028247,0.43581,0.29418,0.18852,-0.066889,0.43031,0.45877,0.13683,0.090634,0.41927,0.12741,-0.065628,0.082282,0.10255,0.050035,0.50899,0.29222,0.28807,0.076343,0.56957,0.38307,0.67578,0.4101,0.21354,0.070409,0.082265,0.34395,0.082073,0.15274,0.13532,0.19164,0.17992,0.090954,0.11255,0.077969,0.1345,0.2315,0.23798,0.39398,0.18706,0.0088496,0.22604,0.1651,0.23719
0.13066,0.048452,0.086337,0.10218,0.11724,0.14355,0.11585,0.16494,-0.014221,-0.065317,0.055444,0.09803,0.28684,0.2173,0.24564,0.16075,0.10677,0.20433,0.11546,0.50163,0.46319,0.51181,0.57425,0.47276,0.6069,0.44351,0.32917,0.40118,0.32054,0.34574,0.091845,0.55517,0.19084,0.14679,0.55052,0.49065,0.49197,0.56207,0.5598,0.52629,0.43329,0.43753,0.16536,0.22168,0.18761,0.32338,0.16419,0.26026,0.049652,0.20108,0.15923,0.097589,0.12647,0.10903,0.37777,0.22711,0.12551,0.22042,0.25326,0.1459,0.13195,0.22539,0.073047,0.18616,0.27708,0.23949,0.36567,0.47958,0.47099,0.33874,0.2892,0.36984,0.22983,0.16082,0.2801,0.060353,0.048145,0.062292,0.15299,0.0063661,0.093436,0.029807,0.12945,0.12213,0.11583,0.02219,0.077437,0.0036443,-0.01737,0.025472,0.1628,0.021499,0.116,-0.0046258,0.043542,0.046029,0.17135,0.26192,0.20771,0.095219,0.12859,0.048905,0.0067302,0.064376,0.052184,0.02256,0.043093,0.098569,-0.063056,0.095376,0.13136,-0.047055,0.077404,0.22786,0.21092,0.091934,0.033516,0.14089,0.18493,0.16977,0.15735,0.19795,0.22017,0.083897,0.13442,0.28093,0.064553,0.069146,0.065226,0.037101,0.061662,0.017341,0.049711,0.17645,0.20567,0.29346,-0.0036171,0.17062,0.1107,0.30869,0.014467,0.018684,0.23111,0.25634,0.14018,0.15352,0.10678,0.16487,0.041102,0.085701,0.07319,0.093209,0.1003,0.23055,0.35541,0.10976,0.47489,0.23632,0.17459,0.36459,0.40268,0.34484,0.16312,0.17802,0.45392,0.079782,0.066641,0.06699,0.16034,0.050375,0.48383,0.22476,0.25122,0.079325,0.46565,0.42335,0.59059,0.56703,0.23702,0.09351,0.11479,0.20129,-0.016331,0.041381,-0.017865,0.085296,0.18357,0.13522,0.074788,0.019142,0.078361,0.22663,0.16826,0.32017,0.055661,0.073244,0.1099,0.12733,0.0606,0.52747,0.096789,0.52304,0.58545,0.60135,0.63758,0.51706,0.3697,0.38965,0.41715,0.22913,0.13921,0.52371,0.14394,0.070732,0.46498,0.43814,0.49949,0.55217,1,0.62094,0.52171,0.2292,0.29343,0.2364,0.13338,0.10829,0.23291,-0.013837,0.027455,0.15247,0.081395,0.026258,0.034889,0.16272,0.24826,0.16311,0.23061,0.18144,0.29932,0.15738,0.13242,0.14968,-0.014483,0.0058663,0.27272,0.12197,0.31736,0.35011,0.45345,0.27287,0.21596,0.40303,0.15831,0.14715,0.11977,0.084389,0.023047,0.16665,0.20255,0.11527,0.11888,0.025428,0.085854,0.2074,0.14427,0.076987,0.11786,0.078786,0.04833,0.10498,0.11375,0.13153,0.078669,0.13546,0.065311,0.087907,0.088404,-0.01472,0.099512,0.084033,0.058216,0.15586,-0.068625,0.16367,0.14484,0.03378,0.083334,0.088313,0.14907,0.1182,0.1527,0.0068357,0.063488,0.2978,0.10105,0.13682,0.028847,0.17943,0.22027,0.11651,0.29412,0.14648,0.22541,0.078687,-0.01035,0.24768,0.13296,0.041789,0.087927,0.096324,0.023854,0.01991,0.051946,0.034305,0.10786,0.16895,0.043076,0.17715,0.064091,0.22159,0.045685,0.15501,0.13178,0.19048,0.096545,0.078998,0.12015,0.23997,0.1683,0.19791,0.11903,0.065885,0.16541,0.088511,0.11581,-0.011659,0.45205,0.25747,0.12695,-0.072207,0.36127,0.34888,0.15016,0.13956,0.32106,0.042181,-0.11826,0.13403,0.17717,0.1144,0.41215,0.24472,0.33625,0.054753,0.57156,0.41011,0.61874,0.38888,0.16486,0.13013,0.11221,0.32746,0.064072,0.15836,0.12441,0.13792,0.20181,0.041186,0.1272,0.077097,0.11405,0.18236,0.20136,0.29957,0.19522,0.070112,0.15654,0.13871,0.24054
0.13189,0.070777,0.095405,0.089873,0.063788,0.18391,0.073776,0.10617,-0.037292,-0.006115,0.044981,0.039207,0.35712,0.26929,0.25702,0.15798,0.13949,0.1563,0.13284,0.56438,0.57631,0.61091,0.64953,0.53023,0.67821,0.46013,0.54155,0.56793,0.40569,0.34752,0.13537,0.64009,0.18731,0.065855,0.57664,0.40824,0.5766,0.58691,0.6226,0.63572,0.51004,0.54807,0.20079,0.28927,0.21433,0.37155,0.24187,0.31375,0.014355,0.22011,0.13918,0.13893,0.1166,0.048938,0.50006,0.23955,0.15893,0.30595,0.33443,0.21434,0.20207,0.24124,0.10446,0.22778,0.25501,0.24437,0.37561,0.49264,0.45865,0.56245,0.41133,0.54821,0.35289,0.24661,0.37265,0.088944,0.05023,0.091361,0.14993,-0.0065275,0.0053734,0.02404,0.094154,0.1149,0.12407,0.0026729,0.067383,0.037981,0.040569,0.034824,0.069965,0.030074,0.12572,0.044834,0.030279,0.00050373,0.19627,0.26183,0.27515,0.14168,0.14942,0.030597,0.019011,0.031163,0.047715,-0.0021792,0.00065381,-0.016482,-0.10464,0.049198,0.14038,-0.073352,0.052182,0.20741,0.27282,0.090318,-0.014767,0.20156,0.30708,0.24496,0.22756,0.23635,0.28466,0.13249,0.17428,0.33876,0.066274,0.020788,0.16875,0.0087196,0.085283,0.010119,0.050351,0.19905,0.28649,0.34828,-0.00069771,0.15622,0.088962,0.38229,0.021392,0.047543,0.30916,0.31352,0.11159,0.16553,0.10289,0.22609,0.040651,0.058748,0.062908,0.067517,0.061602,0.22907,0.38789,0.17324,0.56653,0.23097,0.24246,0.4652,0.4337,0.44919,0.12007,0.19148,0.50781,0.17695,0.10107,0.0080667,0.18428,-0.010881,0.4504,0.21828,0.23849,0.0823,0.63434,0.49027,0.62925,0.62807,0.23035,0.063922,0.11482,0.15495,0.026866,0.073847,-0.03329,0.17854,0.28801,0.12299,0.0057266,-0.0077839,0.025759,0.28618,0.21187,0.4193,0.10496,0.0085565,0.12466,0.091469,0.042381,0.62051,0.11741,0.60939,0.6925,0.69683,0.71235,0.63042,0.54004,0.52914,0.46536,0.30803,0.22468,0.55812,0.11937,0.025341,0.51156,0.41269,0.60009,0.58809,0.62094,1,0.59431,0.24371,0.34096,0.33137,0.22475,0.12349,0.32984,-0.05674,-0.012783,0.15501,0.069796,0.0058851,0.025543,0.15135,0.3286,0.17107,0.24637,0.23267,0.41426,0.26161,0.16151,0.24894,0.057977,0.055794,0.31337,0.1441,0.34898,0.33956,0.43249,0.42257,0.31049,0.52648,0.22377,0.25164,0.18261,0.1552,0.095347,0.21025,0.24119,0.11909,0.10921,0.031169,0.13438,0.18084,0.092793,0.1326,0.08518,0.098129,0.08867,0.14255,0.033081,0.078681,0.20691,0.24444,0.12397,0.097775,0.16396,0.028228,0.21339,0.15172,0.16533,0.139,-0.05624,0.12692,0.13412,0.096025,0.059575,0.079308,0.11676,0.074897,0.14308,-0.003221,0.061906,0.39029,0.14608,0.11741,0.010865,0.31481,0.377,0.17897,0.36056,0.15343,0.27483,0.21037,0.029401,0.31744,0.16343,0.060093,0.056471,0.082747,0.048317,0.026487,0.098364,0.0339,0.18211,0.25572,0.083554,0.13895,0.074439,0.23654,0.12999,0.19914,0.16645,0.33696,0.15397,0.076651,0.25484,0.37207,0.21377,0.24153,0.11546,0.10953,0.1459,0.14785,0.11701,0.088264,0.49228,0.40028,0.28827,0.0026669,0.39958,0.44103,0.11964,0.091903,0.39085,0.13374,-0.0096879,0.12693,0.24731,0.12528,0.42201,0.27318,0.27698,0.070456,0.72544,0.47588,0.6612,0.3834,0.2561,0.11509,0.091476,0.43117,0.038117,0.15952,0.089997,0.15636,0.3029,0.049292,0.085688,0.1091,0.14058,0.2228,0.25246,0.41155,0.24021,0.040586,0.23622,0.1302,0.24975
0.059141,0.056048,-0.00074411,0.042743,0.0085934,0.1102,0.10859,0.11527,0.0012676,-0.0019302,0.041349,0.018521,0.22221,0.22419,0.19657,0.13829,0.063082,0.1932,0.21681,0.46932,0.30649,0.39745,0.53956,0.57402,0.58947,0.33612,0.37498,0.36249,0.30576,0.28461,0.10648,0.41557,0.18315,0.11427,0.36316,0.38411,0.47174,0.4245,0.52116,0.47203,0.55321,0.27575,0.096106,0.21645,0.1524,0.31688,0.094764,0.29873,0.05548,0.15202,0.14614,0.11414,0.15381,0.069052,0.32395,0.11335,0.10024,0.24779,0.19358,0.10152,0.15584,0.1552,0.12499,0.22654,0.24792,0.23277,0.30282,0.33842,0.4065,0.39128,0.33334,0.35429,0.29089,0.090642,0.32016,0.071427,0.032996,0.12514,0.12858,-0.065572,0.0026141,0.015769,0.010415,0.066787,-0.012095,0.063435,0.14349,-0.012582,0.066586,0.12665,0.11825,0.044854,0.06008,0.035681,0.034039,0.0049979,0.18008,0.24273,0.23573,0.15882,0.22597,0.097371,0.076084,0.040572,0.10286,0.095895,0.011782,0.08106,0.032003,-0.028314,0.062608,0.0072364,0.017699,0.30995,0.21404,0.16821,0.086674,0.1276,0.25432,0.12056,0.11593,0.18916,0.14766,0.028851,0.018538,0.18167,0.051317,0.048645,0.096945,0.02316,0.10462,0.042274,0.086455,0.11814,0.26095,0.36503,0.011006,0.13625,0.0859,0.267,0.057766,0.039958,0.14525,0.15544,0.020015,0.075398,0.14719,0.16587,0.10708,0.041979,0.065352,0.11937,0.11122,0.14378,0.26518,0.16799,0.49205,0.18671,0.26873,0.32678,0.31344,0.33751,0.16765,0.26492,0.44082,0.14484,0.10457,0.095649,0.16617,0.073361,0.31439,0.098509,0.16567,0.082773,0.37895,0.3732,0.47783,0.3859,0.16498,0.10421,0.20871,0.22848,0.0047114,-0.017207,-0.029842,0.06496,0.18614,0.026743,0.071365,0.037927,0.054573,0.1967,0.072119,0.1887,0.15026,0.050777,0.048615,0.12179,0.052366,0.52331,0.15641,0.42082,0.5151,0.57799,0.64978,0.45373,0.38561,0.34541,0.3669,0.24437,0.14984,0.33245,0.14673,0.06326,0.32048,0.35477,0.41194,0.38587,0.52171,0.59431,1,0.2071,0.20177,0.26422,0.15598,0.14462,0.21853,0.049273,0.025067,0.11579,0.055972,0.043246,0.04757,0.076179,0.24611,0.17672,0.1941,0.12437,0.33985,0.13704,0.18773,0.21455,0.087471,0.085654,0.27473,0.16361,0.3192,0.23838,0.38261,0.32825,0.27922,0.35762,0.14221,0.2214,0.15015,0.17385,0.061718,0.11219,0.17089,0.027561,0.022567,0.076416,0.088514,0.1069,0.029086,0.1206,0.078879,0.079971,0.073077,0.093915,0.056081,0.14075,0.15594,0.15912,0.047617,0.10978,0.14644,-0.002998,0.15882,0.098523,0.14058,0.15128,0.0374,0.17545,0.11757,0.14807,0.039204,0.13611,0.10677,0.046674,0.063982,0.072493,0.022773,0.29458,0.19977,0.02113,0.073444,0.26644,0.23055,0.12087,0.29388,0.11519,0.23401,0.19882,0.031985,0.13296,0.12227,-0.054376,0.033914,-0.022482,-0.037535,0.04004,0.019355,0.016213,0.25067,0.23327,-0.0011934,0.050792,-0.032357,0.11202,0.072439,0.16028,0.023265,0.1988,0.020526,0.059069,0.095112,0.24149,0.20307,0.15071,0.099499,0.10237,0.1056,0.1284,0.161,0.14869,0.49964,0.24701,0.14661,0.040376,0.25364,0.31437,0.18942,0.15611,0.32528,0.12495,0.044373,0.19125,0.20623,0.09796,0.28068,0.19386,0.18208,-0.022829,0.45933,0.34691,0.54059,0.22611,0.21315,0.077364,0.047334,0.38012,-0.020926,0.065382,0.028041,0.11193,0.2269,0.021619,0.090125,0.10986,0.10508,0.058957,0.10516,0.20974,0.12197,0.095831,0.087054,0.067291,0.13108
0.055809,0.013928,-0.043756,0.03611,0.017937,0.096962,0.02461,0.023943,-0.033921,-0.022692,0.045184,-0.018153,0.19687,0.087793,0.099722,0.088241,0.021287,0.13048,0.083904,0.20794,0.22873,0.25215,0.24366,0.16685,0.24324,0.19447,0.14956,0.18391,0.21429,0.19437,-0.078371,0.26974,0.12393,0.13435,0.20981,0.13662,0.25725,0.18251,0.20346,0.16805,0.08894,0.21016,0.067328,0.18605,-0.023869,0.22487,0.072004,0.33547,0.042906,0.16242,-0.011477,0.03575,0.037612,0.040059,0.16567,0.189,0.21757,0.18994,0.086321,0.088501,0.35495,0.16195,0.20018,0.38902,0.36857,0.3602,0.26587,0.27668,0.34189,0.23186,0.25132,0.15754,0.28618,0.25129,0.21156,0.14143,0.053654,0.07346,0.12985,-0.037921,0.028463,0.046785,0.044424,-0.037036,-0.0040173,-0.020382,0.071695,-0.09973,-0.0716,-0.036765,0.027084,-0.084373,0.030102,-0.10299,-0.062532,0.044245,0.19235,0.16546,0.21246,0.022714,0.24582,0.068306,0.19912,0.052108,0.028048,-0.10934,0.016299,0.019558,-0.035226,0.021841,0.04205,-0.011463,0.0023611,0.24682,0.44813,0.10844,-0.05614,0.038054,0.085899,0.13159,0.05927,0.12886,0.066033,0.095938,0.072608,0.13905,0.093562,0.099895,-0.044727,-0.00042239,0.012416,0.080652,0.085457,0.16821,0.34667,0.44229,-0.056819,0.098496,0.098363,0.1969,0.046908,-0.079142,0.11117,0.1038,0.040895,0.14758,0.034439,0.0094657,-0.0013854,0.048257,0.053692,0.11963,0.098495,0.2079,0.23379,0.45991,0.29818,0.11104,0.26299,0.24363,0.30806,0.42133,0.17622,0.26136,0.32737,0.17725,0.23188,0.034421,0.078284,0.065899,0.32483,0.079587,0.1094,0.083487,0.21018,0.33087,0.27378,0.27732,0.13444,0.0089286,0.11318,0.10778,-0.015802,-0.019269,-0.032792,0.058119,0.08928,0.062463,0.041452,-0.021368,0.0091302,0.077786,0.022689,0.14823,0.079633,0.0034536,0.079589,0.12363,-0.089255,0.17693,0.51053,0.22946,0.25666,0.22592,0.23139,0.26914,0.12647,0.15777,0.27577,0.27205,-0.036232,0.21417,0.044063,0.096884,0.20151,0.37646,0.31405,0.2357,0.2292,0.24371,0.2071,1,0.15577,0.071482,-0.036479,0.16947,0.11884,0.12599,0.036376,0.12078,-0.027414,0.02269,-0.061373,0.073937,0.019288,0.20228,0.21771,0.060596,0.1727,0.19795,0.45626,0.14518,0.24634,0.32734,0.39913,0.40846,0.38463,0.28294,0.3195,0.1863,0.24217,0.12053,0.23904,0.25146,0.14586,0.17554,0.079245,0.16153,0.1581,-0.013436,0.011487,0.030948,-0.040756,0.035743,0.044975,0.011759,0.1727,-0.098146,-0.094933,-0.028933,-0.0047721,0.089725,0.020424,-0.018469,0.043955,-0.0015115,0.27098,-0.043996,0.25342,0.081623,0.25994,0.18872,0.2226,0.14629,0.14546,-0.053515,-0.0093201,0.09604,0.020263,0.043856,0.063631,0.025584,-0.023293,0.3367,0.46989,0.16945,0.036539,0.097076,0.10094,0.12271,0.20987,0.04382,0.116,0.21155,0.0053963,0.10529,0.13289,0.058562,0.045426,0.048993,-0.011048,0.04097,0.088032,0.093593,0.36143,0.45872,-0.046868,0.10904,-0.034211,0.16155,0.0755,0.092287,0.027033,0.084915,0.067354,0.086208,0.039289,0.052552,0.088277,0.12171,0.0030806,0.084097,0.03655,0.040464,0.18153,0.36702,0.3838,0.1031,0.34592,0.37529,0.28022,0.33873,0.22412,0.18674,0.35454,0.19047,0.22354,0.057267,0.084466,0.10052,0.1978,0.12958,0.1315,0.073891,0.32877,0.3642,0.28758,0.36857,0.075397,0.029177,0.17301,0.2612,0.020375,0.094401,-0.034414,0.12322,0.05887,0.051553,0.13106,0.02575,0.0028032,0.016801,-0.0084267,0.10144,0.086439,0.055402,0.045987,0.061785,0.11281
0.16034,0.049005,0.065945,0.12844,0.15066,0.20442,0.14044,0.20912,0.023644,-0.021238,0.15515,0.12893,0.40954,0.24815,0.26174,0.20246,0.17572,0.29335,0.14652,0.51236,0.33912,0.42895,0.47736,0.351,0.42311,0.33264,0.36738,0.55137,0.3113,0.21257,0.042969,0.4309,0.25427,0.16416,0.31746,0.15901,0.27987,0.31133,0.29496,0.30473,0.33591,0.2899,0.44224,0.24435,0.25673,0.29118,0.23045,0.25917,0.020169,0.2507,0.17339,0.12181,0.10872,0.15853,0.48807,0.39169,0.28168,0.30793,0.26989,0.22934,0.33007,0.31873,0.19265,0.2519,0.34458,0.20782,0.14014,0.31649,0.24758,0.43953,0.40247,0.49303,0.37543,0.33933,0.24378,0.16542,0.079382,0.093115,0.25695,0.034992,0.1825,0.29356,0.21082,0.096518,0.20061,0.10894,0.088527,0.098785,0.048473,0.0078875,0.14025,0.14559,0.24062,-0.0007326,0.17358,0.24636,0.25839,0.21905,0.23454,0.192,0.10992,0.14759,0.14332,0.17452,0.16071,0.047163,0.13204,0.064098,-0.023022,0.24813,0.19837,0.060912,0.13258,0.043287,0.27981,0.16691,0.014195,0.26846,0.24634,0.29957,0.26933,0.26499,0.32378,0.25265,0.22629,0.44594,0.14248,0.1262,0.024386,0.12914,0.0038569,0.10141,0.082197,0.22726,0.22602,0.21819,-0.065009,0.23027,0.11837,0.33685,0.021489,-0.065642,0.4081,0.28759,0.14226,0.2194,0.042281,0.18117,0.15856,0.13718,0.15345,0.23079,0.16343,0.289,0.34504,0.18104,0.23047,0.2589,0.09883,0.28214,0.43439,0.32343,0.22979,0.22157,0.28824,0.13476,0.16772,0.19781,0.20746,0.10901,0.37355,0.20125,0.15581,0.027203,0.25153,0.22599,0.37679,0.36183,0.20462,0.1187,0.093915,0.10168,0.028848,0.10259,0.014198,0.15373,0.23788,0.26686,0.18785,0.11553,0.018005,0.3805,0.32052,0.41206,0.041902,0.14248,0.18589,0.21151,0.059148,0.43896,0.081866,0.34896,0.45829,0.43439,0.44696,0.44573,0.37138,0.5365,0.33498,0.28879,0.13424,0.32639,0.10138,0.11727,0.22857,0.20308,0.4142,0.35943,0.29343,0.34096,0.20177,0.15577,1,0.17249,0.068727,0.18409,0.33298,0.067956,0.10567,0.17723,0.12293,-0.0079,0.052848,0.24457,0.23072,0.27198,0.28292,0.17922,0.28993,0.31721,0.23164,0.23493,0.10302,0.07575,0.14426,0.19263,0.21444,0.19009,0.27892,0.28404,0.33227,0.50821,0.29252,0.28291,0.16065,0.20614,0.13141,0.33076,0.34524,0.1754,0.28103,0.11226,0.089178,0.22747,0.21083,0.17811,0.19463,0.075266,0.014107,0.10682,0.074246,0.23177,0.12801,0.14732,0.15825,0.15933,0.2421,0.10683,0.19768,0.17573,0.2054,0.2902,0.11554,0.20903,0.26438,0.018467,0.1686,0.19373,0.1766,0.19054,0.24427,0.018598,0.0932,0.34176,0.13922,0.30357,0.050445,0.31111,0.35284,0.22019,0.37262,0.2083,0.30732,0.25454,0.030569,0.33659,0.27768,0.23197,0.088168,0.27967,0.10104,0.078615,0.22758,0.10371,0.20337,0.26409,0.017893,0.28966,0.072764,0.27308,0.086418,0.14132,0.28722,0.26228,0.19252,0.060775,0.23546,0.27125,0.25884,0.25914,0.051271,0.19254,0.14105,0.07258,0.061024,0.06237,0.26999,0.24835,0.19729,-0.037211,0.33278,0.30398,0.21504,0.17277,0.24924,0.23318,0.055507,0.20134,0.2022,0.18552,0.28176,0.19865,0.21152,0.17307,0.38477,0.21454,0.38045,0.14344,0.018065,0.15192,0.22051,0.34563,0.12407,0.19469,0.15061,0.2771,0.12586,0.25484,0.19819,0.15658,0.098533,0.29797,0.34525,0.41512,0.27513,0.023511,0.22887,0.24503,0.349
0.060925,0.11481,0.063325,0.024953,0.013721,0.034595,0.081085,0.031011,-0.017198,-0.045856,-0.032478,-0.0031664,0.17779,0.12972,0.18004,0.064793,0.055895,0.027672,0.2589,0.19867,0.31665,0.24384,0.24363,0.2152,0.28391,0.16995,0.36945,0.29527,0.1769,0.14838,0.24559,0.22775,0.0057856,-0.064565,0.23158,0.18678,0.2784,0.2249,0.2743,0.30625,0.23141,0.27689,0.06735,0.11982,0.17347,0.22444,0.20582,0.094538,0.046145,0.089715,0.052516,0.088814,0.051211,0.0012878,0.25816,0.013122,-0.069579,0.16035,0.21123,0.086417,0.014467,0.023474,-0.093197,0.010812,0.012204,0.12715,0.22732,0.19213,0.20321,0.32672,0.21816,0.33698,0.17364,0.12655,0.19343,0.0026732,-0.0048057,0.022597,-0.018584,-0.064615,-0.055905,0.020851,-0.03775,0.042871,0.045624,0.050463,0.075742,0.16833,0.16935,0.12243,0.052377,0.098579,0.055764,0.2705,0.1004,-0.0084556,0.05511,0.12417,0.14727,0.16146,0.044415,0.053389,-0.15068,-0.027215,-0.055194,0.084129,0.048588,-0.014985,-0.010941,-0.061083,0.08454,0.02592,0.035365,0.08756,0.035711,0.099709,0.016486,0.08664,0.18176,0.12781,0.10733,0.11901,0.18436,0.087623,0.067724,0.13946,-0.071167,-0.053867,0.14685,-0.035966,0.086684,-0.059952,-0.054105,0.082456,0.15526,0.15994,-0.0053639,0.04616,0.038044,0.18144,0.010311,0.14396,0.20004,0.31986,0.023408,0.014402,0.19784,0.33865,0.097198,0.12254,0.12252,0.053979,0.052291,0.10244,0.18301,-0.0042734,0.34926,0.22841,0.18237,0.27506,0.13207,0.18425,-0.0063724,0.1269,0.27087,0.01118,-0.049965,-0.064214,0.1743,0.0033789,0.1473,0.059944,0.069132,0.068046,0.33481,0.28115,0.29368,0.27397,0.060218,0.050982,0.03872,0.00038336,0.019306,0.058544,-0.028439,0.11003,0.14841,0.01207,-0.065075,0.025625,0.04736,0.1627,0.10667,0.30319,0.18289,-0.046627,0.043531,0.013611,-0.0093465,0.22106,0.02482,0.26109,0.2804,0.25009,0.28111,0.24018,0.35865,0.28259,0.246,0.14762,0.48033,0.19303,0.023123,-0.051482,0.22423,0.15315,0.28261,0.2197,0.2364,0.33137,0.26422,0.071482,0.17249,1,0.48403,0.097891,0.50649,-0.018348,0.081972,0.057763,0.028974,0.056118,0.090683,0.11504,0.21202,0.052548,0.069667,0.1348,0.2315,0.063859,-0.048979,0.14552,-0.015912,-0.066552,0.11702,0.0152,0.14872,0.13128,0.22493,0.23942,0.15462,0.29472,0.080747,0.12739,0.097722,0.11289,0.010576,0.021829,0.099971,0.039603,0.13703,0.19207,0.2046,0.098759,0.032678,0.30293,0.030078,0.29984,0.33431,0.2652,0.075149,0.19258,0.52879,0.54596,0.34795,0.26891,0.055672,0.22719,0.12637,0.30407,0.15229,0.14393,-0.19608,0.12484,0.087837,0.39965,0.14294,0.17105,0.24442,-0.031275,0.089918,0.06195,0.16131,0.21238,-0.025586,0.075892,0.10702,0.1637,0.1947,0.08753,0.1676,0.080939,0.19221,0.12148,-0.023712,0.20715,0.091677,-0.046206,-0.016023,0.0040548,-0.0013662,-0.014004,-0.014519,-0.021255,0.043605,0.066331,0.057823,0.031244,0.040176,0.079442,0.14711,0.21401,0.082097,0.41891,0.072704,0.071154,0.37004,0.53201,0.39507,0.35683,0.26383,0.17033,0.13908,0.13611,0.045177,0.018036,0.24728,0.50664,0.17158,-0.084226,0.15868,0.16785,0.060345,0.099282,0.18564,0.026789,-0.03263,0.21649,0.43733,0.1486,0.19366,0.16147,0.11074,0.0035681,0.35763,0.24836,0.27526,0.21221,0.18618,0.17301,-0.019228,0.19796,-0.04007,0.05153,0.011484,0.077533,0.19758,0.12355,0.0030625,0.27711,0.18019,0.14443,0.14924,0.33546,0.30299,0.016681,0.21428,0.095252,0.062613
0.0077646,0.10474,0.16334,0.048082,0.06744,-0.053646,0.16608,-0.0035189,0.013586,0.010631,-0.047029,-0.039187,0.18923,0.095222,0.17282,0.033155,0.066653,-0.15157,0.3484,0.04895,0.20145,0.14903,0.10525,0.11951,0.19266,0.067297,0.36286,0.27079,-0.038813,-0.0052617,0.25619,0.10759,-0.1669,-0.30795,0.18264,0.20016,0.15519,0.15678,0.20017,0.30256,0.18168,0.18591,0.0060519,-0.060201,0.22044,0.049139,0.075057,-0.087092,-0.1037,0.035736,0.0042358,0.012938,-0.029179,-0.14267,0.27948,0.0036097,-0.14598,0.16411,0.24928,0.10211,-0.075799,-0.12914,-0.24698,-0.081958,-0.13224,0.051475,0.21675,0.14325,0.11849,0.28989,0.13573,0.31611,0.1017,0.15823,0.079087,0.0074481,-0.035421,-0.11026,-0.16813,0.038197,-0.10408,-0.16037,-0.030617,0.093592,0.096724,-0.07796,-0.06932,0.26275,0.16775,0.19092,-0.030094,0.021612,-0.1103,0.30795,0.078323,-0.14668,-0.099903,-0.03186,0.10465,0.043857,-0.1104,-0.099385,-0.31962,-0.19771,-0.19205,0.077686,0.0092188,-0.11468,-0.15115,-0.13017,0.015182,-0.11461,0.017734,-0.0121,-0.064147,-0.099012,0.042793,0.053448,0.13584,0.15957,0.104,-0.00027976,0.17688,0.050426,0.075439,0.1175,-0.11554,-0.25309,0.085713,-0.16751,-0.028825,-0.20949,-0.17859,0.046075,0.10944,-0.0074679,0.048287,-0.057458,-0.020931,0.05717,-0.027041,0.17187,0.18906,0.20934,0.030153,-0.038091,0.11374,0.21831,-0.095084,0.10559,0.052335,-0.14822,-0.0309,0.04795,0.083514,-0.065618,0.3347,-0.022325,-0.041751,0.10873,-0.01456,0.091593,-0.22869,-0.10326,0.15315,-0.070831,-0.22335,-0.33018,0.047098,-0.15563,0.0039714,0.060667,0.078278,0.091828,0.25746,0.16419,0.22452,0.18111,-0.0049276,-0.070693,-0.046634,-0.026021,0.066189,0.1536,-0.066107,0.041579,0.1544,-0.069192,-0.26039,-0.072431,0.041608,0.13045,0.15896,0.19221,0.0047197,-0.059494,-0.024332,-0.12365,0.033438,0.12754,0.0008327,0.14352,0.14081,0.1385,0.12797,0.12469,0.3439,0.25885,0.038265,0.077565,0.77396,0.11043,-0.055329,-0.21682,0.16481,0.11465,0.18779,0.12776,0.13338,0.22475,0.15598,-0.036479,0.068727,0.48403,1,-0.09543,0.37629,-0.072281,0.0068944,0.006067,0.05926,0.046479,0.10848,0.085419,0.2183,-0.09039,0.022452,0.22162,0.19375,0.063885,-0.1588,0.10719,-0.014465,-0.12551,0.0061162,-0.0024359,0.077435,0.10017,0.0040494,0.24441,0.099764,0.27389,0.092288,0.09831,0.12795,0.039766,-0.0034183,0.032919,0.087535,0.12209,0.26137,0.24915,0.38828,0.10861,0.0027536,0.43004,0.098943,0.46459,0.61168,0.45534,0.14037,0.13572,0.52709,0.69796,0.37084,0.309,-0.014735,0.28226,0.063724,0.22172,0.044747,0.030642,-0.31226,0.054286,0.16841,0.56641,0.15632,0.063087,0.29328,-0.019243,0.032034,0.014802,0.23296,0.015176,-0.13135,0.13497,0.21674,0.042956,0.17075,0.099442,0.062547,0.014153,0.061919,-0.083819,-0.011484,0.21389,0.034691,-0.056873,-0.073951,0.015961,-0.044463,-0.10144,-0.1,-0.043218,-0.034565,-0.023525,0.1765,0.01438,0.14359,0.0031843,0.12146,0.14422,0.070187,0.32201,0.13211,0.094018,0.36385,0.57233,0.37379,0.31065,0.32661,0.097542,0.19445,0.22528,0.007894,-0.046416,0.12226,0.56239,0.1108,-0.084043,0.016142,0.090847,-0.15935,-0.089871,0.053323,-0.10769,-0.14464,0.1727,0.42062,0.14701,0.11987,0.10091,0.074553,0.015651,0.24841,0.1537,0.14358,0.18544,0.21196,0.21385,-0.062539,0.094987,-0.034798,0.034732,0.045351,-0.037663,0.21851,0.044972,-0.071767,0.29121,0.31257,0.16417,0.20777,0.2458,0.29043,-0.0089179,0.18758,0.21401,-0.026756
0.11484,-0.062047,-0.057173,0.03973,-0.0033353,0.16388,-0.040274,0.0099747,-0.031056,-0.033502,-0.014545,-0.037757,0.10587,0.051122,0.013791,0.077695,0.029219,0.18349,0.076918,0.21041,0.082859,0.10948,0.17556,0.15673,0.14848,0.089455,0.053555,0.12294,0.14119,0.034603,-0.06198,0.13634,0.23121,0.256,0.050926,-0.026961,0.14868,0.028664,0.094486,0.027657,0.10892,0.058625,0.15025,0.11184,0.085629,0.34372,0.12849,0.27104,0.22058,0.24946,0.086528,0.16619,0.1313,0.21697,0.093165,0.13984,0.15073,0.16936,-0.045553,-0.0047304,0.25302,0.061537,0.14097,0.22335,0.2011,0.083353,-0.049312,0.10695,0.072181,0.11214,0.12776,0.084427,0.14459,0.06761,0.034134,0.065697,0.02996,0.11147,0.14876,-0.024004,0.079503,0.12113,0.082446,-0.0052281,-0.07076,0.14717,0.27021,0.11157,-0.01051,0.064024,0.13038,-0.018517,0.12861,0.0365,0.0094784,0.067416,0.019084,0.12576,0.022127,0.078743,0.064474,0.034863,0.12577,0.00076963,0.15408,0.040964,0.12931,0.086459,0.15739,0.018381,0.084643,0.13573,0.098867,0.034778,0.12725,0.21283,0.045589,0.040904,0.084783,-0.0085144,0.061722,0.12448,0.054428,0.028134,0.026904,0.075275,0.035151,0.086811,-0.019291,0.02852,0.048955,0.056109,0.16617,0.068623,0.063773,0.13837,-0.046717,0.14488,0.093298,0.19048,0.066998,-0.027871,0.074729,0.14181,-0.035669,0.16217,0.11954,0.16677,0.26671,0.15458,0.19719,0.19769,0.1677,0.1422,0.16555,0.19823,0.065256,0.23087,0.24846,0.23839,0.26457,0.25643,0.16107,0.21229,0.16416,0.021845,0.049003,0.17834,0.29617,0.22393,0.24468,0.026201,0.036517,0.041194,0.095715,0.11426,0.096901,0.10134,0.11071,0.15407,0.17831,0.032201,-0.044606,-0.067892,-0.027697,0.030886,0.047048,0.086259,0.17169,-0.033451,-0.011611,0.1009,0.010289,0.095594,0.23449,0.056058,0.062555,0.15716,-0.061793,0.13764,0.099279,0.075891,0.15767,0.13756,0.1883,0.19752,0.056465,0.12238,0.16713,0.060218,-0.026788,0.026239,0.070133,0.22411,0.033098,0.068244,0.16099,0.089203,0.10829,0.12349,0.14462,0.16947,0.18409,0.097891,-0.09543,1,0.24696,0.24309,0.21748,0.21915,-0.012926,0.078406,0.014107,0.18331,0.038396,0.20245,0.14759,0.012175,0.098409,0.11095,0.2284,0.069984,0.078858,0.27908,0.14639,0.11217,0.1161,0.018408,0.12507,0.042795,0.13966,0.11545,0.050053,0.1204,-0.048301,0.1338,0.058599,0.059839,0.12504,0.063827,0.072939,-0.021985,-0.027706,0.14438,0.047995,0.11511,0.2072,0.10007,-0.1073,-0.040395,0.020673,0.092726,0.10044,0.049575,0.09532,-0.0021566,0.064908,-0.015377,0.094704,0.11194,0.15907,0.10568,0.16052,0.045991,0.14881,0.021958,0.17383,0.17753,0.050188,0.011959,0.06155,0.061547,0.044954,0.23506,0.16773,0.10632,-0.039214,0.088345,0.071229,-0.013145,0.1794,0.13042,0.13574,0.18843,-0.046472,0.043397,0.097318,-0.036592,0.051071,0.022396,0.065017,0.095567,0.046703,0.043167,0.10344,0.10388,-0.090445,0.15061,-0.043163,0.13506,0.04348,0.10686,0.0079498,0.12874,0.027886,0.066057,0.099545,0.082385,0.21001,0.17794,0.06021,0.090854,0.0051828,-0.021567,0.1151,0.099755,0.18736,0.057755,0.10656,0.11596,0.29871,0.29921,0.16968,0.15043,0.19902,0.10332,0.11299,0.11368,0.20515,0.17128,0.062739,0.08304,0.045222,0.11522,0.15776,0.023817,0.17877,0.038666,-0.013953,0.15176,0.23294,0.19525,0.034803,0.058612,-0.035164,0.13619,-0.044541,0.12356,0.13914,-0.0053662,-0.0099996,0.01785,-0.052712,0.076605,0.17618,0.071233,0.056814,0.023843,0.16862
0.1584,0.07505,0.079142,0.079393,0.1281,0.14402,0.11181,0.058703,-0.028164,-0.05253,0.0015184,0.038012,0.31153,0.1139,0.20299,0.1642,0.09581,0.13101,0.27045,0.33746,0.37595,0.25556,0.3388,0.24263,0.31378,0.21745,0.38147,0.47271,0.19066,0.10169,0.15421,0.25412,0.11475,-0.011825,0.20685,0.10496,0.30453,0.19447,0.2534,0.30569,0.30353,0.34429,0.16029,0.1427,0.22512,0.33014,0.30776,0.2127,0.11299,0.28237,0.088506,0.18848,0.087383,0.12205,0.3983,0.17461,0.040712,0.29731,0.22174,0.15497,0.18145,0.13795,-0.039957,0.088877,0.11671,0.12627,0.12245,0.22211,0.17745,0.43798,0.32634,0.43918,0.3121,0.22855,0.22997,0.074935,0.019066,-0.0051457,0.096271,-0.063263,0.016119,0.13571,0.072437,0.039406,0.10432,0.13768,0.17335,0.25215,0.12703,0.11445,0.075357,0.069544,0.14618,0.2228,0.15689,0.10002,0.082001,0.16603,0.18215,0.18301,0.045199,0.047505,-0.057911,-0.0085259,-0.0064128,0.083852,0.11622,-0.016032,-0.024062,0.037008,0.20101,0.076256,0.10861,-0.026933,0.1175,0.17286,-0.00070828,0.17374,0.26553,0.19946,0.18111,0.12157,0.23191,0.1432,0.173,0.24609,-0.022646,-0.037591,0.052939,-0.02443,0.017156,-0.043733,0.0013355,0.22084,0.21267,0.14957,-0.045162,0.13283,0.095219,0.25732,0.063515,0.073547,0.31039,0.43295,0.044112,0.1864,0.19535,0.41934,0.20673,0.23216,0.26211,0.1629,0.14023,0.26129,0.33577,0.12828,0.27029,0.36253,0.24217,0.38141,0.279,0.29538,0.024025,0.11577,0.2606,0.04726,-0.05819,-0.019699,0.35752,0.091654,0.20037,0.14094,0.1168,0.075346,0.36678,0.22497,0.24105,0.28166,0.15334,0.1066,0.079803,0.016806,0.025314,0.11671,-0.046559,0.11726,0.21414,0.12645,0.034416,0.017346,0.055961,0.21497,0.1729,0.3939,0.2241,-0.010822,0.11214,0.11097,-0.052857,0.27047,0.047374,0.21809,0.35704,0.30094,0.38305,0.37191,0.42275,0.46977,0.28027,0.20719,0.46725,0.15109,0.023642,0.022407,0.11834,0.083811,0.43932,0.21263,0.23291,0.32984,0.21853,0.11884,0.33298,0.50649,0.37629,0.24696,1,0.054008,0.16122,0.23836,0.039947,0.090771,0.079866,0.27087,0.23935,0.11685,0.14698,0.18424,0.28213,0.22198,0.025676,0.18716,0.038477,0.011481,0.062984,0.11339,0.16871,0.064352,0.19294,0.3746,0.302,0.46074,0.23329,0.21662,0.1563,0.16604,0.077815,0.13714,0.2082,0.11374,0.25207,0.1784,0.19605,0.22584,0.22012,0.37931,0.26702,0.35542,0.24864,0.2495,0.14953,0.26823,0.50688,0.5601,0.4514,0.32563,0.17599,0.28778,0.23699,0.39984,0.30945,0.26638,-0.058424,0.15445,0.2066,0.33446,0.28484,0.24274,0.26252,0.065534,0.13801,0.064635,0.18594,0.28204,0.081598,0.27701,0.085497,0.24745,0.359,0.18188,0.27678,0.15019,0.22158,0.16596,-0.064782,0.35847,0.20365,0.066667,0.015965,0.14806,0.061847,0.035744,0.08992,0.085426,0.13436,0.1758,0.049972,0.21569,0.079871,0.19216,0.20451,0.30273,0.17567,0.53914,0.198,0.090815,0.4995,0.60037,0.53948,0.53681,0.28559,0.25124,0.1721,0.15477,0.1095,0.053923,0.26259,0.5902,0.2194,-0.029294,0.25075,0.28628,0.12357,0.16555,0.21878,0.13089,0.017928,0.28025,0.57798,0.31868,0.12684,0.2346,0.21775,0.14497,0.39577,0.16337,0.27235,0.14328,0.099707,0.24416,0.17796,0.32327,0.063788,0.15197,0.097882,0.13888,0.17487,0.24042,0.07679,0.29585,0.22887,0.18013,0.14691,0.4654,0.47412,0.041947,0.31348,0.13972,0.1905
0.058146,-0.012428,-0.024242,0.058075,-0.026099,0.015932,0.049322,0.018541,0.014576,-0.054705,-0.015369,-0.024212,0.047215,0.036092,0.010488,0.065623,-0.013063,0.13334,0.21401,0.060545,-0.057266,-0.044039,0.010999,0.062661,0.0041388,0.011273,-0.10459,-0.013839,-0.026214,-0.057318,-0.10505,-0.026333,0.14925,0.21672,-0.060364,-0.083651,0.01865,-0.091591,-0.057201,-0.13769,-0.019869,-0.045911,0.05119,0.0099748,-0.034967,0.15876,-0.014077,0.2126,0.20987,0.19509,0.086662,0.11145,0.12673,0.19621,-0.041513,-0.00082183,0.066473,0.051381,-0.092785,-0.06957,0.094219,-0.053421,0.089139,0.15836,0.18669,0.044761,-0.049455,-0.020698,0.0496,-0.050703,-0.0026384,-0.060215,0.011644,-0.053504,-0.03095,0.025318,0.04829,0.07803,0.010186,0.0093182,0.07194,0.018534,0.058507,0.024275,-0.096845,0.25598,0.25452,0.0077183,0.083645,0.18636,0.18448,-0.0076305,-0.085171,-0.058141,0.034269,0.12505,-0.053048,-0.027661,0.0013338,-0.0078473,0.071342,0.090187,0.11259,-0.067838,0.030588,0.15894,0.17905,0.22885,0.21282,-0.092847,-0.044455,0.13611,0.034493,0.043965,0.097411,0.23461,0.2171,-0.035488,-0.0060031,-0.084239,-0.046485,0.11168,-0.092002,-0.073924,-0.046876,-0.0098352,-0.073514,0.016169,-0.061465,-0.084021,-0.012764,0.031539,0.067016,0.022867,0.0084105,0.04364,0.012141,0.11015,0.085523,0.034451,0.065533,-0.035865,-0.028523,-0.024443,-0.063276,0.077204,0.11604,-0.026336,0.19387,0.13045,0.18757,0.24399,0.23579,0.083684,0.078781,0.25332,-0.054326,0.098534,0.18724,0.12526,0.11501,0.13337,0.16403,0.25603,0.023213,-0.024459,-0.011516,0.1888,0.25363,0.34206,0.076413,-0.0058236,-0.0071083,0.013105,-0.050215,0.042967,-0.046246,-0.073767,-0.010731,0.17508,0.20148,0.018311,-0.036729,-0.049328,-0.020171,-0.038232,-0.015652,-0.092666,0.15131,0.058824,-0.028325,0.020891,-0.059151,-0.04867,0.20526,0.1462,-0.03754,0.060442,-0.05633,-0.031621,0.10775,-0.051902,-0.017754,-0.019696,0.012042,0.01001,-0.059895,-0.015324,0.041562,0.0097315,-0.096781,-0.089058,0.1343,0.29022,-0.10509,0.015054,0.0202,-0.058643,-0.013837,-0.05674,0.049273,0.12599,0.067956,-0.018348,-0.072281,0.24309,0.054008,1,0.31154,0.18969,0.07275,0.14183,0.12109,0.16197,-0.045857,0.1094,0.14556,-0.02235,0.021615,-0.042829,0.13802,0.0073431,0.15026,0.23545,0.13777,0.096213,0.050148,-0.026856,0.1091,-0.02286,0.024011,-0.018482,0.037659,0.02962,-0.035632,0.11784,0.075488,-0.052495,0.033452,0.052574,0.12378,0.178,0.034633,0.093459,0.0729,0.23587,0.36297,0.012902,0.046442,0.11354,0.23326,0.30044,0.00071407,-0.07326,0.024476,0.084169,0.099328,0.093664,0.16321,0.057495,0.18012,0.31393,0.22817,0.26812,0.1555,0.14073,0.10136,0.26504,0.1372,0.10359,0.072872,0.11695,0.030467,0.17766,0.24709,0.28143,0.29589,-0.011452,-0.039952,-0.016439,0.084577,0.0388,0.099843,0.041394,-0.0036343,-0.079396,0.021109,-0.036689,0.06455,-0.0084998,0.067745,0.00040654,0.0065439,-0.013255,0.12708,0.14567,-0.056613,0.088227,-0.014163,0.048504,0.029255,-0.0067795,-0.030255,-0.050518,-0.043007,0.086,-0.02577,-0.069351,0.19252,0.068933,0.071368,0.30183,0.115,-0.014411,0.19246,0.25336,0.19445,-0.080751,-0.0086708,0.20733,0.16254,0.12718,0.35746,0.38252,0.19687,0.01169,0.18654,0.33918,0.14142,0.26906,-0.046045,-0.017973,-0.030629,0.076821,-0.020821,-0.080606,0.0061806,-0.022685,-0.052573,0.096576,0.25416,0.074749,0.068772,0.069049,0.0051596,0.10001,-0.059223,0.10692,0.30987,0.19777,-0.016666,-0.039847,-0.073161,-0.048383,0.079903,0.16497,-0.046402,0.0597,0.049645
0.068571,-0.025524,0.10208,0.11819,0.0035544,0.082962,-0.002687,-0.030109,0.022679,-0.08761,-0.04876,-0.065029,0.044661,0.02129,0.016947,0.13293,-0.0094483,0.090837,0.23534,0.08538,0.026205,-0.032658,0.025459,0.055006,0.03622,-0.02001,-0.067877,0.0018226,-0.1321,-0.065731,-0.30643,-0.051294,0.32731,0.22009,-0.042313,-0.0040941,0.055015,-0.085539,-0.036574,-0.052286,0.0088927,0.032614,0.0082586,-0.23118,-0.070323,0.18649,-0.094236,0.043794,0.52703,0.42904,0.148,0.40851,0.31219,0.48413,-0.043889,-0.075778,-0.13999,0.080078,-0.10063,-0.13604,0.024024,-0.13283,-0.21249,-0.073615,0.010229,-0.022481,0.018824,-0.027336,-0.050364,-0.018496,0.04553,-0.062683,0.048188,-0.086082,-0.021858,-0.068687,0.018737,0.011629,-0.084379,0.10541,0.047579,-0.024469,0.11722,0.16652,-0.032454,0.36933,0.49761,0.2777,0.20009,0.36845,0.41533,-0.043589,-0.28872,-0.076388,0.1105,0.18823,-0.28659,-0.16618,-0.178,-0.068734,-0.20199,0.021805,-0.16792,-0.17926,-0.19798,0.17567,0.37359,0.29341,0.33592,-0.13328,-0.0064606,0.19538,0.10428,-0.11219,-0.14854,0.21593,0.25675,-0.071667,-0.008626,-0.046751,0.0053822,0.10803,-0.058844,-0.08126,-0.035995,-0.044241,-0.25415,-0.045218,-0.049247,-0.21909,0.058258,-0.030003,0.064461,0.026157,0.015138,-0.064547,0.05898,0.14269,0.10271,0.090465,0.090451,-0.068642,-0.010763,-0.012177,-0.082568,0.071013,0.16875,-0.025834,0.28476,0.3473,0.47002,0.29258,0.3582,0.10844,0.12596,-0.030101,0.076551,0.090207,0.21554,0.16878,0.077334,-0.056555,-0.0086286,0.24881,-0.035369,-0.12782,-0.29928,0.1043,0.60332,0.5334,0.082734,-0.026914,0.0040181,0.031617,0.044053,0.17373,0.014888,-0.051908,0.018322,0.36609,0.15882,-0.015746,0.011581,-0.036443,-0.051331,-0.050112,-0.034339,-0.29646,0.03725,-0.049446,-0.045995,0.0049852,-0.11615,-0.063369,0.40284,0.1661,-0.029596,0.049853,-0.055492,-0.03449,0.032515,-0.01982,-0.017288,-0.063021,0.043651,0.050435,-0.068263,-0.029294,-0.0077594,-0.14449,-0.032799,-0.13335,0.24094,0.45108,-0.025777,-0.13668,0.013333,-0.051285,0.027455,-0.012783,0.025067,0.036376,0.10567,0.081972,0.0068944,0.21748,0.16122,0.31154,1,0.51606,0.13627,0.49777,0.30954,0.52725,-0.08216,-0.0068858,-0.040392,-0.037244,0.05616,-0.041037,-0.0046842,-0.05453,-0.16923,-0.080694,-0.16794,0.024234,-0.0039356,-0.12965,0.10175,-0.038507,0.069952,-0.031543,0.0090949,-0.018486,-0.12413,0.095379,0.0057334,-0.14827,-0.060519,0.20102,0.26684,0.08795,0.2251,0.43158,0.22286,0.45993,0.44947,0.39849,0.23483,0.33832,0.51312,0.31473,0.019218,0.081924,0.10759,0.20509,-0.15787,0.038516,-0.0074621,0.1876,-0.054359,0.20234,-0.13786,0.176,-0.023534,0.30832,0.3983,0.32744,0.38563,0.015567,0.13255,0.22421,0.1763,0.051927,-0.079623,0.2003,0.11792,-0.10419,-0.091852,-0.066052,0.11514,0.022889,0.093835,0.033321,-0.09253,-0.086249,-0.10798,-0.1858,0.032625,-0.064923,0.13117,0.0053218,-0.013481,0.0049548,-0.048315,-0.13306,-0.018743,0.14571,0.074999,0.088703,0.02856,0.06611,-0.088883,-0.017834,0.027463,0.021108,0.048183,-0.045039,0.35854,0.27984,0.50354,0.32511,0.15486,0.0092245,0.027934,-0.12547,0.087695,-0.028383,-0.09757,-0.18216,0.11798,-0.029596,0.14969,0.32402,-0.033119,-0.096554,-0.14416,0.38231,0.51274,0.65086,-0.053036,0.03253,-0.028382,0.10852,0.068058,-0.0042236,0.060221,-0.068523,-0.028181,0.42729,0.37957,0.062689,0.1125,0.094065,0.031652,0.027441,-0.046637,0.084389,0.32583,0.15332,0.11269,-0.084922,-0.085141,-0.1285,0.36297,0.25009,-0.085699,0.089791,0.16827
0.085165,0.0042226,0.095848,0.18023,0.073196,0.10554,0.017748,-0.027136,-0.01337,-0.080687,-0.034772,-0.065803,0.14054,0.035569,0.062312,0.14712,0.074798,0.073754,0.18783,0.22299,0.10662,0.078688,0.2048,0.16669,0.18726,0.089279,0.056426,0.15701,-0.073214,-0.042483,-0.27221,0.065321,0.36931,0.23399,0.025554,-0.04211,0.14256,-0.011829,0.072424,0.059724,0.11189,0.096247,0.10126,-0.18172,-0.072809,0.24255,-0.023281,0.14759,0.4878,0.63396,0.16731,0.41465,0.32298,0.4485,0.13571,0.058367,-0.037731,0.19177,-0.0078934,-0.0050706,0.11608,-0.076234,-0.19276,-0.010365,0.074977,0.017197,-0.0069267,0.054717,-0.022697,0.13816,0.15361,0.082877,0.14283,0.010826,0.062585,-0.029094,0.037852,-0.019718,-0.013511,0.064149,0.053271,0.030078,0.19869,0.17844,0.099782,0.30398,0.51468,0.22919,0.097238,0.17396,0.38983,-0.076008,-0.24298,-0.12185,0.07336,0.1735,-0.23801,-0.071688,-0.077287,-0.01629,-0.13605,-0.006968,-0.1562,-0.11361,-0.24239,0.088533,0.26008,0.17165,0.16063,-0.058406,0.093727,0.14026,0.1041,-0.11601,-0.043643,0.21952,0.15573,-0.01976,0.099099,0.066525,0.059886,0.15359,0.045106,-0.038838,0.039076,0.056822,-0.19369,-0.046178,-0.035075,-0.16402,0.054737,-0.081294,0.080776,0.084599,0.017754,-0.045501,0.035042,0.20215,0.16645,0.27136,0.11212,-0.075344,0.088707,0.055003,-0.010281,0.18567,0.13876,0.0084551,0.21481,0.29868,0.38897,0.26206,0.26101,0.18977,0.18566,0.050659,0.098122,0.16514,0.20284,0.2717,0.26679,0.16505,0.013093,0.22831,0.096757,-0.10958,-0.28819,0.053931,0.59613,0.4869,0.18839,0.087065,0.064741,0.11173,0.12562,0.17777,0.11348,0.059628,0.13893,0.32514,0.21279,0.022943,0.00015206,0.025307,-0.068675,-0.015775,0.053699,-0.20443,0.1055,-0.092605,-0.028826,0.088229,-0.0072384,0.0090514,0.35512,0.13852,0.014325,0.03844,-0.065151,0.13962,0.080346,0.075945,0.16153,0.10482,0.21513,0.22657,0.06195,0.11223,0.085165,-0.061819,0.010699,-0.033083,0.29472,0.43326,0.023852,-0.074696,0.17208,0.072589,0.15247,0.15501,0.11579,0.12078,0.17723,0.057763,0.006067,0.21915,0.23836,0.18969,0.51606,1,0.09845,0.47181,0.2857,0.51928,-0.0065521,0.054468,0.0036082,0.064765,0.12217,0.069228,0.059263,-0.022247,-0.1519,0.038041,-0.071466,0.071358,0.036352,-0.080555,0.12154,0.087535,0.14981,0.11081,0.13051,0.059259,-0.060708,0.10765,0.029313,-0.057421,0.014374,0.24054,0.29626,0.08708,0.28315,0.47046,0.38451,0.34944,0.50536,0.33713,0.068061,0.24585,0.46065,0.27641,0.004413,0.11883,0.16208,0.14803,-0.098294,0.05236,0.10642,0.26136,0.083571,0.21006,-0.12038,0.13753,-0.0033477,0.20578,0.32759,0.2475,0.27697,0.049533,0.17845,0.11713,0.15481,0.12408,0.037299,0.29621,0.044396,-0.022061,0.058261,0.013853,0.21433,0.059506,0.16014,0.10248,-0.086807,0.047935,-0.042856,-0.11657,0.039472,-0.017068,0.11653,0.00049548,0.013162,0.015628,0.0039489,-0.049535,0.014412,0.20514,0.050529,0.21649,0.064639,0.096856,-0.015577,0.058189,0.17068,0.097564,0.099049,0.038065,0.34416,0.28915,0.38795,0.24127,0.13256,0.031533,0.092403,-0.095844,0.18304,0.045917,-0.031118,-0.077005,0.31628,0.23734,0.12248,0.28953,0.096043,-0.07524,-0.14268,0.3027,0.46736,0.63552,-0.014924,0.13644,0.11286,0.20338,0.21399,0.048529,0.18968,0.043011,0.038353,0.35696,0.45465,0.14286,0.13194,0.16254,0.055188,0.040481,0.020139,0.1109,0.28732,0.10115,0.097244,-0.028658,-0.041935,0.003126,0.40218,0.22065,0.0024025,0.10254,0.22357
-0.0019593,-0.013196,0.10058,0.087568,0.037981,0.030679,0.15976,0.11342,0.041377,-0.041609,0.081437,0.081939,0.16488,0.1269,0.088591,0.087411,0.10891,0.23089,0.16863,0.16222,0.048353,0.091709,0.1312,0.11195,0.13166,0.065599,0.072267,0.1431,-0.005056,-0.021107,-0.01502,0.058287,0.20021,0.19107,0.045774,0.048346,0.043928,0.069111,0.063942,0.096366,0.1257,0.055522,0.11927,0.12128,0.14309,0.081661,0.093833,0.10303,0.10586,0.15064,0.27683,0.1107,0.19121,0.19612,0.070918,0.10166,0.13291,0.033674,0.11064,0.067844,0.095908,-0.0031462,0.058784,0.048784,0.10481,0.0648,0.049348,0.087016,0.018879,0.081962,0.13286,0.12599,0.078565,0.087009,0.03514,0.067645,0.055795,-0.0017433,0.026729,0.14772,0.15856,0.076093,0.22812,0.14887,0.15179,0.13755,0.10385,0.21339,0.17344,0.25731,0.18486,0.22013,0.0058503,0.015409,0.1702,0.10266,0.021678,-0.0026857,-0.0050138,0.058148,-0.012379,0.050065,0.088035,0.010656,0.13899,0.2208,0.12446,0.12393,0.13724,0.18725,0.07596,0.086682,0.12763,0.019621,0.023557,-0.001453,0.15828,0.056295,0.026775,0.069645,0.046864,0.082558,0.099957,0.072356,0.065159,0.10546,0.0080205,-0.0065845,0.025332,0.099045,0.02744,-0.019371,-0.025167,0.040466,0.076511,-0.010858,-0.0089181,0.035054,-0.0072151,0.044084,-0.016145,-0.049227,0.065876,-0.049049,0.068442,0.0038709,-0.044637,0.013894,0.20386,0.071494,0.096596,0.085589,0.11302,0.062106,0.062115,-0.01306,0.068333,0.0183,-0.0048781,-0.0091072,0.15872,0.051777,0.086795,0.082672,0.018411,0.016568,0.044749,0.19629,0.16559,0.12033,0.059329,0.096857,0.095699,0.049502,0.015271,0.02554,0.093025,0.078307,0.034687,0.21265,0.066536,0.056924,0.010764,0.084278,-0.023658,0.017721,0.057407,0.013732,0.10873,0.091014,0.029082,0.12001,0.15101,0.053161,-0.035752,0.20529,0.03758,0.067225,0.18467,0.14794,0.029869,0.039978,0.092921,0.11313,0.094185,0.11937,0.056932,0.10012,0.00081581,0.012011,0.0055927,0.0663,0.25582,0.28954,0.043597,0.02202,0.055708,0.074886,0.081395,0.069796,0.055972,-0.027414,0.12293,0.028974,0.05926,-0.012926,0.039947,0.07275,0.13627,0.09845,1,0.058625,0.24113,0.19476,0.034065,0.044998,0.18409,0.083223,0.036932,0.07304,0.060759,0.065863,0.055808,0.041827,0.019982,0.082187,0.016518,0.011133,0.038623,0.055971,0.10541,0.10913,0.12625,0.04086,0.08265,0.14969,0.12601,0.13031,0.10446,0.22853,0.26406,0.17792,0.23129,0.14681,0.098706,0.236,0.16616,0.1756,0.17428,0.25737,0.16701,0.18013,-0.041214,0.026621,0.045041,0.098491,0.032878,0.058551,-0.065538,0.014634,-0.018399,0.11639,0.10983,0.12481,0.19245,0.21937,0.097744,0.13687,0.22122,0.21612,0.14242,0.086896,0.10173,0.082897,-0.035721,0.051689,0.10191,0.087433,0.090783,0.085646,0.030554,0.033362,0.022248,0.038308,0.015339,0.038572,0.15975,0.11531,-0.03258,0.13068,0.10692,0.019834,0.05668,-0.0039617,0.060655,0.024142,0.055792,0.071751,0.087841,0.072175,0.01417,-0.095673,0.038935,-0.08701,0.072421,-0.020908,-0.0017046,0.014001,0.17568,0.0078621,0.13513,0.15632,0.1458,0.13599,0.0025971,-0.01028,0.062537,0.012651,0.079527,-0.022966,0.10775,0.073846,0.091754,0.12262,0.01362,0.092999,0.054276,0.28283,0.17191,0.18958,0.041031,0.044295,0.040183,-0.0029042,0.067909,0.038166,0.094691,0.047116,0.060057,0.18548,0.16818,0.08641,0.068449,0.06354,0.098844,0.056312,0.045397,0.13958,0.22043,0.094137,0.11081,0.077515,0.11196,0.002895,0.07698,0.02614,0.038701,0.21791,0.19438
0.024171,0.0069348,0.11844,0.12741,-0.0060098,0.013453,-0.029953,-0.065194,-0.024148,-0.054513,-0.10438,-0.098468,-0.031086,-0.0095005,0.021205,0.078767,-0.034016,-0.11117,0.16467,0.00049855,0.021333,-0.038825,-0.015552,0.0014958,0.0031021,-0.033581,0.00060438,-0.026591,-0.10345,-0.023732,-0.22478,-0.080677,0.15774,0.03121,-0.048911,0.021018,0.065381,-0.064602,-0.031505,-0.032061,-0.059949,0.023445,-0.086002,-0.24159,-0.11347,0.07572,-0.13418,-0.076085,0.39148,0.3309,0.036726,0.31679,0.20065,0.28158,-0.053302,-0.13861,-0.18156,0.015622,-0.060281,-0.14399,-0.10019,-0.14055,-0.2256,-0.14306,-0.1241,-0.074913,0.065856,-0.032262,-0.038764,0.0068494,0.0052797,-0.052328,-0.011115,-0.13215,0.0407,-0.098741,0.010949,0.013991,-0.11817,0.066251,-0.041133,-0.15665,0.054857,0.16186,-0.0081701,0.14462,0.34308,0.19485,0.086455,0.21682,0.28066,-0.17701,-0.29893,-0.070638,0.038434,-0.0036166,-0.24733,-0.15859,-0.14814,-0.11326,-0.15996,-0.080716,-0.23242,-0.21834,-0.26067,0.074137,0.23581,0.10243,0.14173,-0.20465,-0.031212,0.10241,0.065775,-0.099574,-0.16159,0.068664,0.093504,-0.059995,0.0013588,-0.054585,-0.049927,0.032694,-0.051986,-0.10257,-0.058615,-0.099572,-0.22881,-0.083689,-0.037032,-0.22419,0.049976,-0.068791,0.020714,-0.0051198,0.013939,-0.040793,0.082989,0.080117,0.058025,0.015395,0.078672,0.030017,-0.04197,-0.020097,-0.063136,0.0088556,0.13648,-0.07629,0.065653,0.26942,0.31877,0.099795,0.16788,0.038382,0.0025512,-0.096232,0.090475,0.014684,0.12076,0.16565,-0.033514,-0.076333,-0.14138,0.095002,-0.028242,-0.12319,-0.30868,-0.1234,0.40377,0.3043,0.0039199,-0.036784,0.026126,0.036999,0.040878,0.14928,-0.003524,-0.03547,-0.010119,0.20334,0.089688,-0.016281,0.058628,-0.00097262,-0.011108,-0.063926,-0.03694,-0.31446,-0.089105,-0.11357,-0.015212,-0.045877,-0.10935,-0.05607,0.31125,0.027212,-0.074183,-0.05228,-0.048273,-0.054434,0.0015268,-0.039006,-0.025197,-0.082081,-0.017522,-0.017214,-0.022947,-0.04861,0.015575,-0.15342,-0.01561,-0.10538,0.18269,0.20711,-0.0074807,-0.11873,-0.011983,-0.050617,0.026258,0.0058851,0.043246,0.02269,-0.0079,0.056118,0.046479,0.078406,0.090771,0.14183,0.49777,0.47181,0.058625,1,0.28,0.38946,-0.058815,-0.089658,-0.084008,-0.037875,0.032512,-0.10847,-0.10405,-0.068822,-0.2138,-0.15106,-0.16718,-0.036364,-0.018277,-0.10574,0.034244,-0.012637,0.021909,-0.044963,-0.019358,-0.050627,-0.080709,-0.01681,-0.033093,-0.1907,-0.12989,0.16965,0.15374,-0.0017882,0.24069,0.39902,0.235,0.32299,0.31329,0.37584,0.18315,0.27572,0.44759,0.092636,0.043935,0.12096,0.12883,0.088877,-0.18232,-0.020398,-0.0039388,0.10948,-0.06931,-0.026485,-0.22419,-0.019049,-0.14593,0.24214,0.31112,0.12009,0.26337,-0.080099,0.036011,0.13691,0.15382,-0.073649,-0.0796,0.10135,-0.0040965,-0.10056,-0.073376,-0.033965,0.045612,-0.038485,0.072265,0.0036033,-0.054344,-0.072638,-0.17898,-0.18208,0.008335,-0.17494,0.079093,-0.037095,-0.0685,-0.031195,-0.06885,-0.15332,0.014703,0.042495,0.066523,0.077756,0.029781,0.073877,-0.043431,0.038447,0.026296,0.021494,0.047928,0.0050946,0.2278,0.24383,0.46249,0.18275,0.072669,0.058743,0.064493,-0.13283,0.073787,-0.00023852,-0.12189,-0.15639,0.038681,-0.066862,-0.054163,0.10357,-0.063284,-0.14253,-0.19056,0.12349,0.37353,0.49567,-0.074235,0.018002,-0.022336,0.051657,0.035797,0.01468,0.027515,-0.023908,0.037707,0.29856,0.22019,-0.0043487,0.081857,0.051661,-0.0076354,-0.058234,0.0039435,-0.047498,0.16651,0.026008,0.08933,-0.05312,-0.11184,-0.068087,0.33944,0.18359,-0.071684,-0.0029494,0.022598
-0.027727,0.023365,0.14971,0.12409,0.045218,0.035462,0.11954,0.040666,0.029659,-0.032398,-0.00088221,-0.0026303,0.079806,0.064887,0.082064,0.034275,0.063696,0.074805,0.21356,0.031822,0.038935,0.018413,0.030658,0.030548,0.044429,-0.022457,0.051083,0.038634,-0.13637,-0.042082,-0.11258,-0.014171,0.17396,0.062336,0.023312,0.027638,0.044546,-0.0005317,0.041534,0.035918,0.040878,0.060202,0.031441,-0.10724,-0.053456,0.074206,-0.032274,-0.018836,0.27078,0.2591,0.16772,0.26901,0.28233,0.26261,0.013156,-0.05786,-0.094139,0.016318,0.061839,-0.028377,-0.060681,-0.14258,-0.18763,-0.11572,-0.073496,-0.012258,0.034784,0.01159,-0.05382,0.027852,0.063697,0.029639,0.01532,-0.028454,0.0028983,-0.031899,0.031533,-0.053459,-0.11595,0.098129,0.038119,-0.028004,0.15703,0.20746,0.11633,0.20868,0.24096,0.21568,0.23666,0.27841,0.28996,0.079511,-0.17949,-0.022998,0.12338,0.1053,-0.1475,-0.088287,-0.059492,0.0409,-0.098489,0.044256,-0.16024,-0.090583,-0.17114,0.17403,0.15949,0.14209,0.1253,-0.021313,0.05498,0.040845,0.0894,-0.066516,-0.15041,0.056541,0.18074,-0.034376,0.022001,0.019402,0.010323,0.062545,0.067502,-0.024943,-0.018239,0.029262,-0.14899,-0.11456,0.045833,-0.088851,0.060851,-0.094181,-0.045298,-0.027043,-0.026244,-0.11206,0.06866,0.045415,0.056898,0.035241,-0.0016042,0.068759,0.080552,0.0082644,-0.03089,0.0050491,0.044709,-0.023361,0.10974,0.14004,0.1957,0.15403,0.14623,0.037921,0.061056,-0.11713,0.062903,0.052856,0.042461,0.051452,0.0068795,-0.059598,-0.05223,0.089946,-0.0042429,-0.079205,-0.20998,0.028529,0.30505,0.24929,-0.0040787,0.028377,0.021851,0.074745,0.046863,0.073718,0.020986,0.016305,-0.011574,0.20882,0.09452,0.0275,0.052202,0.070696,-0.025707,-0.012403,0.0069354,-0.18029,0.034332,0.063673,-0.0109,0.065565,0.074624,0.037989,0.11445,0.1529,0.0069019,-0.041871,0.099688,0.031853,0.016133,0.027815,0.0016723,0.0025223,0.03743,0.0093594,0.046524,0.038123,-0.044142,-0.10469,0.050418,-0.040234,0.23398,0.26454,0.031204,-0.048298,-0.010512,-0.0043511,0.034889,0.025543,0.04757,-0.061373,0.052848,0.090683,0.10848,0.014107,0.079866,0.12109,0.30954,0.2857,0.24113,0.28,1,0.3205,0.029559,-0.048125,0.0023632,0.059459,0.043507,-0.052605,-0.083368,-0.053727,-0.1482,-0.11237,-0.094335,-0.0068874,-0.017878,-0.056461,0.051434,0.03594,0.047476,0.049494,0.0046779,-0.040996,0.004673,0.01922,0.059965,-0.050467,-0.025765,0.1826,0.21418,0.12711,0.27549,0.29344,0.19103,0.28982,0.2381,0.268,0.2336,0.30749,0.39443,0.18124,0.0052812,0.13311,0.088891,0.156,-0.13734,0.091365,-0.0094437,0.14615,-0.023472,0.080947,-0.16824,0.080233,-0.049971,0.26537,0.19215,0.16097,0.25442,0.08209,0.091561,0.10244,0.090655,-0.015787,-0.13383,0.12674,0.13992,-0.015465,0.034171,-0.018064,0.023746,-0.015733,0.048933,-0.014203,-0.026397,-0.0050159,-0.10035,-0.092788,-0.046483,-0.017852,0.087787,-0.056696,-0.056608,-0.06132,-0.067282,-0.10798,0.10166,0.072484,0.088434,0.0362,0.017119,0.03235,0.036719,-0.0021975,0.084715,0.060758,0.037984,0.062454,0.23429,0.12623,0.33012,0.24417,0.18146,0.095115,0.039911,-0.10245,0.085588,0.062004,-0.013431,-0.10756,0.030559,-0.016045,0.018679,0.19712,-0.013109,-0.073695,-0.12747,0.26913,0.31947,0.39943,-0.010414,0.029811,0.0052564,0.03057,0.040442,0.033523,0.034352,0.0272,0.072668,0.27335,0.22483,-0.002537,0.072538,0.067617,0.1089,-0.017954,0.057372,0.033563,0.21899,0.15264,0.14401,0.037503,0.073377,0.017443,0.21739,0.12049,0.016329,0.084784,0.058386
0.12239,-0.023286,0.14071,0.15416,0.14045,0.18873,0.10233,0.097581,-0.034323,-0.07085,0.025797,0.041418,0.23627,0.04644,0.1005,0.19981,0.10142,0.16786,0.19925,0.26778,0.19642,0.11143,0.22525,0.17684,0.22371,0.11521,0.037772,0.20755,-0.043547,-0.055638,-0.25532,0.10087,0.34756,0.24524,0.078182,0.024107,0.1569,0.060788,0.059799,0.12917,0.19962,0.18891,0.11925,-0.09239,0.090643,0.2144,0.064011,0.13055,0.40072,0.48838,0.2454,0.39453,0.31606,0.48521,0.17414,0.15509,0.01986,0.16418,0.019824,0.01811,0.14359,0.033236,-0.16309,0.038606,0.13263,0.044611,0.017442,0.1086,0.012043,0.11024,0.17278,0.1151,0.17676,0.10747,0.025475,0.0059118,0.032083,-0.049066,0.065837,0.11171,0.15517,0.03277,0.27403,0.20303,0.13576,0.26521,0.3971,0.35603,0.076102,0.28829,0.40765,-0.026351,-0.11375,-0.053476,0.1264,0.18237,-0.17704,-0.11547,-0.11481,-0.084462,-0.18427,-0.057564,-0.097964,-0.13117,-0.085042,0.13627,0.34591,0.22132,0.18315,0.056947,0.1453,0.15705,0.20062,-0.14005,-0.0098418,0.12098,0.15205,0.03261,0.042225,0.083539,0.074846,0.13446,0.073278,0.08083,0.070359,0.12461,-0.1476,-0.0079849,-0.098627,-0.14403,0.0094002,-0.047179,0.055192,0.13255,0.086862,-0.039986,-0.0098875,0.17286,0.1667,0.19671,0.069744,-0.14804,0.16639,0.078033,0.033387,0.18255,0.079742,0.031723,0.29231,0.34146,0.45557,0.22804,0.32682,0.23275,0.27827,0.029768,0.10495,0.19038,0.14398,0.23305,0.26435,0.092848,0.00089878,0.15058,0.032326,-0.078033,-0.21598,0.082246,0.55677,0.40537,0.20693,0.095526,0.086919,0.064929,0.15771,0.1694,0.11849,0.11708,0.11093,0.36279,0.091475,0.026733,0.022137,0.081692,-0.068688,-0.010941,0.053347,-0.10507,0.08173,-0.078831,-0.035838,0.086199,0.032513,0.10183,0.22233,0.18163,0.047312,0.13025,-0.0034488,0.14296,0.049644,0.070339,0.17206,0.12815,0.25225,0.24503,0.057193,0.16545,0.031493,-0.034238,0.079891,0.00021702,0.25051,0.40919,0.014978,-0.073796,0.23109,0.10857,0.16272,0.15135,0.076179,0.073937,0.24457,0.11504,0.085419,0.18331,0.27087,0.16197,0.52725,0.51928,0.19476,0.38946,0.3205,1,0.0087648,0.083705,0.091003,0.070351,0.09611,0.11637,0.060525,-0.031647,-0.1246,-0.036582,-0.14862,0.096388,0.020363,-0.085986,0.10701,0.071134,0.14378,0.16649,0.16509,0.0587,-0.016425,0.11293,0.03729,0.047315,0.11143,0.32212,0.40406,0.062861,0.27762,0.48304,0.34433,0.42875,0.50644,0.41859,0.19815,0.34881,0.41188,0.28309,0.01583,0.16611,0.18055,0.17166,-0.060615,0.053361,-0.011553,0.18316,-0.0069354,0.20064,-0.069139,0.16207,0.18044,0.25354,0.42759,0.2629,0.39793,0.14781,0.20021,0.11363,0.20836,0.094292,-0.043171,0.26343,0.043767,-0.034704,0.08818,0.039759,0.18178,0.11026,0.094956,0.065447,-0.1239,0.16927,0.061265,0.0010971,0.036782,0.12391,0.20329,0.025829,0.081233,0.064337,-0.012933,-0.028336,0.036632,0.27254,0.12395,0.20624,0.0084488,0.081479,0.040959,0.039907,0.16217,0.065324,0.1736,0.071659,0.37059,0.32381,0.41934,0.22348,0.22848,0.025133,-0.011617,-0.13748,0.11025,0.083551,0.012827,-0.14628,0.22126,0.11837,0.11303,0.22843,-0.0084622,0.00314,-0.14562,0.33474,0.5065,0.60164,0.0028221,0.14035,0.15788,0.19007,0.20247,0.06246,0.155,0.031097,-0.055811,0.52397,0.45394,0.15642,0.2049,0.20196,0.14214,0.086463,0.025768,0.1313,0.32953,0.10032,0.18094,0.0673,0.0091463,0.043872,0.43006,0.18775,0.061189,0.20325,0.31622
0.11095,0.081048,0.15607,0.09463,0.083801,0.04689,0.14386,0.1181,0.03986,-0.014607,0.073738,0.056787,0.23345,0.16651,0.22816,0.044127,0.10159,-0.0025112,0.10541,0.23155,0.34742,0.25204,0.2919,0.22602,0.30716,0.21231,0.46879,0.44154,0.18677,0.15085,0.16868,0.27207,-0.069236,-0.12235,0.25677,0.22058,0.25856,0.25086,0.26146,0.30631,0.25504,0.27193,0.15429,0.17085,0.11853,0.15301,0.19436,0.081746,-0.11399,0.0054371,0.042065,0.012726,-0.023639,-0.089183,0.44743,0.10689,0.082098,0.28379,0.27847,0.19587,0.085337,0.18035,0.046933,0.084758,0.021757,0.16165,0.20742,0.24183,0.17571,0.41506,0.30177,0.45606,0.2325,0.24084,0.26073,0.097218,0.022224,0.016639,0.047506,0.011168,-0.017413,-0.0027896,0.030843,0.045766,0.12266,-0.057593,-0.056869,0.081224,0.060647,0.0053647,-0.032776,0.043357,0.10737,0.091204,0.0038408,-0.066995,0.13985,0.1664,0.19188,0.10715,0.049062,0.010982,-0.017413,0.0062171,-0.012296,-0.007529,-0.052227,-0.097473,-0.16547,0.0075822,0.11509,-0.093449,0.03582,0.046429,0.14088,-0.047345,-0.030289,0.20629,0.30474,0.22647,0.17998,0.10155,0.2824,0.18846,0.11989,0.24442,0.073898,-0.04864,0.15353,0.015739,0.036776,0.018061,-0.08278,0.15561,0.20513,0.12078,0.026271,0.051335,0.052859,0.15808,-0.012742,0.13493,0.28389,0.33166,0.10839,0.036761,0.032161,0.21992,-0.023532,0.025662,-0.012852,-0.052246,-0.032625,0.099561,0.16639,0.030946,0.23714,0.13236,0.10442,0.21838,0.11475,0.17285,0.00026297,-0.022156,0.19502,0.13424,0.069735,-0.084736,0.04267,-0.1101,0.10666,0.11593,0.12465,0.042944,0.31223,0.21295,0.24398,0.27559,0.058007,-0.062307,-0.02751,0.081732,0.035831,0.08007,0.01374,0.097878,0.22656,0.073861,-0.057197,0.010157,0.061229,0.25799,0.29015,0.36753,-0.027401,-0.023431,0.087534,0.0086574,0.049827,0.26271,0.065449,0.25397,0.3133,0.3259,0.29452,0.24114,0.51445,0.49393,0.22955,0.17807,0.23346,0.25035,0.022723,-0.13199,0.18221,0.17035,0.27867,0.24903,0.24826,0.3286,0.24611,0.019288,0.23072,0.21202,0.2183,0.038396,0.23935,-0.045857,-0.08216,-0.0065521,0.034065,-0.058815,0.029559,0.0087648,1,0.13762,0.16396,0.3615,0.29866,0.20681,0.028172,0.18097,0.058308,-0.01313,0.1044,0.059577,0.15975,0.1628,0.10289,0.40388,0.24473,0.45898,0.2004,0.27538,0.25663,0.077865,0.025734,0.1735,0.15879,0.076042,0.065352,0.012067,0.090714,0.072295,0.026422,0.082899,-0.008755,0.095026,0.11144,0.11905,0.0020653,-0.0014738,0.19009,0.23191,0.12761,0.069336,0.14077,0.041838,0.11984,0.042109,0.12534,0.044057,-0.04859,0.040284,0.067225,0.082316,0.019009,-0.0072983,0.1041,0.024144,0.041443,0.0081745,0.031777,0.11067,0.058142,0.064433,0.059998,0.30772,0.35687,0.256,0.20593,0.09553,0.18689,0.11602,0.10314,0.27641,0.063734,0.088635,0.061611,0.05626,-0.021528,-0.018342,0.05399,0.046409,0.15684,0.13163,0.12572,0.091011,0.099717,0.13012,0.10936,0.10768,0.25123,0.3044,0.13401,0.10066,0.19773,0.34674,0.13462,0.17992,0.066808,0.048634,0.09499,0.14202,0.043298,0.056424,0.21428,0.33589,0.20166,0.0041219,0.12261,0.16477,-0.041288,-0.063775,0.13175,0.096035,-0.014283,0.024037,0.11054,-0.0056448,0.18161,0.14917,0.168,0.074219,0.31106,0.20438,0.23553,0.1678,0.17896,0.083144,0.012105,0.18403,0.035305,0.032011,0.09142,0.094934,0.22028,0.028672,0.021469,0.074327,0.11372,0.26276,0.2346,0.40818,0.16314,-0.039659,0.21901,0.059876,0.053672
0.095748,0.011592,-0.045404,0.10824,0.067455,0.1661,0.10237,0.12134,0.0070898,-0.01238,0.13817,0.077347,0.2269,0.15448,0.15069,0.11915,0.13273,0.28146,0.078142,0.32825,0.12615,0.23686,0.30676,0.26809,0.25359,0.19596,0.16314,0.26369,0.26642,0.11101,0.02247,0.25927,0.24212,0.25779,0.14561,0.052289,0.16883,0.15255,0.13744,0.1352,0.19645,0.11393,0.23318,0.3059,0.15035,0.22273,0.10358,0.3162,0.0043379,0.13933,0.15439,0.055784,0.085244,0.10342,0.2737,0.37042,0.34283,0.24225,0.10789,0.20696,0.40582,0.26111,0.35378,0.4018,0.37769,0.2506,0.05761,0.21773,0.19132,0.22312,0.24733,0.21811,0.22925,0.31392,0.14411,0.20146,0.052993,0.14701,0.26899,-0.02042,0.14865,0.14589,0.12432,-0.013376,0.040567,0.024271,0.032275,-0.043893,-0.074749,-0.038923,0.031359,0.045348,0.23352,-0.08615,-0.036893,0.064253,0.23985,0.14909,0.12857,0.066302,0.17306,0.10441,0.37351,0.17981,0.28714,-0.037139,0.00082489,0.041624,0.0044464,0.18992,0.065141,0.056888,0.028381,0.14768,0.35023,0.10322,0.006586,0.17045,0.13534,0.15307,0.10986,0.19324,0.14995,0.19808,0.11684,0.23764,0.20533,0.15376,0.0069955,0.14877,0.026088,0.14216,0.12814,0.10359,0.18813,0.24786,-0.10505,0.19209,0.11057,0.19887,0.052914,-0.058004,0.15032,0.11306,0.058839,0.12964,0.032864,0.092511,0.10173,0.047483,-0.011057,0.10521,0.07215,0.16771,0.16175,0.25974,0.1143,0.13623,0.13345,0.1404,0.33014,0.28036,0.2566,0.1984,0.18934,0.22189,0.31153,0.22548,0.031508,0.036938,0.28165,0.1029,0.085359,0.0065326,0.076156,0.11216,0.20827,0.17417,0.1241,0.091933,0.088876,0.10559,0.016018,-0.03765,0.014911,0.11272,0.082721,0.20596,0.20171,0.032532,0.03189,0.20071,0.14979,0.16587,-0.01808,0.067112,0.15027,0.22354,0.045307,0.27844,0.17582,0.18967,0.25953,0.27554,0.28907,0.27403,0.1575,0.23335,0.18472,0.21752,-0.04641,0.18992,0.090654,0.18072,0.11909,0.17702,0.24033,0.2111,0.16311,0.17107,0.17672,0.20228,0.27198,0.052548,-0.09039,0.20245,0.11685,0.1094,-0.0068858,0.054468,0.044998,-0.089658,-0.048125,0.083705,0.13762,1,0.31714,0.12779,0.16173,0.28727,0.42416,0.1994,0.28447,0.30213,0.2172,0.25817,0.14626,0.15706,0.19189,0.12015,0.2283,0.216,0.18777,0.27462,0.10077,0.19973,0.12384,0.25691,0.26465,0.043623,0.12831,0.041014,-0.027983,0.0096441,0.059239,-0.023701,0.085498,-0.084475,-0.13789,-0.052904,-0.069157,0.061278,-0.016675,-0.06411,0.00075827,-0.036265,0.24726,-0.06762,0.11216,0.017804,0.17436,0.17585,0.33023,0.13162,0.30045,-0.093797,0.014905,0.078682,0.026189,0.19417,0.098323,0.0080345,-0.030627,0.25208,0.26551,0.095205,-0.001038,0.23358,0.17093,0.10365,0.22394,0.080864,0.16519,0.2692,0.05033,0.11698,0.27292,0.18675,0.063896,0.15659,0.060032,0.16524,0.16227,0.080704,0.22172,0.28501,-0.054147,0.13517,0.013049,0.15616,0.034429,-0.0024073,0.055251,0.021794,0.049143,0.031293,0.022773,0.018028,0.056012,0.050432,-0.11918,0.043492,0.015964,0.0066526,0.074477,0.19348,0.21016,0.040406,0.19707,0.18537,0.24979,0.24519,0.2053,0.1192,0.20619,0.27825,0.25988,0.086619,-0.010909,0.0074161,0.19197,0.12257,0.092208,0.060223,0.18056,0.11587,0.23249,0.1155,-0.001455,0.017859,0.13139,0.25711,0.02287,0.099648,0.019961,0.19285,0.044536,0.13936,0.15,-0.013669,0.0091883,0.059714,0.079597,0.13825,0.026872,0.03166,0.072614,0.17101,0.26516
0.088286,0.0029718,0.042944,0.05273,0.11263,0.13368,0.18667,0.19718,0.023456,-0.052588,0.15573,0.12021,0.34216,0.19387,0.19068,0.12735,0.14668,0.25459,0.15017,0.37056,0.24913,0.34286,0.35186,0.25684,0.33077,0.27106,0.24104,0.37405,0.29373,0.1651,0.14057,0.35906,0.11388,0.15693,0.26221,0.18074,0.24513,0.27793,0.24228,0.25252,0.25437,0.21758,0.26691,0.3564,0.26345,0.23415,0.2368,0.34907,-0.12438,0.083432,0.17772,-0.069204,0.031242,0.00076212,0.29135,0.33646,0.3774,0.18273,0.21466,0.16613,0.31712,0.29105,0.37849,0.39062,0.38234,0.2779,0.13874,0.34148,0.27555,0.29872,0.27994,0.33408,0.24174,0.26561,0.17773,0.20933,0.097614,0.13271,0.23768,0.067873,0.15794,0.12032,0.18207,0.083852,0.16333,-0.026768,-0.067796,0.031453,-0.056823,0.024204,0.043953,0.062342,0.24375,0.0071337,0.063706,-0.0080947,0.27824,0.235,0.22532,0.10832,0.22982,0.061001,0.31102,0.09921,0.31164,0.028008,0.024536,-0.0063178,-0.058515,0.19986,0.12999,0.011702,0.1154,0.15977,0.38246,0.0038483,0.033166,0.21119,0.15382,0.20056,0.12992,0.17933,0.21404,0.21005,0.15429,0.30262,0.17342,0.09842,0.042651,0.13574,-0.012786,0.11694,0.061706,0.16487,0.24528,0.25971,-0.032782,0.096177,0.045885,0.21096,-0.058003,-0.043724,0.22731,0.14996,0.14948,0.14297,-0.024554,0.078975,0.065785,0.0087616,-0.041139,0.045909,0.045346,0.18329,0.22274,0.32868,0.18018,0.15112,0.10227,0.22657,0.36852,0.37498,0.2232,0.10115,0.25781,0.20533,0.34482,0.1726,0.0011109,-0.050484,0.28126,0.16939,0.17055,0.077112,0.17695,0.13513,0.27565,0.33743,0.13074,0.041601,0.11159,0.13312,0.04793,0.10193,0.044351,0.12171,0.14971,0.23197,0.14985,0.027971,0.067742,0.21499,0.26816,0.26755,-0.11567,0.068519,0.077776,0.20105,0.1089,0.35023,0.18047,0.27978,0.36317,0.36436,0.31575,0.31097,0.25506,0.3445,0.28936,0.3056,0.045516,0.32848,0.10447,0.12098,0.14759,0.27803,0.31785,0.28935,0.23061,0.24637,0.1941,0.21771,0.28292,0.069667,0.022452,0.14759,0.14698,0.14556,-0.040392,0.0036082,0.18409,-0.084008,0.0023632,0.091003,0.16396,0.31714,1,0.12169,0.15827,0.22926,0.31777,0.2301,0.30284,0.26308,0.28606,0.25029,0.22784,0.22537,0.22254,0.22028,0.22982,0.3673,0.21074,0.22064,0.1855,0.2276,0.21575,0.358,0.32486,0.124,0.20336,0.12515,0.077499,0.083851,0.11377,0.089307,0.19755,-0.046229,-0.0027382,0.088438,0.0065944,0.11726,0.059689,0.016142,0.086464,-0.002234,0.34434,0.057151,0.20572,0.017949,0.28628,0.1962,0.35589,0.16934,0.38108,0.0077553,-0.0030651,0.075033,0.074201,0.24606,0.13923,-0.024785,0.027649,0.32874,0.29215,0.22834,0.10033,0.25202,0.28517,0.18672,0.17508,0.10845,0.16548,0.15013,0.11612,0.21033,0.32706,0.26436,0.071205,0.21382,0.046398,0.058083,0.17372,0.072537,0.27933,0.38143,0.062026,0.17955,0.052233,0.229,0.055765,0.002336,0.14588,0.040308,0.15109,0.087226,0.069826,0.14118,0.11998,0.050834,-0.08415,0.12266,0.12146,0.10925,0.14964,0.30351,0.31401,0.12462,0.23255,0.26844,0.30179,0.33426,0.2482,0.11647,0.31378,0.26818,0.32414,0.1479,0.0016474,0.022391,0.22968,0.15763,0.15282,0.12819,0.23146,0.19588,0.26624,0.19714,0.07152,0.040115,0.20997,0.26122,0.088925,0.14501,0.12273,0.16671,0.1002,0.2045,0.21638,0.057073,0.079075,0.1795,0.21117,0.24692,0.099731,-0.0056429,0.1791,0.2698,0.26887
0.092272,0.074023,0.19698,0.074133,0.11112,0.029369,0.16403,0.11465,0.054611,0.011246,0.045316,0.040715,0.23315,0.16269,0.15148,0.075829,0.072945,0.0034328,0.12884,0.14767,0.20693,0.18322,0.1867,0.17617,0.22498,0.14406,0.3231,0.33805,0.028233,0.030911,0.075142,0.16785,0.012473,-0.057584,0.15307,0.10446,0.15664,0.13109,0.17772,0.20641,0.17619,0.14294,0.15451,0.034168,0.10831,0.078887,0.12981,0.039757,-0.058825,0.070367,0.080851,0.061236,0.061909,-0.037236,0.3585,0.16532,0.064416,0.36966,0.23226,0.18408,0.16556,0.066742,-0.045696,0.074814,0.038668,0.13199,0.16737,0.17104,0.094687,0.32165,0.26465,0.32215,0.21404,0.25841,0.11898,0.097638,0.015089,-0.041302,0.0012554,0.039175,0.00047749,-0.0337,0.072593,0.079086,0.14064,-0.068153,-0.054147,0.091233,-0.0080224,0.0080994,0.015686,0.024133,0.022335,0.082652,-0.0043028,-0.052926,0.030387,0.039709,0.078094,-0.0062571,-0.063122,-0.03248,-0.069271,-0.034438,-0.069739,-0.049992,-0.02123,-0.064152,-0.1237,0.014644,0.10513,-0.092622,0.046868,-0.016905,0.088023,-0.10666,-0.032546,0.1224,0.19124,0.25678,0.16734,0.07528,0.23797,0.2135,0.10551,0.22867,0.018389,-0.10801,0.05593,-0.042781,-0.033556,-0.040494,-0.10417,0.12387,0.18653,0.062855,0.013379,0.033673,-0.004524,0.12838,0.019569,0.082057,0.27124,0.21867,0.056055,0.074717,0.034881,0.11831,-0.048161,0.086598,0.024886,-0.078723,-0.0022846,0.093484,0.12541,-0.010557,0.15451,0.031987,-0.032813,0.078481,0.098969,0.10547,-0.053774,-0.043214,0.084466,0.12276,-0.022636,-0.10897,0.045185,-0.069064,0.067555,0.11193,0.11089,0.075847,0.20485,0.11548,0.17466,0.15439,0.076281,-0.0088746,-0.046033,0.041894,0.08587,0.1243,0.0018006,0.058921,0.16656,0.037017,-0.061693,-0.078955,0.030329,0.15625,0.25308,0.24189,-0.054075,0.022659,0.04,-0.013241,0.087076,0.17989,0.091728,0.15697,0.19964,0.2191,0.19425,0.20048,0.37107,0.37307,0.089046,0.10369,0.23934,0.1931,0.038724,-0.038808,0.10756,0.13207,0.19968,0.16375,0.18144,0.23267,0.12437,0.060596,0.17922,0.1348,0.22162,0.012175,0.18424,-0.02235,-0.037244,0.064765,0.083223,-0.037875,0.059459,0.070351,0.3615,0.12779,0.12169,1,0.23087,0.21658,0.13334,0.11978,0.033936,0.049138,0.082071,0.12729,0.115,0.14724,0.033224,0.31163,0.25407,0.31506,0.23965,0.25857,0.20662,0.041892,0.0030836,0.14361,0.13768,0.10343,0.11664,0.0046924,0.12156,0.084626,0.076137,0.07585,0.054063,0.10023,0.089844,0.13673,0.052165,0.0010863,0.10163,0.19053,0.10414,0.048,0.077435,0.010597,0.072123,0.028535,0.016945,0.036277,-0.068692,0.042994,0.11287,0.067925,0.066052,-0.02209,0.089508,0.05006,0.043749,-0.076144,0.057361,0.095208,0.04301,0.077946,0.057814,0.17098,0.31418,0.26437,0.15158,0.058855,0.11965,0.075635,0.041909,0.26036,0.06671,0.077123,0.040289,0.081479,0.032416,-0.0028111,0.034535,0.050405,0.13585,0.11614,0.11902,0.068589,0.14606,0.067146,0.069337,0.094629,0.19474,0.18083,0.11023,0.1022,0.19968,0.27248,0.092854,0.17207,0.094376,0.031042,0.11641,0.13443,0.048504,-0.026693,0.11539,0.26623,0.14039,-0.018642,0.10089,0.13668,-0.041275,-0.034142,0.090488,0.063598,-0.058897,0.032033,0.092162,0.068768,0.12178,0.070138,0.15358,0.065365,0.24889,0.15762,0.18338,0.14166,0.13356,0.075604,0.045088,0.13902,0.016622,0.082908,0.099834,0.090831,0.1543,0.012821,0.043787,0.03937,0.13676,0.1887,0.20702,0.28253,0.16622,0.010625,0.16064,0.10423,0.054003
0.089146,0.096874,0.05206,0.093915,0.080876,0.085389,0.088009,0.056245,0.0071253,0.028018,0.038246,0.013432,0.28495,0.23234,0.20755,0.089743,0.088847,0.053597,0.14436,0.33268,0.38066,0.34322,0.37427,0.29997,0.39193,0.26529,0.48345,0.45513,0.24015,0.21245,0.078136,0.31092,0.14455,-0.006783,0.23605,0.18837,0.3736,0.26178,0.34195,0.335,0.29142,0.32176,0.18615,0.1145,0.113,0.22504,0.13827,0.17512,0.018754,0.19767,0.080728,0.13963,0.11693,0.060086,0.43668,0.15052,0.081349,0.29792,0.29416,0.23411,0.2327,0.18547,0.039198,0.13038,0.14977,0.24593,0.23831,0.25661,0.24216,0.53012,0.44272,0.4396,0.41856,0.28298,0.39655,0.10354,0.031061,0.068141,0.084803,-0.02081,0.0032118,0.014989,0.036662,0.071219,0.050584,0.016686,0.081961,0.07503,0.063505,0.05118,0.074275,0.012818,0.034559,0.024276,0.045646,0.034865,0.12421,0.16558,0.2073,0.13367,0.0796,0.024757,-0.024693,0.012339,-0.020254,0.034282,0.021967,0.015924,-0.039717,-0.016842,0.10089,-0.019923,0.010123,0.098351,0.20985,0.075047,-0.0098372,0.1611,0.33455,0.28492,0.20097,0.20198,0.24317,0.17746,0.1409,0.25405,0.030467,-0.021008,0.1115,-0.046749,0.059508,0.018798,0.045134,0.22804,0.33549,0.29712,0.013106,0.13551,0.090005,0.26273,0.059746,0.047774,0.27565,0.23178,0.046407,0.099716,0.15616,0.17673,0.046534,0.10106,0.13896,0.079845,0.094636,0.19582,0.26069,0.11778,0.34101,0.16628,0.18109,0.29097,0.23557,0.23368,0.037742,0.15978,0.27315,0.1829,0.063373,-0.04861,0.16535,0.017369,0.19993,0.11992,0.1492,0.069385,0.38752,0.35631,0.32094,0.28832,0.13752,0.049015,0.062734,0.11828,0.04266,0.016032,-0.032869,0.1258,0.22191,0.04112,-0.031027,0.024817,0.0502,0.2383,0.14486,0.31567,0.13931,0.014018,0.083198,0.043991,-0.0066806,0.3343,0.19853,0.32394,0.38598,0.35484,0.39034,0.38103,0.50949,0.48702,0.35385,0.2497,0.19591,0.23845,0.081186,-0.0034991,0.20459,0.1871,0.38503,0.2585,0.29932,0.41426,0.33985,0.1727,0.28993,0.2315,0.19375,0.098409,0.28213,0.021615,0.05616,0.12217,0.036932,0.032512,0.043507,0.09611,0.29866,0.16173,0.15827,0.23087,1,0.24254,0.20069,0.32424,0.075631,-0.013047,0.1403,0.24899,0.27826,0.19045,0.20941,0.53165,0.47507,0.44913,0.38505,0.37833,0.26778,0.16529,0.061023,0.099195,0.20066,0.058854,0.095089,0.06698,0.096632,0.15782,0.055385,0.15275,0.10369,0.12965,0.1169,0.13947,0.046038,0.10686,0.21898,0.21903,0.142,0.1178,0.22385,0.035617,0.19313,0.14338,0.17324,0.13787,-0.03441,0.10704,0.055514,0.14636,0.12404,0.080357,0.13446,0.030183,0.069785,0.016551,0.04356,0.25258,0.19525,0.11314,0.044178,0.29559,0.37207,0.27557,0.34748,0.11723,0.26809,0.27931,0.048125,0.2269,0.12394,0.036686,0.023768,0.024226,-0.013771,0.042344,0.12021,0.12329,0.26988,0.23915,0.090252,0.1581,0.054213,0.10673,0.11354,0.14815,0.11843,0.31977,0.063746,0.056967,0.20937,0.29346,0.23947,0.25003,0.11786,0.11945,0.11207,0.1472,0.11353,0.11057,0.32581,0.34809,0.246,-0.0045075,0.20055,0.20349,0.092193,0.076065,0.23075,0.17275,0.057616,0.1287,0.21856,0.12134,0.21356,0.19977,0.15409,0.061748,0.3866,0.29846,0.35817,0.15932,0.14885,0.070013,0.071509,0.31194,-0.023248,0.07773,0.056559,0.16083,0.23419,0.0836,0.02016,0.1347,0.13051,0.15055,0.15678,0.32421,0.19937,0.045356,0.1462,0.073523,0.12569
0.10139,0.071812,0.059784,0.093823,0.095804,0.15027,0.065064,0.11574,0.012513,-0.0045876,0.14217,0.087916,0.30766,0.15481,0.17389,0.15524,0.15978,0.13417,0.042031,0.31887,0.24839,0.28151,0.33606,0.26142,0.27987,0.20991,0.35933,0.43488,0.19544,0.058235,0.0058313,0.27474,0.13151,0.081922,0.15055,0.029577,0.19661,0.14552,0.14981,0.22791,0.23099,0.18283,0.26885,0.22467,0.15095,0.16354,0.19634,0.22685,-0.053401,0.15149,0.11099,0.065037,0.036328,0.033919,0.44013,0.37347,0.30256,0.32702,0.26136,0.26844,0.41594,0.20871,0.19255,0.28911,0.2662,0.24434,0.083657,0.19991,0.13969,0.41933,0.35343,0.41388,0.35051,0.40146,0.19629,0.19863,0.027899,0.051241,0.23152,0.024962,0.08027,0.10059,0.12559,0.01591,0.12929,-0.072394,-0.025958,0.063779,-0.055746,-0.045485,-0.025916,0.022934,0.18566,-0.0079875,0.0030226,0.026152,0.1747,0.11722,0.14817,0.048267,0.073125,0.0085255,0.1894,0.081625,0.16922,-0.079849,0.020637,-0.04952,-0.069897,0.17442,0.14866,-0.021551,0.089868,0.047564,0.31984,-0.039973,-0.087841,0.2144,0.25502,0.26764,0.21713,0.1792,0.27449,0.31036,0.22562,0.32538,0.1694,0.057285,0.035422,0.077654,0.018011,0.071618,0.07539,0.23716,0.2465,0.19802,-0.067361,0.076429,0.089743,0.23284,0.00081806,-0.048979,0.2863,0.20375,0.098051,0.153,-0.015277,0.14103,0.031003,0.04334,0.029269,0.026441,0.04729,0.18996,0.22336,0.20055,0.15222,0.11784,0.063257,0.15988,0.32464,0.26824,0.11689,0.062088,0.14375,0.24975,0.21761,0.055736,0.061819,-0.051959,0.21224,0.12603,0.11312,0.017349,0.17328,0.12146,0.21756,0.20636,0.14727,0.027449,-0.004045,0.080514,-0.015937,0.0937,0.018444,0.13948,0.20945,0.18447,0.04567,-0.016386,0.019292,0.24193,0.23205,0.29953,-0.034772,0.042342,0.16745,0.14901,0.035582,0.29981,0.21719,0.18239,0.31639,0.29193,0.29684,0.32974,0.34412,0.40736,0.16384,0.22553,0.10496,0.19525,0.010413,0.053132,0.09125,0.11396,0.31046,0.19733,0.15738,0.26161,0.13704,0.19795,0.31721,0.063859,0.063885,0.11095,0.22198,-0.042829,-0.041037,0.069228,0.07304,-0.10847,-0.052605,0.11637,0.20681,0.28727,0.22926,0.21658,0.24254,1,0.30882,0.22611,0.19561,0.19098,0.13283,0.24236,0.15543,0.15655,0.061281,0.2984,0.29986,0.38598,0.30087,0.34637,0.18909,0.2526,0.12911,0.35279,0.29382,0.12508,0.17389,0.02835,0.057233,0.053683,0.10433,0.038259,0.11556,0.019095,-0.045751,0.037689,-0.048806,0.0099728,0.066681,0.096569,0.1058,0.011719,0.24317,-0.012962,0.12632,0.054774,0.17663,0.10406,0.18093,0.052939,0.24371,-0.045502,0.07256,0.034117,0.061262,0.16215,0.15298,-0.033164,0.036354,0.20388,0.18458,0.15563,-0.023622,0.30976,0.36501,0.23226,0.26354,0.11488,0.15726,0.30519,0.076295,0.27095,0.26048,0.24777,0.07477,0.19502,0.074028,0.10076,0.21583,0.10552,0.24013,0.25806,0.031843,0.15983,0.089484,0.16644,0.063013,0.03235,0.19423,0.18399,0.17743,0.011937,0.15889,0.19156,0.10689,0.15221,-0.018478,0.012828,0.062875,0.069605,0.0037044,0.10541,0.13209,0.198,0.26705,0.12088,0.25625,0.25331,0.051319,0.0031729,0.14601,0.25242,0.1393,0.037669,0.08013,0.049714,0.15713,0.1384,0.17914,0.10198,0.26686,0.17105,0.22039,0.11116,0.0559,0.063477,0.12964,0.26607,0.056542,0.12095,0.07971,0.18809,0.15863,0.13347,0.06194,-0.0091611,0.071164,0.15006,0.18121,0.26354,0.1288,0.0045237,0.20637,0.17302,0.26083
0.028594,-0.022805,-0.072884,0.049101,0.042877,0.14893,0.043158,0.079816,-0.033172,-0.013686,0.11939,0.036437,0.23728,0.12219,0.10434,0.11313,0.062765,0.24545,0.044488,0.29289,0.1113,0.24204,0.28403,0.26116,0.24213,0.18089,0.10421,0.19822,0.2196,0.077414,-0.070287,0.26812,0.24256,0.31568,0.10469,0.024011,0.18461,0.10257,0.12276,0.093642,0.14958,0.079767,0.2059,0.30123,0.10344,0.22093,0.072836,0.43359,-0.037449,0.14999,0.12474,0.029847,0.089552,0.083772,0.22565,0.39949,0.42373,0.28932,0.084648,0.19854,0.69255,0.28291,0.4305,0.59763,0.54301,0.48862,0.14893,0.23457,0.23342,0.25628,0.38429,0.13503,0.38195,0.41017,0.23292,0.24634,0.070881,0.14756,0.30018,0.0023112,0.12537,0.098459,0.072949,-0.062216,-0.040774,-0.08314,0.019529,-0.10904,-0.20446,-0.11087,-0.0015081,-0.093212,0.18826,-0.066705,-0.10902,-0.00026724,0.23921,0.10991,0.072046,-0.039784,0.20665,0.021406,0.42033,0.13188,0.25606,-0.15221,-0.016872,0.027146,0.031882,0.12186,0.067699,-0.00035985,0.020059,0.24135,0.50298,-0.00090147,-0.067725,0.14782,0.10431,0.21017,0.095034,0.1949,0.11003,0.26894,0.12205,0.21382,0.22448,0.18859,-0.071567,0.083887,-0.0014813,0.18718,0.15051,0.22021,0.37812,0.42722,-0.11349,0.13881,0.090974,0.16866,0.044982,-0.14042,0.1407,0.017302,0.085062,0.12336,0.026938,0.0077518,0.052888,0.061519,-0.030691,0.05163,0.09847,0.18184,0.17463,0.42155,0.16663,0.083071,0.16344,0.090961,0.37852,0.32268,0.24652,0.24982,0.1676,0.33083,0.39257,0.14544,-0.0047521,0.026797,0.34702,0.07368,0.097223,0.027794,0.045397,0.22501,0.19244,0.14492,0.14108,0.059982,0.097485,0.15818,-0.0093741,-0.073192,-0.028152,0.083018,0.072469,0.17128,0.11562,-0.11495,0.047805,0.15664,0.062086,0.091532,-0.030116,0.011468,0.077086,0.25847,-0.046703,0.24253,0.52097,0.15467,0.24661,0.24451,0.23924,0.27215,0.079489,0.19234,0.23662,0.30297,-0.12481,0.20157,0.1118,0.23143,0.11211,0.25558,0.22375,0.17365,0.13242,0.16151,0.18773,0.45626,0.23164,-0.048979,-0.1588,0.2284,0.025676,0.13802,-0.0046842,0.059263,0.060759,-0.10405,-0.083368,0.060525,0.028172,0.42416,0.31777,0.13334,0.20069,0.30882,1,0.25892,0.43363,0.5028,0.37347,0.61205,0.27651,0.30318,0.20032,0.20404,0.41639,0.14576,0.38486,0.41097,0.2131,0.23826,0.11801,0.28887,0.32666,-0.028033,0.077558,0.033016,-0.11423,-0.049214,0.033649,-0.10557,0.11478,-0.16507,-0.26528,-0.13421,-0.09921,0.028249,-0.076915,-0.13992,-0.046365,-0.13637,0.38338,-0.12887,0.12056,-0.0071707,0.1938,0.15625,0.48616,0.13016,0.34015,-0.17741,-0.0024639,0.041512,-0.080069,0.1732,0.059778,-0.024491,-0.06384,0.32135,0.49685,0.096157,-0.0501,0.18967,0.15569,0.17516,0.25084,0.090596,0.13053,0.378,0.050842,0.08659,0.31076,0.16465,0.055625,0.14344,-0.014493,0.16418,0.20165,0.14426,0.45502,0.49832,-0.057045,0.15363,-0.005813,0.13139,-0.015337,0.014321,0.024313,-0.047403,0.02874,0.018001,-0.038969,-0.044326,-0.050999,0.0065104,-0.15907,-0.037715,-0.0034806,-0.0053807,0.14835,0.34424,0.25817,-0.034894,0.35215,0.37488,0.26508,0.25686,0.25649,0.14021,0.26048,0.40215,0.39282,-0.001114,-0.080253,-0.029074,0.19092,0.096576,0.10852,0.067804,0.18269,0.23757,0.23263,0.13413,-0.045294,-0.036614,0.12784,0.27462,0.026167,0.075799,-0.043389,0.21494,0.016979,0.10506,0.14236,-0.13542,-0.013473,0.015171,0.023911,0.044687,-0.013731,0.024998,0.021788,0.15995,0.20388
0.00023518,0.081418,0.023145,0.060463,-0.0075505,0.0040507,0.12033,0.10205,0.059597,-0.0032636,0.12609,0.046344,0.22233,0.22346,0.18239,0.084963,0.1129,0.15533,0.17743,0.26972,0.21897,0.28758,0.26775,0.21785,0.26058,0.1973,0.36048,0.33229,0.40896,0.22975,0.18625,0.27175,0.084175,0.045273,0.17595,0.13556,0.22126,0.19677,0.18632,0.19032,0.19477,0.21976,0.17776,0.26308,0.1771,0.18128,0.1503,0.20772,-0.10724,0.028712,0.043401,-0.017342,0.015983,-0.064251,0.2626,0.13209,0.21809,0.20294,0.20515,0.16302,0.24749,0.34715,0.34816,0.22162,0.18322,0.21352,0.20133,0.21583,0.22774,0.41897,0.34343,0.3604,0.29218,0.20341,0.45465,0.15801,0.051105,0.2018,0.24219,-0.017795,0.017335,0.055661,0.0038371,0.040901,-0.030252,-0.037609,-0.015428,-0.065822,-0.012385,-0.022239,-0.015625,0.038722,0.15378,0.0066103,-0.040389,-0.015987,0.30456,0.18763,0.22645,0.10935,0.14466,0.12188,0.28026,0.11948,0.21552,-0.064286,-0.018974,-0.022632,-0.050479,0.086627,0.010984,0.0023204,-0.022082,0.18322,0.32669,0.069984,-0.012003,0.18881,0.31258,0.17374,0.14913,0.12469,0.16181,0.18086,0.16288,0.2118,0.19197,0.083516,0.14172,0.14689,0.066731,0.18722,0.091194,0.1894,0.35649,0.38751,-0.0027631,0.093463,0.030091,0.20304,0.057017,0.032236,0.15115,0.10925,0.045341,0.031815,0.060843,0.1568,-0.008171,-0.00057423,-0.029888,0.058706,0.018377,0.11219,0.15132,0.1681,0.21251,0.087969,0.14056,0.18666,0.15657,0.19338,0.16617,0.20168,0.22121,0.37524,0.27932,0.071669,-0.013707,-0.066402,0.12159,0.090606,0.074552,0.019676,0.18293,0.19314,0.20441,0.18561,0.084027,-0.012743,0.076538,0.12049,0.02476,-0.0028787,-0.012009,0.1255,0.14334,0.14415,0.08866,0.033376,0.041623,0.21185,0.13414,0.24723,0.05313,0.013803,0.075846,0.14482,0.070311,0.28158,0.15998,0.25936,0.28073,0.27999,0.22359,0.24343,0.36041,0.39092,0.37788,0.40116,0.11533,0.23064,0.073575,-0.046313,0.15677,0.15885,0.23038,0.20856,0.14968,0.24894,0.21455,0.14518,0.23493,0.14552,0.10719,0.069984,0.18716,0.0073431,-0.05453,-0.022247,0.065863,-0.068822,-0.053727,-0.031647,0.18097,0.1994,0.2301,0.11978,0.32424,0.22611,0.25892,1,0.32677,0.077486,0.19493,0.28427,0.23334,0.21851,0.17462,0.4302,0.42727,0.35288,0.35755,0.36736,0.397,0.19413,0.14179,0.24079,0.36845,-0.00066576,0.081577,0.18028,0.03697,-0.03561,-0.012089,0.011751,-0.018007,-0.046881,-0.027193,-0.014069,-0.10788,0.089154,0.18801,0.058021,0.049994,0.021121,0.47574,-0.015959,0.16526,0.04859,0.21774,0.16793,0.24119,0.1964,0.24825,0.015524,-0.018558,0.074804,0.014459,0.082705,0.027417,0.031554,-0.013476,0.27822,0.28728,0.075381,0.051433,0.40671,0.3679,0.20079,0.25968,0.038478,0.19069,0.25855,0.22237,0.1244,0.3451,0.20026,0.057462,0.074116,-0.004128,0.096982,0.19498,0.12052,0.37052,0.36714,0.035525,0.032464,0.033319,0.10518,0.061194,0.11189,0.074052,0.24958,0.034184,0.015702,0.13216,0.21139,0.086178,0.1308,-0.0067527,0.10549,0.0019181,0.11607,0.075494,0.1822,0.24703,0.23544,0.23383,0.078596,0.12206,0.1137,0.17114,0.055582,0.16183,0.39588,0.26838,0.077908,0.028982,-0.051558,0.18374,0.11525,0.0096294,-0.021287,0.24418,0.20403,0.23017,0.10293,0.081514,-0.053722,-0.0085607,0.24334,-0.012836,-0.0016164,-0.015045,0.19469,0.18678,0.17101,0.060794,0.050776,0.075055,0.10925,0.12399,0.26216,0.085024,-0.0025328,0.16009,0.18546,0.16062
0.0086958,0.012562,-0.043529,-0.011115,0.04948,0.060957,0.057149,0.067402,0.017757,-0.019153,0.072314,0.043562,0.15537,0.088516,0.10974,0.03703,0.073413,0.18402,0.062159,0.13123,0.061715,0.09388,0.1473,0.15362,0.10654,0.093905,0.11054,0.14389,0.19701,0.013487,0.16601,0.11921,-0.0053889,0.13027,-0.0071414,-0.088587,0.055575,0.017777,0.010656,0.047264,0.10858,0.015367,0.093743,0.40689,0.14797,0.11922,0.17451,0.34018,-0.16709,-0.05071,0.044141,-0.12595,-0.080993,-0.1264,0.12146,0.21961,0.37571,0.13488,0.13169,0.14969,0.38575,0.26164,0.52112,0.46307,0.34608,0.249,0.00038165,0.09083,0.10504,0.17065,0.17466,0.14142,0.17025,0.27965,0.17409,0.22931,0.065197,0.12419,0.22431,-0.043154,0.065218,0.03425,0.012952,-0.087907,-0.010445,-0.0671,-0.080381,-0.10253,-0.10322,-0.044725,-0.18775,0.0097639,0.2474,0.047192,-0.11666,-0.087624,0.30706,0.11135,0.16976,-0.0054902,0.25725,0.063733,0.50101,0.12678,0.34989,-0.060797,-0.1176,-0.046211,-0.033351,0.15453,0.052909,-0.024735,-0.0003639,0.19984,0.49441,0.0038137,0.004753,0.1089,0.10764,0.14444,0.021012,0.075136,0.10691,0.19869,0.1423,0.17199,0.2746,0.13565,0.031318,0.12307,-0.022391,0.14912,0.055838,0.1451,0.23486,0.29344,-0.074992,0.025006,0.016627,0.056471,-0.010196,-0.089947,0.029588,0.020821,0.078276,0.055504,-0.033594,0.1145,0.01991,-0.080081,-0.16446,-0.031268,-0.0076575,0.11257,0.071652,0.39132,0.031248,0.054068,0.14065,0.027631,0.17192,0.26525,0.18787,0.092002,0.065962,0.312,0.44529,0.12657,-0.15301,-0.12292,0.068171,0.0085649,0.022796,-0.0055312,-0.0039837,0.0050676,0.0083469,0.030126,0.036053,-0.057919,0.10139,0.032866,-0.015109,-0.0026477,-0.0092873,0.082316,0.074931,0.18489,0.12909,0.022681,0.093396,0.083418,0.075568,0.084553,-0.10776,-0.033827,0.037118,0.15151,0.019696,0.131,0.27159,0.0459,0.13937,0.16137,0.11512,0.10855,0.10421,0.1345,0.13418,0.31884,-0.028298,0.074937,-0.021717,0.067632,-0.034748,0.13299,0.11677,0.04496,-0.014483,0.057977,0.087471,0.24634,0.10302,-0.015912,-0.014465,0.078858,0.038477,0.15026,-0.16923,-0.1519,0.055808,-0.2138,-0.1482,-0.1246,0.058308,0.28447,0.30284,0.033936,0.075631,0.19561,0.43363,0.32677,1,0.46578,0.31121,0.3267,0.13872,0.14427,0.033286,0.1512,0.18875,0.11896,0.23056,0.30249,0.28538,0.19942,0.12516,0.29791,0.32264,-0.015309,0.072705,0.11692,-0.050515,-0.21395,-0.092041,-0.094605,0.11353,-0.2204,-0.1449,-0.11109,-0.18756,0.021193,0.045065,-0.092493,-0.00079886,-0.12884,0.48101,-0.064558,0.13099,-0.11045,0.26951,0.17905,0.5999,0.1619,0.44041,-0.091977,-0.14652,-0.018691,-0.07089,0.20339,0.043228,-0.034649,-0.099311,0.21294,0.5221,0.078928,0.12808,0.25885,0.17825,0.1404,0.075122,0.00097867,0.04013,0.23701,0.12439,0.095153,0.36835,0.26103,0.0029761,0.18205,-0.03537,0.097625,0.15551,0.12839,0.41496,0.47902,-0.014663,0.018993,0.0076358,0.060053,0.036393,-0.03461,0.052689,0.0238,0.014455,0.031,0.015612,0.026121,-0.072138,-0.076611,-0.24774,0.0043265,0.0011959,0.061533,0.095792,0.43207,0.12757,0.015758,0.31381,0.49819,0.12509,0.20182,0.2275,0.031887,0.21965,0.3912,0.54721,0.04824,-0.15079,-0.16703,0.037868,0.055511,0.0079231,0.012847,0.036593,0.096635,0.011857,0.06628,-0.0097738,-0.12421,0.024974,0.15674,-0.028242,0.012349,-0.05425,0.11645,0.039498,0.11433,0.13354,-0.0091631,-0.015112,0.058355,0.089322,0.095341,-0.082409,-0.025352,0.08466,0.21565,0.093008
0.037603,0.0007097,-0.10071,0.035394,0.04733,0.11537,0.022321,0.018162,0.0033748,0.0041824,0.040507,0.0087359,0.09588,0.063755,0.031187,0.065718,0.033031,0.15668,0.01229,0.1716,-0.038843,0.11798,0.1734,0.17329,0.13377,0.086922,0.014491,0.084138,0.099259,-0.034121,-0.035466,0.1276,0.11535,0.24428,0.013694,-0.13097,0.0303,-0.013419,0.035626,-0.011321,0.078684,-0.047329,0.12525,0.28659,0.019349,0.19185,0.10884,0.40114,-0.037445,0.11665,0.054635,-0.035062,-0.024044,-0.029931,0.094796,0.28023,0.37406,0.17614,0.04284,0.085717,0.43751,0.11269,0.35905,0.53222,0.38316,0.22061,-0.037164,0.15443,0.11324,0.077034,0.11774,0.040719,0.11475,0.22204,-0.018033,0.1903,0.044733,0.082255,0.17334,-0.042087,0.075327,0.055909,0.0449,-0.1094,0.014315,-0.068781,0.050435,-0.050376,-0.13466,-0.076006,-0.10517,-0.054012,0.14604,-0.041566,-0.11139,-0.082483,0.16553,0.083762,0.084327,-0.037193,0.24239,-0.011675,0.38348,0.012884,0.21702,-0.07613,-0.06107,-0.095292,0.020907,0.10247,0.071911,0.019419,0.0077601,0.15851,0.42311,0.016045,-0.021638,0.037724,-0.0018918,0.073021,0.03449,0.079235,0.036831,0.1225,0.088054,0.072444,0.18675,0.083196,-0.028098,0.036831,-0.0086216,0.053143,0.053969,0.066125,0.12199,0.21131,-0.05827,0.051882,0.049255,0.1379,0.043158,-0.1082,0.020847,-0.044598,0.01669,0.11296,-0.059819,0.011493,0.057998,-0.049422,-0.11808,0.023795,0.0018049,0.10589,0.069585,0.43369,0.0081281,0.057772,0.1273,0.070535,0.32193,0.41733,0.15771,0.096382,0.14309,0.16089,0.32314,0.12331,-0.02571,-0.0051176,0.21079,0.018822,0.04066,0.04038,-0.045668,-0.015345,0.070123,0.070279,0.077051,0.004392,0.15609,0.0479,-0.013005,-0.034074,0.016198,0.079304,0.03291,0.13636,0.1152,-0.097008,0.024985,0.053064,0.057183,0.00017089,-0.063344,-0.00031329,0.051147,0.1508,-0.017697,0.15556,0.29465,0.039956,0.14292,0.15736,0.12385,0.13805,-0.028449,-0.0011749,0.063034,0.14004,-0.12738,0.093488,-0.021369,0.19356,-0.024111,0.19976,0.077659,0.061344,0.0058663,0.055794,0.085654,0.32734,0.07575,-0.066552,-0.12551,0.27908,0.011481,0.23545,-0.080694,0.038041,0.041827,-0.15106,-0.11237,-0.036582,-0.01313,0.30213,0.26308,0.049138,-0.013047,0.19098,0.5028,0.077486,0.46578,1,0.4721,0.28734,0.1497,0.19555,0.07211,-0.015381,0.06108,0.0042674,0.10467,0.1742,0.054257,0.16639,0.077281,0.19936,0.19698,0.01321,0.049877,0.014174,-0.0071804,-0.1078,0.020872,-0.096535,0.19499,-0.14161,-0.24274,-0.11868,-0.11176,-0.020802,-0.070581,-0.12337,0.00059404,-0.1372,0.23211,-0.065263,0.15272,-0.038308,0.24741,0.1146,0.4969,0.034475,0.33481,-0.13374,-0.091192,-0.012966,-0.10408,0.19793,0.078692,-0.051437,-0.099809,0.23404,0.47411,0.099539,0.019392,0.071003,0.035069,0.041603,0.091013,0.010398,0.039023,0.18106,-0.0026563,0.038201,0.1983,0.12971,0.02041,0.11282,0.0059126,0.055238,0.060647,0.046049,0.25416,0.35996,-0.051001,0.046144,-0.024358,0.089477,0.02279,-0.045204,0.0075408,-0.10481,0.063184,0.072179,-0.045066,-0.091589,-0.045561,-0.070593,-0.2131,-0.034698,-0.056374,-0.0027999,0.13723,0.37256,0.16846,-0.10986,0.25225,0.56414,0.31657,0.4399,0.18564,0.069543,0.33324,0.2128,0.39326,0.014173,-0.097458,-0.034746,0.070943,0.032439,0.045995,0.081681,0.052198,0.043309,0.095171,0.14166,-0.0081164,-0.064071,0.17344,0.12809,-0.0021479,0.057334,-0.050591,0.085923,-0.039936,0.064852,0.15328,-0.092658,-0.072769,0.015575,0.011853,-0.032878,-0.062681,-0.016161,0.023764,0.12173,0.11321
0.0019855,0.036856,-0.023584,0.043769,0.0014834,0.041495,0.054171,0.059677,0.014159,0.0039665,0.050973,0.018187,0.1437,0.19451,0.15762,0.06699,0.034157,0.16776,0.086718,0.26108,0.16841,0.41774,0.3175,0.28289,0.36073,0.26731,0.23798,0.18691,0.38649,0.36431,0.10661,0.43384,0.071478,0.12566,0.42452,0.31371,0.28584,0.38632,0.36857,0.25506,0.16103,0.19504,0.13289,0.35429,0.012924,0.25812,0.10965,0.39506,-0.10545,0.015545,0.025007,-0.091208,-0.029873,-0.16605,0.17213,0.18987,0.30187,0.12649,0.13852,0.086303,0.23852,0.17526,0.30669,0.45208,0.38201,0.33135,0.36331,0.4303,0.52257,0.24351,0.19975,0.20756,0.17682,0.14431,0.19584,0.1733,0.06173,0.13498,0.12788,-0.068311,-0.014332,0.0339,-0.0097751,-0.049015,0.015557,-0.14081,-0.064768,-0.17671,-0.048817,-0.083454,-0.10999,0.0048726,0.12582,-0.086221,-0.078078,-0.085235,0.36621,0.31914,0.38926,0.1214,0.42193,0.11785,0.26095,0.073718,0.15518,-0.10067,-0.12011,-0.10091,-0.081448,0.038472,0.048061,-0.072684,-0.034652,0.44917,0.48875,0.048425,-0.075238,0.054834,0.043187,0.090388,0.065606,0.1303,0.075755,0.062889,0.046497,0.14275,0.19466,0.097821,0.10703,0.083546,0.062992,0.050557,-0.00052863,0.039389,0.28512,0.48739,-0.0044196,0.083525,0.030597,0.24317,0.03442,0.042817,0.058733,0.088064,0.042264,0.074975,-0.016427,0.024635,-0.091096,-0.11365,-0.18318,0.093136,-0.046069,0.097341,0.14118,0.42653,0.34062,0.033503,0.1822,0.22129,0.36832,0.55914,0.2405,0.25398,0.54129,0.19776,0.39178,0.078324,-0.10351,-0.11303,0.4071,0.094076,0.15762,0.072992,0.17965,0.25751,0.48314,0.41546,0.10671,-0.12622,0.13062,0.09142,0.0011046,-0.017582,0.01171,0.11986,0.11034,0.15344,0.030549,0.033599,0.043322,0.12265,0.11199,0.18503,-0.055931,-0.067673,0.057943,0.10337,0.039483,0.35001,0.26028,0.36691,0.35207,0.38762,0.29529,0.27271,0.18219,0.1504,0.35361,0.3142,-0.038139,0.40409,0.015423,0.025686,0.38253,0.64276,0.22361,0.36271,0.27272,0.31337,0.27473,0.39913,0.14426,0.11702,0.0061162,0.14639,0.062984,0.13777,-0.16794,-0.071466,0.019982,-0.16718,-0.094335,-0.14862,0.1044,0.2172,0.28606,0.082071,0.1403,0.13283,0.37347,0.19493,0.31121,0.4721,1,0.2761,0.45802,0.53537,0.42132,0.13992,0.13359,0.15162,0.10954,0.17855,0.15079,0.10464,0.063663,0.15666,0.16533,-0.05857,-0.09509,0.045096,-0.0031549,-0.11806,-0.032447,-0.091193,-0.035471,-0.18674,-0.099487,-0.051453,-0.069792,-0.019008,0.056417,-0.0091468,-0.0023656,-0.051955,0.20454,-0.055526,0.26415,0.030163,0.24036,0.08823,0.22727,0.049378,0.12535,-0.086713,-0.17886,0.019587,-0.058947,0.11069,0.080887,-0.010871,-0.037112,0.41769,0.47934,0.048388,0.067824,0.138,0.10101,0.070169,0.11625,0.02618,0.16545,0.13043,0.036434,0.088719,0.11215,0.078045,0.047923,0.025373,-0.085745,0.0034905,0.0035432,0.011297,0.26522,0.45041,0.027013,-0.011153,-0.01141,0.065041,0.099724,0.081147,0.045261,0.10232,0.021663,0.091138,-0.0048122,0.0751,0.025197,0.036629,-0.098637,0.022714,0.0090337,0.084344,0.22278,0.37689,0.47519,0.10022,0.25067,0.38415,0.37986,0.52952,0.18644,0.1125,0.57522,0.10292,0.19842,-0.01498,-0.03616,-0.078588,0.35272,0.11723,0.081446,-0.032596,0.31083,0.37386,0.42732,0.41891,0.1879,-0.12982,0.016205,0.23533,-0.071759,0.0066476,-0.00035585,0.092094,0.10317,-0.0031219,0.072199,0.0037827,-0.032475,0.077073,0.1337,0.1248,-0.079136,-0.017299,0.13178,0.044493,0.0435
0.024919,0.043674,0.025738,0.058405,0.074595,0.093812,0.12337,0.08173,-0.022812,-0.00074929,0.11107,0.0093715,0.25054,0.14489,0.11895,0.09063,0.067405,0.23525,0.1418,0.24116,0.1418,0.15409,0.23564,0.1798,0.21651,0.13098,0.17503,0.21514,0.13546,0.050567,-0.043174,0.15006,0.15246,0.1273,0.047106,0.050497,0.19021,0.068277,0.11038,0.098113,0.12664,0.082821,0.13562,0.1838,0.11858,0.17724,0.10187,0.33685,-0.024659,0.13758,0.097306,0.037443,0.087791,0.060865,0.19941,0.2117,0.25251,0.23224,0.16382,0.18388,0.51251,0.23554,0.22838,0.38182,0.3559,0.52884,0.26723,0.20592,0.19262,0.32791,0.5123,0.17443,0.48557,0.37194,0.32334,0.22905,0.052364,0.074639,0.1466,0.012052,0.076049,0.037847,0.082973,-0.0019563,0.041437,0.010954,0.045066,0.0053767,-0.037583,0.022915,0.012516,0.00067563,0.078204,-0.050149,-0.021973,0.042736,0.20765,0.081258,0.12787,0.028605,0.17267,0.08767,0.28008,0.12031,0.12201,-0.077707,-0.0052211,0.03845,0.017501,0.13485,0.071751,-0.0011989,0.034635,0.20412,0.41944,0.045131,-0.01539,0.082451,0.1385,0.29695,0.10722,0.15888,0.13441,0.28378,0.13005,0.18229,0.11079,0.057789,-0.047987,0.041845,-0.0082048,0.083009,0.045153,0.25978,0.48492,0.42198,-0.067482,0.084613,0.10042,0.1496,0.045077,-0.07723,0.15321,0.05129,0.057936,0.11883,0.011851,0.036687,0.04077,0.11664,0.050646,0.061035,0.085039,0.20517,0.18875,0.32541,0.20441,0.065985,0.15761,0.12759,0.2249,0.22424,0.13213,0.22513,0.15944,0.33888,0.27485,0.06909,0.052667,0.02843,0.13179,0.1071,0.13517,0.066303,0.10875,0.24374,0.13128,0.11766,0.12059,0.07166,0.070138,0.19037,0.010173,0.00092717,-0.060167,0.054949,0.11043,0.07627,0.11812,-0.023872,0.060158,0.18396,0.099182,0.11957,-0.0062261,0.030358,0.074049,0.14916,0.003595,0.16801,0.60704,0.096494,0.20359,0.19643,0.18418,0.23392,0.16833,0.23392,0.2324,0.34409,0.028616,0.11361,0.092471,0.11334,0.028388,0.24371,0.25296,0.14198,0.12197,0.1441,0.16361,0.40846,0.19263,0.0152,-0.0024359,0.11217,0.11339,0.096213,0.024234,0.071358,0.082187,-0.036364,-0.0068874,0.096388,0.059577,0.25817,0.25029,0.12729,0.24899,0.24236,0.61205,0.28427,0.3267,0.28734,0.2761,1,0.35165,0.29659,0.19741,0.37395,0.57353,0.16871,0.53344,0.38417,0.38247,0.22174,0.10783,0.21951,0.24422,0.064608,0.13405,0.073283,0.019753,0.02849,0.053187,0.057477,0.17054,-0.047453,-0.080153,0.034339,-0.021847,0.071227,0.00032312,-0.00089041,0.02943,-0.004585,0.42717,-0.05822,0.18068,0.048098,0.196,0.19162,0.33615,0.18334,0.25823,-0.022198,0.058396,0.058914,0.028423,0.14784,0.03232,0.0075823,-0.028969,0.25278,0.46777,0.13929,0.072835,0.1492,0.22267,0.29406,0.1646,0.051262,0.095118,0.27068,0.07248,0.12372,0.25777,0.1329,0.030783,0.14258,-0.007817,0.068018,0.16171,0.18648,0.55481,0.54987,0.030588,0.13763,0.067247,0.13684,0.061096,0.056572,0.061697,0.038796,0.122,0.097055,0.041663,0.072185,0.073619,0.11415,-0.014073,0.078559,0.091875,0.11419,0.18262,0.32922,0.27087,0.096968,0.40276,0.2681,0.16916,0.18688,0.20274,0.12721,0.23505,0.40633,0.32204,0.073584,0.044739,0.066548,0.095416,0.14785,0.12482,0.1184,0.19353,0.30144,0.16905,0.17248,0.053452,0.052941,0.13338,0.26812,0.037612,0.12134,0.01903,0.15825,0.08907,0.09688,0.11533,0.0030841,0.078374,0.061288,0.061694,0.10478,0.083823,0.038428,0.079018,0.16636,0.12629
0.043602,0.061291,0.018571,0.07812,0.036974,0.067945,0.067455,0.079786,-0.013893,0.0042146,0.075113,0.00016828,0.23861,0.21158,0.17418,0.088667,0.081325,0.20442,0.13281,0.29945,0.30204,0.36706,0.32965,0.25978,0.39076,0.2474,0.31381,0.28784,0.35455,0.39716,0.028943,0.35686,0.11325,0.029389,0.36451,0.40751,0.37491,0.37023,0.39814,0.29597,0.22059,0.2863,0.13702,0.20797,0.075015,0.273,0.095444,0.28368,-0.0043974,0.10482,0.042403,0.03162,0.066869,-0.029066,0.25067,0.1294,0.16766,0.17203,0.19736,0.10316,0.20462,0.18755,0.1886,0.29275,0.27339,0.34945,0.46334,0.41168,0.50918,0.35709,0.31199,0.27454,0.31721,0.2001,0.32029,0.12572,0.072956,0.10149,0.059347,-0.039385,0.045645,0.062737,0.034391,0.049004,0.02229,0.0069559,0.029408,-0.060822,0.059254,0.053567,0.057754,0.063899,0.05275,-0.07208,0.058435,0.074662,0.30333,0.32292,0.36011,0.20201,0.32878,0.19265,0.13846,0.11974,0.06495,-0.036673,0.0048593,0.042172,-0.069689,0.03666,0.030381,-0.0015755,-0.0070618,0.36472,0.38704,0.15646,0.011109,0.10169,0.16676,0.14505,0.1397,0.18421,0.10495,0.057684,0.083187,0.18836,0.11544,0.0592,0.096564,0.057503,0.093292,0.045738,0.034171,0.12364,0.44277,0.53228,0.028891,0.13897,0.076976,0.26657,0.071851,0.01455,0.13859,0.13572,0.088621,0.10807,0.064205,0.045684,-9.0446e-05,0.042726,0.040989,0.14666,0.082856,0.1445,0.24593,0.31264,0.45667,0.07856,0.18301,0.29962,0.27978,0.39839,0.19629,0.28763,0.48569,0.19073,0.2252,0.056493,0.053185,-0.018742,0.29825,0.097105,0.18924,0.099244,0.32549,0.3904,0.43871,0.40744,0.13001,-0.026943,0.11812,0.14362,0.0027512,-0.00074316,-0.01194,0.074413,0.14323,0.10883,0.054812,0.073657,0.045294,0.18924,0.10309,0.247,0.045319,0.023078,0.088602,0.13543,0.060118,0.31095,0.31213,0.34159,0.33721,0.34055,0.32324,0.32886,0.29261,0.26987,0.39958,0.32668,0.054549,0.3088,0.070578,-0.027818,0.32512,0.51508,0.33587,0.33233,0.31736,0.34898,0.3192,0.38463,0.21444,0.14872,0.077435,0.1161,0.16871,0.050148,-0.0039356,0.036352,0.016518,-0.018277,-0.017878,0.020363,0.15975,0.14626,0.22784,0.115,0.27826,0.15543,0.27651,0.23334,0.13872,0.1497,0.45802,0.35165,1,0.41796,0.445,0.27512,0.29239,0.26327,0.21852,0.22555,0.20179,0.18442,0.093036,0.1271,0.17704,0.013564,0.021724,0.088186,0.023909,0.066466,0.021072,0.047193,0.032178,-0.043287,0.01689,0.051978,0.0050905,0.077629,0.097031,0.058126,0.03398,0.07116,0.23145,-0.036288,0.25128,0.12866,0.20609,0.14267,0.052185,0.14169,0.067767,0.017644,-0.013176,0.09196,0.044915,0.025763,0.069461,0.052863,0.0026304,0.41172,0.34999,0.096913,0.088152,0.16786,0.18213,0.13836,0.1577,0.054567,0.18752,0.18523,0.038467,0.12842,0.12134,0.025804,0.085892,0.016891,-0.032024,-0.029244,0.029709,0.053926,0.34903,0.42372,0.060393,0.066582,0.017011,0.12019,0.13328,0.12496,0.040776,0.18532,0.068827,0.10923,0.063605,0.16512,0.13009,0.15867,0.060281,0.10219,0.065896,0.12311,0.16706,0.23948,0.47817,0.23816,0.27135,0.12686,0.24528,0.32131,0.16233,0.11135,0.41456,0.15087,0.097039,0.069402,0.11622,0.054189,0.27689,0.13153,0.10775,-0.0033383,0.36552,0.44286,0.40816,0.36124,0.1815,0.00083863,0.04462,0.32336,-0.032244,0.049908,0.043367,0.13012,0.13407,0.078677,0.045462,0.076755,0.071863,0.10372,0.09361,0.20039,0.089853,0.038976,0.12758,0.089437,0.096755
0.028967,0.049867,0.082439,0.078802,0.034658,0.029753,0.074964,0.12532,0.030874,0.015584,0.099527,0.083686,0.18468,0.20949,0.23667,0.072916,0.054844,0.13672,0.075915,0.28631,0.30359,0.44133,0.34714,0.2438,0.38069,0.31605,0.28535,0.19778,0.39024,0.39133,0.12556,0.46246,0.046165,0.048009,0.5077,0.43855,0.30784,0.45997,0.39232,0.35511,0.18856,0.30742,0.11163,0.29161,0.086865,0.23285,0.16028,0.25043,-0.12351,-0.0057845,0.05797,-0.072887,-0.0041609,-0.14161,0.23366,0.19228,0.189,0.11734,0.18457,0.087771,0.1716,0.23402,0.22043,0.32564,0.2695,0.34886,0.47517,0.48166,0.50649,0.28041,0.27555,0.24202,0.20697,0.19376,0.2783,0.16212,0.088171,0.085765,0.10501,-0.007289,0.019683,0.0056901,0.050013,0.073252,0.10027,-0.1567,-0.11296,-0.10341,-0.075853,-0.1049,-0.037047,0.014373,0.12915,-0.04655,-0.073802,-0.063509,0.33053,0.25546,0.29518,0.068874,0.20199,0.10234,0.13794,0.1115,0.12687,-0.12499,-0.098544,-0.069561,-0.17272,0.10753,0.034103,-0.13823,-0.056721,0.33766,0.36939,-0.033706,-0.05205,0.10222,0.062614,0.14622,0.10897,0.076136,0.15633,0.13818,0.095692,0.18189,0.18253,0.081461,0.083183,0.10203,0.086836,0.035651,-0.01358,0.11847,0.3332,0.44218,-0.0096883,0.058381,0.047472,0.19246,-0.013057,0.042976,0.12092,0.12604,0.12456,0.076138,-0.021679,0.044466,-0.14598,-0.049902,-0.1576,0.0074,-0.062706,0.084626,0.16935,0.1953,0.43701,0.019789,0.10845,0.22915,0.27527,0.36579,0.14925,0.16312,0.46025,0.22341,0.25465,-0.0047912,-0.094606,-0.13566,0.36925,0.15888,0.19451,0.090837,0.2665,0.31934,0.53871,0.47614,0.12482,-0.099814,0.050199,0.13564,0.025861,0.030424,0.025447,0.084229,0.13217,0.16709,0.013963,-0.024176,0.073543,0.12848,0.1427,0.27604,-0.090569,-0.046124,0.044337,0.082759,0.088896,0.35312,0.17942,0.40196,0.36059,0.38269,0.30979,0.27468,0.26176,0.22546,0.38605,0.28349,0.036182,0.4722,0.061637,-0.079616,0.43381,0.61764,0.22822,0.41352,0.35011,0.33956,0.23838,0.28294,0.19009,0.13128,0.10017,0.018408,0.064352,-0.026856,-0.12965,-0.080555,0.011133,-0.10574,-0.056461,-0.085986,0.1628,0.15706,0.22537,0.14724,0.19045,0.15655,0.30318,0.21851,0.14427,0.19555,0.53537,0.29659,0.41796,1,0.40101,0.23419,0.23423,0.20595,0.17843,0.20265,0.23927,0.07291,0.025774,0.18627,0.1865,-0.0045803,-0.02381,-0.01521,0.030083,-0.026832,-0.012745,-0.096861,-0.10713,-0.11616,-0.03389,-0.003781,-0.040758,-0.055159,0.035511,0.034525,-0.02801,-0.062365,0.17886,-0.087615,0.1303,-0.024999,0.039514,0.020681,0.038782,0.018269,0.11881,-0.10432,-0.14882,-0.07156,-0.0017557,0.11571,0.043777,-0.053761,-0.059076,0.27434,0.25823,0.013776,-0.0019146,0.15262,0.12932,0.11384,0.087827,0.048232,0.1402,0.081716,0.083661,0.16541,0.13855,0.10729,0.026356,0.056156,-0.074579,0.035093,0.041801,0.036705,0.19257,0.31227,0.067098,0.021969,0.081803,0.16562,0.076119,0.11685,0.098508,0.12194,0.093827,0.055082,0.064285,0.11549,-0.06048,0.078266,-0.026258,-0.069628,0.0093875,0.10284,0.076917,0.085144,0.3278,0.17408,0.23644,0.069218,0.28775,0.33676,0.035673,-0.030927,0.34032,0.089807,-0.002925,-0.099677,-0.064278,-0.11388,0.407,0.11552,0.12023,-0.021082,0.33961,0.41216,0.44225,0.38227,0.18035,-0.069663,-0.070471,0.18614,-0.00075702,0.007609,0.038349,0.092187,0.13814,-0.0252,0.02585,-0.048763,0.027645,0.13129,0.18458,0.18618,-0.0019556,-0.06847,0.14621,0.10319,0.064901
0.068224,0.010417,-0.0082347,0.076764,0.05807,0.1271,0.070096,0.11954,-0.037632,-0.047388,0.07914,0.064326,0.22581,0.18298,0.21327,0.12858,0.072053,0.292,0.15249,0.41376,0.32217,0.47217,0.445,0.34938,0.46611,0.34835,0.22411,0.26207,0.45902,0.486,0.06159,0.50728,0.26226,0.23678,0.51962,0.49192,0.44422,0.51604,0.46249,0.35809,0.30515,0.35248,0.11971,0.2294,0.078326,0.32957,0.10551,0.415,0.12498,0.20309,0.10113,0.070424,0.15143,0.11447,0.20926,0.15228,0.15164,0.078582,0.11898,0.020782,0.14462,0.20873,0.14154,0.27508,0.41835,0.29046,0.40079,0.46498,0.58419,0.26173,0.24926,0.23563,0.21437,0.10166,0.29369,0.060145,0.10376,0.13127,0.14129,-0.049593,0.048652,0.1583,0.033155,0.0417,0.054761,0.14421,0.10228,-0.17028,0.044349,0.018989,0.15122,0.11969,0.078204,-0.13159,0.023166,0.18329,0.33295,0.37902,0.38593,0.26551,0.33139,0.29541,0.10161,0.16686,0.036227,-0.036803,0.039123,0.13353,-0.0022094,0.078309,0.064136,0.021796,-0.027448,0.38908,0.30644,0.2999,0.065004,0.089056,0.13255,0.077872,0.076253,0.19945,0.056078,0.011249,0.086348,0.18262,0.069629,0.11347,0.074164,0.095569,0.11006,0.051283,0.10053,0.10696,0.27483,0.45697,-0.039006,0.1937,0.077963,0.26518,0.049194,-0.0060341,0.17063,0.15927,0.097883,0.11048,0.10355,0.059531,0.032892,0.026592,0.041873,0.3296,0.092475,0.20462,0.35747,0.33617,0.48211,0.21723,0.24917,0.37789,0.43237,0.44318,0.39973,0.45138,0.5868,0.10497,0.19441,0.22556,0.15664,0.14354,0.47911,0.15605,0.20439,0.074158,0.31687,0.41329,0.55813,0.53722,0.18089,0.098645,0.16827,0.16087,-0.0079677,-0.054744,-0.062089,0.086132,0.090034,0.13666,0.16424,0.13449,0.022759,0.16075,0.08222,0.25712,0.097128,0.0373,0.066788,0.13637,0.0028485,0.40103,0.15707,0.49643,0.45275,0.45647,0.46124,0.41558,0.21231,0.23611,0.48914,0.35588,0.0045452,0.44871,0.12115,0.16631,0.44894,0.60168,0.40828,0.49083,0.45345,0.43249,0.38261,0.3195,0.27892,0.22493,0.0040494,0.12507,0.19294,0.1091,0.10175,0.12154,0.038623,0.034244,0.051434,0.10701,0.10289,0.19189,0.22254,0.033224,0.20941,0.061281,0.20032,0.17462,0.033286,0.07211,0.42132,0.19741,0.445,0.40101,1,0.15526,0.15833,0.22797,0.11637,0.1223,0.054964,0.14998,0.1019,0.11139,0.1539,-0.0074202,0.026308,0.14573,-0.039931,0.12434,0.11752,0.054943,0.069925,-0.096013,0.029862,0.074408,0.13088,0.27092,0.062711,0.011976,0.026368,0.17816,0.22127,0.0749,0.34888,0.22347,0.27469,0.34592,0.0037058,0.35493,0.0439,-0.015206,0.026452,0.22021,0.10334,0.0907,0.086138,0.051467,-0.021862,0.56256,0.25339,0.2261,0.15424,0.095639,0.10902,0.040788,0.23841,0.14816,0.21965,0.10809,-0.029548,0.11642,0.13919,-0.032406,0.070085,0.046529,-0.023625,0.0018714,0.026817,0.021246,0.17109,0.39477,-0.023919,0.10509,-0.0095661,0.18186,0.070848,0.11525,0.063212,0.124,0.048158,0.062489,0.043476,0.089074,0.13967,0.15184,0.062227,0.30564,0.10412,0.038064,0.21048,0.25183,0.6178,0.14347,0.174,0.071049,0.36106,0.37161,0.40362,0.46015,0.52889,0.08829,0.052708,0.27829,0.16396,0.19004,0.40391,0.24024,0.19181,0.047013,0.39923,0.44211,0.55518,0.36251,0.14755,0.062853,0.092626,0.31988,0.0259,0.11056,0.075726,0.16323,0.11118,0.11801,0.16777,0.22887,0.080881,0.082953,0.10506,0.17508,0.11973,0.077632,0.055766,0.077567,0.1731
0.10938,0.13004,0.17522,0.10848,0.085984,0.094087,0.12042,0.12013,0.024415,0.0013047,0.078238,0.066551,0.35102,0.2109,0.28949,0.12002,0.096832,0.041768,0.18361,0.30252,0.40588,0.3274,0.37437,0.24745,0.36957,0.28014,0.6112,0.57944,0.29385,0.2034,0.16528,0.29451,0.017604,-0.1353,0.22284,0.16295,0.37766,0.25968,0.32256,0.36963,0.30167,0.3592,0.15997,0.18211,0.13567,0.18151,0.25591,0.17542,-0.10105,0.14595,0.055761,0.053299,0.052185,-0.05199,0.49993,0.11548,0.10668,0.34385,0.38406,0.27495,0.23591,0.30175,0.069899,0.099591,0.080366,0.29891,0.24978,0.23831,0.22997,0.71749,0.60273,0.597,0.56026,0.31513,0.56257,0.13917,0.026925,0.057809,0.10167,-0.033783,-0.046769,0.01433,0.035406,0.092743,0.12429,-0.020608,0.016102,0.073983,0.074146,0.015965,-0.0062857,0.030612,0.11695,0.066425,0.025964,-0.020286,0.21868,0.20843,0.30725,0.15687,0.10539,0.037967,-0.0024507,0.0096806,-0.037033,-0.0022022,-0.018275,-0.084767,-0.16003,0.00073475,0.13217,-0.10879,0.02873,0.10153,0.2682,0.019465,-0.071067,0.20942,0.49505,0.43248,0.21337,0.13414,0.34128,0.33603,0.21822,0.33375,0.059401,-0.066678,0.15113,-0.0042095,0.038102,0.05511,-0.021325,0.36428,0.43843,0.31347,0.028352,0.049271,0.061662,0.24097,0.017897,0.083044,0.35729,0.37428,0.10215,0.098247,0.10997,0.26488,0.012504,0.083145,0.088094,0.06858,0.046931,0.23574,0.2761,0.15625,0.32358,0.1995,0.1974,0.32984,0.20701,0.27085,0.0010035,0.10502,0.28792,0.3549,0.11229,-0.093007,0.12382,-0.048835,0.083362,0.15584,0.17859,0.08256,0.39504,0.27842,0.26526,0.3008,0.15746,-0.042113,0.067729,0.16243,0.03271,0.12343,-0.054114,0.13809,0.30094,0.080851,-0.050247,0.049671,0.099301,0.28305,0.25603,0.46108,0.078662,0.0019415,0.096057,0.035727,0.00033523,0.33302,0.29732,0.31108,0.41035,0.37396,0.3911,0.3936,0.66773,0.72403,0.39968,0.36276,0.28547,0.25031,0.03312,-0.10823,0.13236,0.19603,0.42878,0.27993,0.27287,0.42257,0.32825,0.1863,0.28404,0.23942,0.24441,0.042795,0.3746,-0.02286,-0.038507,0.087535,0.055971,-0.012637,0.03594,0.071134,0.40388,0.12015,0.22028,0.31163,0.53165,0.2984,0.20404,0.4302,0.1512,-0.015381,0.13992,0.37395,0.27512,0.23419,0.15526,1,0.72516,0.61672,0.59019,0.49632,0.54986,0.15949,0.076206,0.21279,0.21471,0.08713,0.089209,0.090006,0.096105,0.11313,0.055795,0.15086,0.12062,0.1042,0.14145,0.13874,0.034025,0.044241,0.26191,0.29234,0.20901,0.080807,0.36698,0.096917,0.25559,0.12405,0.26939,0.15746,0.031986,0.097636,0.086175,0.12329,0.085541,0.022096,0.10339,0.026648,0.061228,0.017901,0.024589,0.24497,0.27916,0.18967,0.091547,0.45714,0.63756,0.46603,0.35275,0.087212,0.25831,0.2939,0.1659,0.37297,0.18534,0.10626,0.031395,0.077606,-0.066522,0.018355,0.18887,0.25005,0.41257,0.3737,0.13689,0.14221,0.13379,0.16074,0.16416,0.18675,0.24661,0.46781,0.18651,0.12044,0.35334,0.47118,0.25669,0.32283,0.11253,0.1516,0.16401,0.19782,0.14159,0.18415,0.36293,0.45539,0.35678,0.08977,0.17974,0.24052,0.041086,0.017601,0.21753,0.3101,0.11897,0.096107,0.21975,0.10697,0.14169,0.20672,0.19725,0.12114,0.40834,0.32648,0.3081,0.19188,0.21026,0.098553,0.057093,0.29136,0.044224,0.12338,0.071824,0.19589,0.35699,0.066332,0.030855,0.16669,0.19964,0.22955,0.23325,0.50831,0.2713,-0.0072007,0.26,0.06584,0.061762
0.071688,0.07835,0.11221,0.10547,0.10162,0.10014,0.14513,0.10866,0.022842,-0.00079728,0.12185,0.060165,0.33159,0.19831,0.20392,0.13261,0.097452,0.21642,0.21816,0.34501,0.29435,0.27522,0.36273,0.26872,0.32622,0.24334,0.42513,0.45749,0.24482,0.11798,0.05034,0.23777,0.16259,0.067305,0.12578,0.079474,0.28191,0.16577,0.2318,0.25286,0.25892,0.23349,0.20129,0.14578,0.1711,0.19963,0.171,0.26296,0.010148,0.22744,0.12817,0.10792,0.12858,0.10584,0.39642,0.18997,0.17648,0.32755,0.29408,0.24347,0.3936,0.3099,0.13548,0.17207,0.2002,0.41173,0.23789,0.2106,0.17255,0.58795,0.66804,0.42968,0.62992,0.35646,0.51606,0.20996,0.060059,0.096311,0.17922,-0.013045,0.039851,0.075801,0.10357,0.095342,0.082086,0.040973,0.11208,0.064242,0.037812,0.03239,0.05824,0.027551,0.14143,0.022168,0.044639,0.058684,0.21169,0.13074,0.20032,0.1063,0.077533,0.07117,0.12818,0.10062,0.086695,-0.004494,0.040523,0.019492,-0.0189,0.097023,0.13419,-0.010353,0.034679,0.091746,0.28035,0.085346,-0.017258,0.1988,0.35926,0.40456,0.17447,0.18746,0.26506,0.35467,0.18752,0.28484,0.085969,0.027435,0.065656,0.046423,0.044927,0.10254,0.069623,0.35933,0.49662,0.33983,-0.060303,0.10171,0.10818,0.23576,0.032289,-0.026602,0.29797,0.25125,0.06542,0.12066,0.077274,0.19512,0.10333,0.12879,0.12681,0.13279,0.12014,0.23279,0.27079,0.15995,0.2648,0.1857,0.17997,0.24005,0.25389,0.20743,0.10491,0.22198,0.2154,0.37288,0.15708,0.047699,0.16643,0.065853,0.13972,0.13985,0.14811,0.05708,0.2686,0.29408,0.21077,0.20329,0.15791,0.092454,0.11246,0.21724,0.020705,0.069738,-0.06761,0.096567,0.24148,0.099547,0.090218,0.040249,0.068205,0.28268,0.20942,0.29933,0.087567,0.070215,0.1022,0.13183,0.0098672,0.30756,0.44083,0.22166,0.33359,0.30916,0.33872,0.36715,0.45827,0.54953,0.35396,0.3592,0.15205,0.18238,0.10942,0.075209,0.074918,0.15809,0.34983,0.23412,0.21596,0.31049,0.27922,0.24217,0.33227,0.15462,0.099764,0.13966,0.302,0.024011,0.069952,0.14981,0.10541,0.021909,0.047476,0.14378,0.24473,0.2283,0.22982,0.25407,0.47507,0.29986,0.41639,0.42727,0.18875,0.06108,0.13359,0.57353,0.29239,0.23423,0.15833,0.72516,1,0.46122,0.68279,0.49762,0.49318,0.22905,0.086274,0.22624,0.26376,0.10714,0.16314,0.077163,0.083311,0.14264,0.095737,0.13415,0.17348,0.07412,0.024418,0.08516,0.029872,0.096188,0.14051,0.1615,0.14025,0.042129,0.41155,0.022835,0.20744,0.099888,0.22793,0.20194,0.16516,0.14751,0.19969,0.056582,0.15495,0.09564,0.11063,0.11702,0.079068,0.05709,0.010419,0.26035,0.32576,0.18446,0.059899,0.3809,0.49158,0.42608,0.34335,0.11087,0.23707,0.33625,0.11665,0.25446,0.27782,0.12163,0.035678,0.13119,-0.016862,0.10336,0.21203,0.27754,0.4861,0.41244,0.069589,0.17336,0.1144,0.15841,0.11942,0.12264,0.15219,0.28273,0.10565,0.060543,0.21394,0.29946,0.21736,0.25593,0.08838,0.16248,0.13525,0.14116,0.15194,0.15409,0.30941,0.28467,0.34609,0.048599,0.21231,0.19818,0.13318,0.10375,0.19431,0.40727,0.18091,0.12435,0.17787,0.1462,0.1279,0.19057,0.16277,0.10235,0.34442,0.27261,0.28407,0.12959,0.12257,0.12828,0.1398,0.31264,0.04816,0.12459,0.031836,0.2282,0.24094,0.13694,0.11872,0.091693,0.14916,0.17069,0.15309,0.33465,0.24207,0.05733,0.18483,0.13844,0.1766
0.1732,0.076588,0.14356,0.12944,0.15635,0.18068,0.17709,0.219,0.0057341,-0.038061,0.14962,0.14624,0.48934,0.28527,0.34052,0.20744,0.20454,0.16657,0.19411,0.53531,0.50282,0.47225,0.55066,0.39654,0.53923,0.40999,0.69289,0.80436,0.38641,0.25505,0.20875,0.48298,0.11993,-0.038223,0.36889,0.28417,0.44544,0.41013,0.43809,0.4829,0.46028,0.45162,0.39787,0.28093,0.29658,0.32002,0.32235,0.26011,-0.085499,0.19881,0.17229,0.085139,0.083597,0.01105,0.67858,0.35732,0.25822,0.39563,0.42782,0.32286,0.28147,0.34025,0.16853,0.2274,0.24298,0.23579,0.23153,0.40448,0.32495,0.70656,0.4938,0.79691,0.43485,0.41225,0.41682,0.1629,0.060658,0.079988,0.20991,-0.013823,0.072949,0.13937,0.17994,0.14582,0.19466,0.013399,0.0040905,0.12235,0.030313,0.021746,0.073929,0.09776,0.2438,0.10344,0.11702,0.046114,0.261,0.28092,0.30662,0.20856,0.10365,0.050368,0.088461,0.065177,0.11335,0.031568,0.06021,-0.047044,-0.1745,0.14107,0.2076,-0.00060709,0.1123,0.073462,0.30173,0.065504,-0.017724,0.34833,0.50208,0.36584,0.33418,0.23733,0.43877,0.28013,0.30209,0.47737,0.12641,0.027606,0.14292,0.076888,0.0020802,0.057892,0.039089,0.31773,0.32361,0.26294,0.0028317,0.14804,0.080205,0.35504,0.013533,0.037448,0.51266,0.47049,0.18249,0.22598,0.09088,0.32006,0.087605,0.10895,0.095082,0.07858,0.080576,0.28546,0.38925,0.18662,0.34318,0.29886,0.11893,0.39012,0.40406,0.40286,0.11696,0.075849,0.35232,0.22326,0.13984,0.021469,0.1701,-0.049134,0.28859,0.25287,0.22309,0.099526,0.46447,0.26394,0.42232,0.4692,0.2317,0.034673,0.07772,0.14737,0.034546,0.17894,0.00037552,0.16915,0.35671,0.23063,0.064534,0.03852,0.062067,0.43149,0.40576,0.56857,0.025416,0.070359,0.17023,0.13558,0.077203,0.51621,0.091602,0.42189,0.57146,0.54454,0.56066,0.52962,0.76866,0.84891,0.42185,0.32507,0.34253,0.40688,0.037259,-0.061934,0.2694,0.24628,0.55271,0.44097,0.40303,0.52648,0.35762,0.12053,0.50821,0.29472,0.27389,0.11545,0.46074,-0.018482,-0.031543,0.11081,0.10913,-0.044963,0.049494,0.16649,0.45898,0.216,0.3673,0.31506,0.44913,0.38598,0.14576,0.35288,0.11896,0.0042674,0.15162,0.16871,0.26327,0.20595,0.22797,0.61672,0.46122,1,0.37022,0.3812,0.31167,0.20597,0.1577,0.34186,0.37836,0.18359,0.24963,0.11074,0.1471,0.2207,0.17852,0.18244,0.1762,0.1577,0.12289,0.17703,0.040321,0.13172,0.28245,0.33925,0.26304,0.15219,0.30381,0.13844,0.24704,0.19204,0.28958,0.21386,0.038969,0.15526,0.25951,0.10016,0.15415,0.085957,0.13556,0.13528,0.184,-0.030707,0.086669,0.34114,0.16821,0.2902,0.065248,0.50068,0.65743,0.36049,0.44879,0.19772,0.35001,0.26795,0.14499,0.4603,0.28997,0.23422,0.087577,0.21774,0.043477,0.034799,0.22775,0.11875,0.27177,0.3066,0.12203,0.24226,0.12247,0.25313,0.14469,0.18407,0.31985,0.44372,0.23289,0.1106,0.36161,0.53909,0.30635,0.33001,0.11292,0.1555,0.17816,0.18561,0.10552,0.10378,0.37927,0.50681,0.26621,0.019965,0.31075,0.34905,0.11319,0.05141,0.28133,0.24471,0.066089,0.16255,0.24429,0.1214,0.28389,0.26568,0.27841,0.1404,0.50085,0.28006,0.44112,0.22005,0.17912,0.14459,0.15573,0.38555,0.080032,0.20009,0.18078,0.2385,0.34349,0.20265,0.093598,0.18059,0.20722,0.35754,0.35777,0.61706,0.34735,-0.025279,0.3484,0.21089,0.29431
0.096636,0.087806,0.11761,0.096001,0.12246,0.13171,0.14791,0.14985,0.041444,0.010536,0.17218,0.073806,0.32252,0.13328,0.20168,0.11415,0.1151,0.19286,0.19616,0.27952,0.24617,0.21631,0.29874,0.205,0.25897,0.21501,0.30064,0.40018,0.12642,0.029261,0.027231,0.18204,0.11064,0.067143,0.071572,-0.002712,0.20413,0.094541,0.13726,0.18805,0.20794,0.18731,0.18337,0.12796,0.17973,0.11735,0.18299,0.2167,-0.053842,0.1816,0.11845,0.066491,0.08215,0.060404,0.35801,0.22428,0.19663,0.31329,0.28175,0.25289,0.38235,0.30052,0.10975,0.1819,0.21822,0.36348,0.16735,0.15025,0.090861,0.457,0.57867,0.34746,0.57406,0.38422,0.41554,0.20662,0.037003,0.0309,0.16795,0.028931,0.060542,0.069646,0.13484,0.062037,0.1534,0.0099432,0.026273,0.077181,-0.018225,0.0067876,0.033282,0.044682,0.15072,0.031298,0.075801,0.089978,0.18475,0.086164,0.1472,0.06616,0.068683,0.020629,0.12524,0.088503,0.077645,-0.031249,0.031658,-0.0074248,-0.072265,0.14564,0.16357,-0.008084,0.079892,0.04426,0.28619,0.0003052,-0.04858,0.15073,0.25547,0.3912,0.17069,0.12439,0.24545,0.36652,0.21251,0.2826,0.091645,-0.0016728,-0.0029191,0.030071,-0.030494,0.062677,0.018685,0.36081,0.43055,0.24715,-0.061605,0.084163,0.098508,0.1774,0.025222,-0.056153,0.26472,0.19405,0.11653,0.15939,-0.0085497,0.14746,0.065929,0.11494,0.10392,0.079974,0.1153,0.25574,0.25508,0.17587,0.14766,0.1526,0.10399,0.16049,0.22809,0.17697,0.06503,0.12754,0.12774,0.29984,0.15147,0.023875,0.11447,0.019237,0.10171,0.15257,0.14288,0.027705,0.18175,0.18453,0.12241,0.14325,0.13645,0.065333,0.018204,0.15884,0.0039343,0.11269,-0.070443,0.10013,0.21814,0.15225,0.08835,0.033263,0.075446,0.22606,0.24141,0.2543,-0.026839,0.068536,0.11147,0.13959,-0.022565,0.22917,0.4187,0.13145,0.26126,0.24718,0.26255,0.31796,0.3441,0.46328,0.2356,0.34568,0.13884,0.13279,0.074169,0.058463,-0.0088886,0.11365,0.32569,0.17444,0.15831,0.22377,0.14221,0.23904,0.29252,0.080747,0.092288,0.050053,0.23329,0.037659,0.0090949,0.13051,0.12625,-0.019358,0.0046779,0.16509,0.2004,0.18777,0.21074,0.23965,0.38505,0.30087,0.38486,0.35755,0.23056,0.10467,0.10954,0.53344,0.21852,0.17843,0.11637,0.59019,0.68279,0.37022,1,0.47582,0.49317,0.18884,0.10476,0.25509,0.25105,0.14863,0.19477,0.10515,0.05591,0.097498,0.13652,0.12298,0.22042,0.020599,0.029703,0.11274,0.01267,0.13343,0.083308,0.1308,0.15641,0.072859,0.42544,0.061856,0.18442,0.072339,0.24447,0.23275,0.22835,0.18558,0.27497,0.031717,0.12988,0.08739,0.10542,0.16257,0.093506,0.022744,0.035427,0.23617,0.34308,0.24353,0.10251,0.2711,0.4032,0.42941,0.25962,0.10154,0.13306,0.2527,0.10829,0.29321,0.28944,0.20809,0.064341,0.21377,0.044346,0.054279,0.22986,0.28225,0.42851,0.42646,0.07018,0.21302,0.12893,0.18146,0.087314,0.072615,0.18149,0.17346,0.15413,0.072814,0.17408,0.22855,0.18824,0.20995,0.020991,0.15834,0.15329,0.11656,0.12916,0.19455,0.22407,0.22571,0.31222,0.10461,0.16644,0.18193,0.14301,0.10972,0.15664,0.36455,0.21471,0.13307,0.10642,0.13495,0.074578,0.13832,0.19043,0.1559,0.26632,0.23038,0.17936,0.10735,0.029803,0.11091,0.1718,0.24497,0.13544,0.16909,0.082829,0.22446,0.14827,0.16558,0.14964,0.10733,0.12426,0.17113,0.16552,0.30187,0.19825,0.06853,0.16912,0.17894,0.18888
0.089014,0.091788,0.070672,0.05804,0.0788,0.12321,0.10869,0.090543,0.069157,0.0083635,0.12185,0.049063,0.33423,0.18795,0.20309,0.093026,0.099859,0.11759,0.10548,0.27718,0.28591,0.2583,0.3006,0.2563,0.28367,0.20798,0.40761,0.40752,0.21627,0.11843,0.050136,0.24292,0.097069,0.038784,0.11707,0.036848,0.23951,0.12117,0.19789,0.22322,0.22679,0.21649,0.17914,0.2245,0.13092,0.15922,0.18806,0.22253,-0.063701,0.12998,0.031946,0.073355,0.03513,-0.0013646,0.41466,0.2451,0.20189,0.3716,0.28447,0.32003,0.43861,0.3132,0.21369,0.27043,0.21919,0.3278,0.14764,0.18649,0.15511,0.48864,0.4683,0.38297,0.44287,0.43035,0.3896,0.18296,0.030694,0.089519,0.18316,-0.028189,0.040748,0.073804,0.054814,-0.014407,0.074599,-0.047967,0.0084367,0.010846,-0.016259,-0.014139,-0.018599,0.0032451,0.1605,0.02137,-0.04292,0.024441,0.23891,0.14386,0.2232,0.090248,0.12816,0.079725,0.15738,0.077013,0.07176,-0.087434,-0.012675,-0.056951,-0.085417,0.066748,0.10506,-0.025261,0.032667,0.11875,0.35958,0.028958,-0.059045,0.20263,0.31334,0.32355,0.17888,0.16714,0.26155,0.30761,0.18906,0.29241,0.13061,0.015643,0.066938,0.040896,0.039354,0.11462,0.050252,0.28169,0.39906,0.31918,-0.061689,0.078218,0.047778,0.19689,0.0080325,0.017807,0.26737,0.23796,0.092232,0.1128,0.058363,0.14653,0.013108,0.097152,0.057122,0.067352,0.090122,0.20734,0.20359,0.22951,0.19724,0.13388,0.17515,0.20716,0.22268,0.2511,0.1084,0.1519,0.17947,0.32964,0.22296,-0.0056333,0.06935,-0.033077,0.14073,0.11668,0.1051,0.038669,0.25728,0.22987,0.19214,0.19065,0.14989,0.0123,0.039236,0.11797,0.023043,0.059161,-0.029367,0.13683,0.22168,0.14508,0.0010887,0.028422,0.080079,0.2246,0.20693,0.30792,0.043254,0.013483,0.08075,0.12854,-0.015572,0.26004,0.32462,0.20489,0.30457,0.27693,0.28452,0.29365,0.43839,0.45933,0.28225,0.30691,0.12315,0.18026,0.047986,0.0265,0.072285,0.15625,0.31541,0.1949,0.14715,0.25164,0.2214,0.25146,0.28291,0.12739,0.09831,0.1204,0.21662,0.02962,-0.018486,0.059259,0.04086,-0.050627,-0.040996,0.0587,0.27538,0.27462,0.22064,0.25857,0.37833,0.34637,0.41097,0.36736,0.30249,0.1742,0.17855,0.38417,0.22555,0.20265,0.1223,0.49632,0.49762,0.3812,0.47582,1,0.35599,0.16699,0.097102,0.24496,0.25509,0.041028,0.088654,0.079506,0.0026362,0.031151,0.048046,0.05865,0.10178,-0.0029846,-0.0029935,0.052649,-0.012408,0.061313,0.11468,0.11056,0.092935,0.02893,0.34679,-0.0021742,0.2241,0.073346,0.23024,0.1795,0.19928,0.13065,0.18564,0.006175,0.04996,0.041692,0.048874,0.089076,0.061528,0.0025008,0.0013754,0.23853,0.34306,0.13029,0.077879,0.34941,0.39462,0.31326,0.3084,0.094942,0.19579,0.36072,0.097442,0.22256,0.21606,0.12329,0.062177,0.12719,-0.022206,0.11006,0.16812,0.17122,0.39149,0.37648,0.04342,0.11817,0.071979,0.13723,0.10009,0.08055,0.17373,0.23247,0.099229,0.1001,0.1854,0.23411,0.12101,0.19026,-0.0085637,0.097698,0.073658,0.12195,0.10226,0.24106,0.24264,0.25724,0.354,0.16942,0.17405,0.19738,0.13095,0.088233,0.20275,0.32056,0.2183,0.083084,0.096394,0.051705,0.11818,0.15273,0.1117,0.099765,0.29544,0.24631,0.20264,0.12307,0.10727,0.048322,0.10452,0.26985,0.032088,0.090894,0.019274,0.21416,0.18267,0.1067,0.075327,0.0646,0.084839,0.13925,0.14609,0.29678,0.15281,0.0027567,0.14521,0.11857,0.12811
0.03506,0.073032,0.15744,0.070922,0.081088,0.016144,0.15202,0.13451,0.052786,0.0029735,0.11989,0.091455,0.23672,0.11063,0.21883,0.052187,0.066209,0.11907,0.15051,0.1423,0.22667,0.1463,0.18689,0.11441,0.19135,0.168,0.31848,0.28777,0.1632,0.10466,0.18107,0.13479,-0.11518,-0.11765,0.10001,0.067288,0.17201,0.10917,0.11415,0.19924,0.1545,0.15633,0.060461,0.19515,0.14961,0.052836,0.22561,0.14717,-0.16272,-0.017621,0.039604,-0.025787,-0.049628,-0.12398,0.24851,0.059428,0.11478,0.22545,0.28348,0.20645,0.19671,0.29511,0.14968,0.1148,0.080869,0.26969,0.20309,0.14113,0.12394,0.37761,0.4053,0.31035,0.3615,0.25298,0.44986,0.16849,0.039195,0.0091585,0.069028,-0.0051616,0.0016794,0.023926,0.035843,0.043193,0.14224,-0.069656,-0.069496,0.039499,0.014493,0.013649,-0.062225,0.075267,0.10599,0.073177,-0.0042628,-0.040651,0.29372,0.1539,0.22684,0.076449,0.12414,0.085718,0.15406,0.089412,0.07403,-0.031648,-0.048204,-0.073634,-0.15105,0.085463,0.10481,-0.1033,0.050592,0.1019,0.30641,-0.064767,-0.026469,0.11592,0.27778,0.28836,0.099965,0.033659,0.22399,0.25663,0.17127,0.19512,0.13636,-0.03709,0.11884,0.073469,0.020067,0.04248,-0.08749,0.26065,0.39561,0.25796,-0.0097872,-0.053881,0.029794,0.048082,-0.06194,0.0033898,0.19242,0.19314,0.085336,0.052394,-0.043705,0.19174,-0.047553,0.012678,-0.041981,-0.03701,-0.04423,0.13549,0.1411,0.13668,0.15302,0.081675,0.11505,0.12725,0.038886,0.1153,0.032371,0.026699,0.10459,0.3459,0.18693,-0.03253,-0.022163,-0.11792,-0.051109,0.11954,0.1159,0.047674,0.17386,0.095695,0.072927,0.13371,0.085736,-0.08202,-0.005439,0.13274,0.014539,0.13657,0.0048171,0.091479,0.20402,0.10479,0.013794,0.055387,0.11509,0.15739,0.23708,0.28359,-0.072216,-0.00081585,0.042891,0.035154,0.051243,0.16028,0.29079,0.12589,0.20135,0.2139,0.16388,0.16686,0.37264,0.39605,0.23247,0.37229,0.16683,0.1506,-0.0031526,-0.1158,-0.0048162,0.14965,0.21256,0.15506,0.11977,0.18261,0.15015,0.14586,0.16065,0.097722,0.12795,-0.048301,0.1563,-0.035632,-0.12413,-0.060708,0.08265,-0.080709,0.004673,-0.016425,0.25663,0.10077,0.1855,0.20662,0.26778,0.18909,0.2131,0.397,0.28538,0.054257,0.15079,0.38247,0.20179,0.23927,0.054964,0.54986,0.49318,0.31167,0.49317,0.35599,1,0.099813,0.052285,0.22587,0.20205,0.092474,0.090806,0.073756,0.072054,-0.0060568,0.011272,0.016867,0.056575,-0.031054,0.041289,0.058252,-0.06121,0.024138,0.099149,0.10476,0.071526,0.005766,0.4727,0.0040547,0.13103,-0.026535,0.1986,0.15548,0.21113,0.13145,0.20038,-0.0036874,0.00076748,-0.022401,0.073727,0.14597,0.034349,0.0013955,-0.011718,0.10585,0.30187,0.11037,0.099191,0.34707,0.42715,0.38821,0.096611,0.023188,0.075725,0.14367,0.15622,0.28116,0.23137,0.15694,0.036022,0.1636,-0.051376,0.01252,0.13045,0.24693,0.47399,0.40666,0.10398,0.05302,0.11906,0.12334,0.091948,0.047866,0.18067,0.22901,0.14928,0.084081,0.16211,0.26003,0.053921,0.11763,-0.01524,0.036341,0.075493,0.16787,0.060676,0.20672,0.14399,0.26407,0.33589,0.1566,0.061766,0.09466,0.046478,-0.055931,0.092067,0.37777,0.23333,0.016302,-0.006221,-0.053286,0.044965,0.10021,0.10281,0.050195,0.1819,0.20953,0.092789,0.13668,0.11499,0.030457,-0.011346,0.13757,0.029085,0.067939,0.063393,0.10941,0.199,0.064461,0.096034,0.049845,0.1229,0.1815,0.20949,0.30212,0.10126,-0.042303,0.20335,0.10226,0.027508
0.054222,0.00020743,0.0064989,0.061346,0.023905,0.12186,0.080068,0.064304,0.013986,0.010184,0.063585,0.030481,0.17615,0.12645,0.11733,0.11567,0.10845,0.21935,0.174,0.2295,0.11516,0.14335,0.20476,0.21332,0.20291,0.086236,0.17205,0.23971,0.17988,0.04602,0.020469,0.12949,0.21116,0.19432,0.043868,0.047992,0.12868,0.070193,0.091498,0.11246,0.1836,0.082564,0.16995,0.1835,0.16117,0.22879,0.10788,0.26349,0.050776,0.13757,0.16506,0.082558,0.15011,0.14311,0.16832,0.16607,0.21068,0.17536,0.13311,0.076288,0.25324,0.10691,0.23497,0.24502,0.2573,0.16827,0.064878,0.12457,0.12597,0.22089,0.22865,0.23109,0.21487,0.15834,0.15136,0.15029,0.05202,0.14682,0.17825,0.018479,0.10428,0.11499,0.11518,0.04751,0.010104,0.13453,0.13461,0.077922,0.084527,0.13004,0.095866,0.1148,0.081708,0.02212,0.080655,0.095685,0.11346,0.10224,0.11694,0.10159,0.12868,0.082891,0.21737,0.078137,0.22063,0.1415,0.099338,0.14115,0.11317,0.1127,0.062476,0.12869,0.085769,0.09162,0.20207,0.16952,0.1329,0.10901,0.15548,0.088543,0.090522,0.15296,0.091211,0.061534,0.10334,0.14412,0.050006,0.050722,0.046764,0.083383,0.058659,0.062192,0.094268,0.089092,0.19886,0.18625,-0.0016768,0.1292,0.063419,0.12629,0.064376,-0.0602,0.089761,0.050659,0.0037745,0.085097,0.074674,0.1008,0.17761,0.070417,0.092711,0.15145,0.13967,0.13746,0.14485,0.20954,0.13273,0.13096,0.14608,0.14828,0.2314,0.20275,0.19767,0.21877,0.15547,0.12787,0.17821,0.21615,0.12874,0.11387,0.14916,0.04729,0.070337,0.0091235,0.099117,0.14351,0.12078,0.097976,0.06007,0.19887,0.14071,0.094919,0.039201,-0.0092159,-0.021517,0.11375,0.071119,0.050065,0.17102,0.07376,0.030036,0.1702,0.087128,0.090977,0.060405,0.15305,0.095998,0.18674,0.063131,0.17452,0.20177,0.11656,0.17961,0.16602,0.19178,0.2062,0.14924,0.21123,0.15979,0.17589,0.042521,0.074685,0.12685,0.18798,0.032503,0.09263,0.19078,0.092826,0.084389,0.1552,0.17385,0.17554,0.20614,0.11289,0.039766,0.1338,0.16604,0.11784,0.095379,0.10765,0.14969,-0.01681,0.01922,0.11293,0.077865,0.19973,0.2276,0.041892,0.16529,0.2526,0.23826,0.19413,0.19942,0.16639,0.10464,0.22174,0.18442,0.07291,0.14998,0.15949,0.22905,0.20597,0.18884,0.16699,0.099813,1,0.22879,0.21416,0.20587,0.12447,0.2159,0.15397,0.078842,0.080538,0.042739,0.14741,0.20168,0.066675,0.058518,0.09475,0.016109,0.15701,0.077719,0.041912,0.080215,0.088817,0.23339,0.023381,0.13269,0.065989,0.21219,0.20959,0.27655,0.19825,0.27763,0.11921,0.072602,0.16081,0.083259,0.15034,0.14726,0.089669,0.039414,0.22711,0.21823,0.13935,0.10549,0.15616,0.16507,0.12927,0.18314,0.07745,0.15058,0.16749,0.051326,0.034762,0.23963,0.11748,0.04532,0.097773,0.041673,0.049399,0.086975,0.05114,0.2332,0.2379,-0.029154,0.099246,0.035299,0.13856,0.051665,-0.025409,0.034537,0.019329,0.062018,0.018023,0.040375,0.080988,0.16374,0.056266,0.014819,0.14505,0.10695,0.062299,0.1218,0.22126,0.23784,0.090399,0.158,0.15528,0.15584,0.17893,0.20028,0.15407,0.16732,0.21278,0.2698,0.23293,0.11338,0.10436,0.092056,0.092206,0.026996,0.052556,0.16339,0.10695,0.15145,0.052387,0.04954,0.093516,0.15784,0.22683,0.008118,0.054969,0.026889,0.15806,0.096127,0.17548,0.18874,0.10086,0.074746,0.044194,0.066877,0.078085,0.093229,0.057921,0.03315,0.21645,0.26833
0.042516,-0.046785,0.033692,0.0066969,0.070791,0.074639,0.078524,0.056454,0.0077755,0.012587,0.031218,0.047884,0.17682,0.11015,0.079882,0.080896,0.11401,0.16413,0.10287,0.20827,0.092831,0.12845,0.17284,0.15537,0.16239,0.072777,0.11728,0.19758,0.15376,0.054384,0.046139,0.12112,0.11635,0.086833,0.059799,0.047679,0.079334,0.07523,0.087328,0.084122,0.12383,0.090837,0.15383,0.17359,0.11798,0.12715,0.11551,0.19213,-0.031498,0.06958,0.10341,0.006836,0.052015,0.020764,0.14552,0.18985,0.23567,0.10147,0.086017,0.092176,0.16073,0.089202,0.19184,0.1971,0.23258,0.090292,0.0022522,0.11505,0.10127,0.15998,0.14634,0.16964,0.11221,0.13244,0.10187,0.11771,0.099794,0.08303,0.10526,0.020628,0.055855,0.10871,0.086068,0.045384,0.066286,0.043208,0.013553,0.02059,0.034078,0.055695,0.018218,0.10236,0.096829,0.00022276,0.081807,0.036321,0.15088,0.10247,0.1603,0.11132,0.15735,0.061126,0.18794,0.10283,0.17737,0.07835,0.061139,-0.012351,0.0071722,0.12246,0.031219,0.086582,0.069829,0.048986,0.17832,0.075221,0.048484,0.10669,0.10135,0.085317,0.08998,0.11168,0.081819,0.078748,0.11882,0.1843,0.078517,0.046433,0.015847,0.047262,0.024476,0.039343,0.058137,0.071096,0.10939,0.12655,-0.035553,0.043257,-0.011556,0.12356,0.032606,-0.048896,0.090597,0.02424,0.077394,0.062057,-0.01662,0.033378,0.061533,0.020243,-0.018036,0.079222,0.055152,0.12459,0.12292,0.19739,0.083889,0.050241,0.010129,0.097305,0.22991,0.18867,0.17608,0.111,0.11541,0.10488,0.21831,0.15065,0.015152,-0.010475,0.14899,0.077981,0.038632,-0.0073196,0.058175,0.048812,0.11722,0.1075,0.045699,0.11343,0.10994,0.030818,0.034035,0.098696,0.032127,0.10119,0.089149,0.10657,0.10001,0.076509,0.0015721,0.15405,0.10414,0.078467,-0.088486,0.077606,0.0748,0.066682,0.064328,0.16533,0.086754,0.09724,0.15166,0.13151,0.11707,0.15795,0.090487,0.13086,0.12218,0.15764,0.034284,0.095678,0.081135,0.095822,0.046137,0.087055,0.12999,0.068765,0.023047,0.095347,0.061718,0.079245,0.13141,0.010576,-0.0034183,0.058599,0.077815,0.075488,0.0057334,0.029313,0.12601,-0.033093,0.059965,0.03729,0.025734,0.12384,0.21575,0.0030836,0.061023,0.12911,0.11801,0.14179,0.12516,0.077281,0.063663,0.10783,0.093036,0.025774,0.1019,0.076206,0.086274,0.1577,0.10476,0.097102,0.052285,0.22879,1,0.20447,0.15781,0.13823,0.1681,0.15986,0.061482,0.081127,0.081204,0.077606,0.12977,0.0047906,0.040534,0.086866,0.017356,0.096132,0.027356,0.0060012,0.069542,0.049935,0.24154,0.097789,0.15461,0.055943,0.23376,0.1481,0.1884,0.1299,0.18559,0.050556,0.0492,0.067957,0.0089822,0.11175,0.10593,-0.021529,0.0178,0.21766,0.14092,0.13752,0.096843,0.12363,0.13567,0.072472,0.12523,0.074476,0.076086,0.11232,0.072279,0.057876,0.20705,0.18973,0.039841,0.11856,0.045211,0.019333,0.10806,0.017448,0.1379,0.20944,0.071491,0.057626,0.03102,0.099793,0.01745,-0.071206,0.0070745,-0.035894,0.08697,0.01998,0.0073617,0.04253,0.068023,-0.037877,-0.024707,0.1355,0.092617,0.06137,0.078862,0.21819,0.142,0.057595,0.11096,0.16009,0.15683,0.17222,0.15887,0.11832,0.16477,0.17502,0.26645,0.16888,0.044858,0.075223,0.07809,0.094259,0.072924,0.047518,0.10889,0.078027,0.10058,0.072201,0.039633,-0.0024529,0.11262,0.16954,0.038822,0.089222,0.069515,0.12136,0.074573,0.16975,0.10243,0.10248,0.049268,0.051068,0.10988,0.056497,0.051278,-0.010549,0.06771,0.16207,0.22461
0.094019,0.022683,0.085451,0.073362,0.14979,0.15511,0.18242,0.18708,0.022483,-0.016681,0.20632,0.19705,0.32199,0.17709,0.20061,0.086058,0.18214,0.25079,0.086602,0.31229,0.21061,0.28882,0.31331,0.22872,0.26867,0.22271,0.2326,0.37582,0.29302,0.095481,0.15396,0.29688,0.079516,0.14386,0.19103,0.10057,0.16113,0.21142,0.16615,0.2353,0.25179,0.1721,0.28113,0.37532,0.31482,0.14868,0.26987,0.26506,-0.19483,0.028976,0.15824,-0.07979,-0.012311,-0.04364,0.31968,0.38249,0.40325,0.19394,0.26079,0.24579,0.36869,0.31237,0.35741,0.34009,0.34532,0.23007,0.068097,0.25934,0.17734,0.29136,0.28984,0.34463,0.24708,0.34674,0.13516,0.22793,0.076138,0.11433,0.31084,0.079419,0.14435,0.10846,0.23708,0.065674,0.20809,-0.12878,-0.15379,0.04227,-0.1726,-0.093018,-0.036552,0.075121,0.35546,0.059922,0.0031413,-0.034589,0.30776,0.21528,0.19564,0.063708,0.13232,0.019054,0.32891,0.14357,0.38164,-0.03902,-0.0069277,-0.092202,-0.13584,0.30793,0.15122,-0.037957,0.066481,0.12354,0.32668,-0.105,-0.092491,0.25947,0.17112,0.23233,0.18825,0.13292,0.25245,0.29599,0.28213,0.38024,0.26012,0.14756,0.029287,0.198,-0.010072,0.13754,0.033056,0.19835,0.21746,0.18599,-0.075829,0.055153,0.027379,0.16211,-0.06197,-0.060272,0.27259,0.16797,0.17119,0.11268,-0.098845,0.14752,0.022141,-0.0038017,-0.087591,-0.029772,-0.011038,0.17376,0.20621,0.20423,0.12854,0.13081,-0.013504,0.09076,0.33489,0.29714,0.2017,0.022448,0.16201,0.23732,0.37054,0.14925,-0.078259,-0.14799,0.23571,0.13354,0.1416,-0.013097,0.10238,0.053035,0.20274,0.26584,0.12118,0.021273,0.0025777,0.1093,0.070867,0.15856,0.045184,0.15646,0.17795,0.33284,0.13617,-0.00946,0.069862,0.26226,0.31919,0.27352,-0.20183,0.033477,0.15896,0.18727,0.13938,0.30375,0.17176,0.21252,0.31599,0.31683,0.26897,0.28486,0.20799,0.34743,0.18201,0.27391,0.0657,0.28472,0.036253,0.054911,0.094824,0.1932,0.27026,0.24679,0.16665,0.21025,0.11219,0.16153,0.33076,0.021829,0.032919,0.059839,0.13714,-0.052495,-0.14827,-0.057421,0.13031,-0.1907,-0.050467,0.047315,0.1735,0.25691,0.358,0.14361,0.099195,0.35279,0.28887,0.24079,0.29791,0.19936,0.15666,0.21951,0.1271,0.18627,0.11139,0.21279,0.22624,0.34186,0.25509,0.24496,0.22587,0.21416,0.20447,1,0.42536,0.16752,0.22646,0.022441,0.063097,0.010392,0.11199,-0.02851,0.068811,-0.045837,-0.073363,0.017193,-0.11493,-0.013401,0.003939,0.029722,0.092048,-0.072258,0.3419,0.0040694,0.098135,-0.030131,0.21343,0.09257,0.36198,0.087894,0.43127,-0.10855,-0.0055309,-0.044801,0.0019132,0.30178,0.14943,-0.083297,-0.0168,0.2242,0.17533,0.13847,-0.020903,0.28028,0.32075,0.21737,0.16346,0.11455,0.1015,0.18918,0.16982,0.261,0.38668,0.39433,0.090307,0.32499,0.089744,0.1381,0.24645,0.14145,0.2092,0.30973,0.029003,0.18212,0.11367,0.23227,0.01708,-0.0058656,0.20265,0.039088,0.1782,0.052228,0.10111,0.15462,-0.00057921,0.019787,-0.15087,-0.02262,0.046295,0.062167,0.027632,0.17005,0.14309,0.11091,0.26272,0.20155,0.23696,0.26781,0.074023,-0.05263,0.16224,0.35116,0.27604,-0.0010849,-0.07861,-0.079167,0.19354,0.14822,0.16752,0.10891,0.18801,0.15573,0.18916,0.15411,0.02402,0.029869,0.10445,0.22929,0.076403,0.15737,0.10997,0.22545,0.1227,0.18461,0.13249,-0.0491,0.083596,0.23317,0.27603,0.24868,0.07676,-0.090934,0.19477,0.29693,0.35974
0.07112,0.0051927,0.017541,0.058999,0.13909,0.14485,0.1631,0.1939,-0.00066936,-0.025403,0.18493,0.10181,0.32995,0.181,0.1706,0.12973,0.14193,0.21901,0.10026,0.36538,0.2587,0.31471,0.34989,0.26473,0.32707,0.23078,0.23228,0.39579,0.31245,0.10019,0.12828,0.34218,0.15985,0.14126,0.23207,0.13139,0.22246,0.25682,0.22437,0.2539,0.30035,0.20513,0.28255,0.25718,0.34431,0.22018,0.20184,0.26533,-0.087945,0.086002,0.13299,0.020098,0.034452,0.039913,0.34564,0.37168,0.3705,0.22166,0.22989,0.22933,0.35502,0.30031,0.35895,0.35408,0.34466,0.23069,0.095965,0.3055,0.22848,0.30427,0.26954,0.32867,0.24223,0.32789,0.21047,0.16335,0.094069,0.14703,0.30144,0.032809,0.1718,0.10221,0.15812,0.052783,0.092247,-0.031293,-0.0163,0.055722,-0.15107,-0.024767,-0.0059906,0.01999,0.26879,0.081022,-0.021508,-0.020814,0.23445,0.16585,0.14026,0.024144,0.076308,-0.019068,0.33209,0.10163,0.34525,-0.069782,0.012798,0.017328,-0.094792,0.22632,0.13994,-0.015141,0.051306,0.095934,0.3152,-0.0071462,-0.0018599,0.21361,0.18454,0.21517,0.17902,0.16013,0.21734,0.22669,0.22711,0.33217,0.24912,0.1708,0.0043089,0.14081,-0.00064558,0.13768,0.11258,0.19955,0.22271,0.23834,-0.046066,0.11288,0.047683,0.20516,0.0092739,-0.055625,0.25249,0.17044,0.15828,0.15971,0.019792,0.16648,0.048471,0.06497,-0.042161,-0.016856,0.065459,0.20529,0.25143,0.21142,0.16994,0.13034,0.026787,0.17303,0.33268,0.26597,0.18123,0.0608,0.18019,0.20174,0.24833,0.11048,0.010004,-0.085809,0.27775,0.12067,0.1262,0.083659,0.19415,0.13144,0.25219,0.25154,0.14655,0.059125,0.020977,0.088017,0.038951,0.053166,-0.0054762,0.099052,0.1479,0.28078,0.1402,-0.075177,0.059337,0.23462,0.22943,0.24277,-0.080836,0.029713,0.14797,0.21622,0.1051,0.33303,0.13403,0.23789,0.3348,0.34523,0.32192,0.33276,0.23555,0.36871,0.25117,0.27472,0.12196,0.26574,0.08033,0.06578,0.15582,0.1768,0.31977,0.25961,0.20255,0.24119,0.17089,0.1581,0.34524,0.099971,0.087535,0.12504,0.2082,0.033452,-0.060519,0.014374,0.10446,-0.12989,-0.025765,0.11143,0.15879,0.26465,0.32486,0.13768,0.20066,0.29382,0.32666,0.36845,0.32264,0.19698,0.16533,0.24422,0.17704,0.1865,0.1539,0.21471,0.26376,0.37836,0.25105,0.25509,0.20205,0.20587,0.15781,0.42536,1,0.11906,0.25869,0.11042,0.076084,0.072138,0.10929,0.030586,0.16053,-0.0072441,-0.079088,0.015431,-0.080016,0.062024,0.11077,0.077767,0.073218,-0.028823,0.33636,-0.027507,0.10379,0.013726,0.16548,0.16777,0.33432,0.15177,0.48044,-0.049317,0.062014,0.034025,0.024486,0.2441,0.084756,-0.073585,0.0025577,0.2817,0.21873,0.15961,-0.0057085,0.26709,0.31498,0.17274,0.24232,0.1249,0.16622,0.21741,0.1031,0.22669,0.42108,0.31016,0.038933,0.25952,0.065836,0.11565,0.22183,0.084672,0.23807,0.32608,0.046486,0.15892,0.068135,0.17438,0.020011,0.067376,0.12832,0.12338,0.10876,0.031034,0.12967,0.20274,0.076009,0.13342,-0.078082,0.011475,0.04856,0.085122,0.077805,0.12043,0.18932,0.19073,0.18631,0.11221,0.22829,0.24518,0.17635,0.023319,0.18736,0.31649,0.2042,0.074745,0.03895,-0.0089084,0.23104,0.13578,0.1636,0.088419,0.26386,0.13706,0.24196,0.14053,-0.013198,0.036034,0.1411,0.29592,0.061998,0.14749,0.06365,0.22735,0.11173,0.21673,0.14505,-0.01345,0.097029,0.17108,0.16919,0.25358,0.14999,-0.031695,0.20605,0.36784,0.3349
0.038621,0.0066969,0.21412,0.16465,0.12791,0.081787,0.18044,0.14635,0.0098687,0.0023706,0.066677,0.0467,0.21819,0.14578,0.16963,0.098977,0.18419,0.17743,0.16921,0.17792,0.14197,0.11902,0.16309,0.13523,0.16261,0.091417,0.15322,0.21464,-0.054953,-0.045999,-0.0342,0.090114,0.13113,0.072394,0.086783,0.042899,0.058014,0.062433,0.099177,0.1365,0.14805,0.098751,0.16067,0.026411,0.17207,0.11625,0.12948,0.078271,0.15123,0.25667,0.24073,0.19434,0.18605,0.20324,0.16032,0.087194,0.10509,0.12881,0.13917,0.091007,0.063916,0.02624,-0.036033,0.025652,0.057507,0.040218,0.039305,0.10403,-0.03161,0.13587,0.15078,0.17849,0.11862,0.13083,0.028124,0.099506,0.035704,-0.02395,0.0099907,0.17501,0.15782,0.052428,0.32294,0.2085,0.24019,0.13686,0.19353,0.34924,0.16015,0.24538,0.25415,0.13594,0.0050413,0.022082,0.19037,0.064413,-0.08355,-0.031112,-0.015186,1.3431e-05,-0.11739,-0.027495,-0.029496,-0.05981,0.054427,0.17049,0.23485,0.091419,0.11454,0.13878,0.12035,0.094239,0.23481,-0.11041,0.0032527,-0.0093609,0.17445,0.078042,0.075776,0.13409,0.13799,0.077099,0.16261,0.10917,0.14919,0.15585,-0.052022,-0.10481,0.03941,0.01239,0.045403,-0.10441,-0.057772,0.062815,0.036652,-0.096856,0.028756,0.057101,0.058724,0.11438,-0.035385,-0.042357,0.1343,0.06599,0.082689,0.072856,-0.022211,0.044762,0.1569,0.19661,0.18255,0.057314,0.090429,0.15744,0.12438,-0.031219,0.068235,0.026259,-0.03638,0.054396,0.13854,0.071002,-0.013638,-0.012008,0.013925,-0.01023,-0.091894,0.083032,0.25155,0.1364,0.073991,0.10582,0.10876,0.058263,0.098099,0.054209,0.095303,0.11668,0.063741,0.22788,0.079836,0.025688,0.080415,0.16712,0.015974,0.066067,0.12278,0.0099925,0.12377,0.0043028,0.012682,0.18185,0.225,0.10578,0.010276,0.21153,0.085443,0.045726,0.19901,0.13834,0.073598,0.066329,0.12212,0.136,0.12499,0.146,0.13643,0.16437,-0.017761,0.029039,0.096164,0.062707,0.18834,0.20981,0.019061,0.015285,0.13428,0.11202,0.11527,0.11909,0.027561,-0.013436,0.1754,0.039603,0.12209,0.063827,0.11374,0.052574,0.20102,0.24054,0.22853,0.16965,0.1826,0.32212,0.076042,0.043623,0.124,0.10343,0.058854,0.12508,-0.028033,-0.00066576,-0.015309,0.01321,-0.05857,0.064608,0.013564,-0.0045803,-0.0074202,0.08713,0.10714,0.18359,0.14863,0.041028,0.092474,0.12447,0.13823,0.16752,0.11906,1,0.41756,0.048165,0.37893,0.33646,0.19771,0.27278,0.30658,0.32311,0.16555,0.29476,0.21749,0.091261,-0.042337,0.095327,0.090408,0.052798,0.022055,0.0048086,-0.0051099,0.024037,-0.0024528,0.046162,-0.0055452,0.069266,0.20624,0.19155,0.24146,0.073672,0.25621,0.18326,0.19376,0.036328,0.15727,0.056071,-0.04481,0.1426,0.067728,0.054739,0.15769,0.12744,0.048734,0.029633,0.033463,-0.011969,0.033958,0.18316,0.084664,0.10991,0.052921,0.1864,0.18368,-0.027429,0.05458,0.00050264,0.024285,0.00047271,0.13757,0.17244,0.19367,0.15036,0.055129,-0.064068,0.12886,-0.0071494,0.22187,0.066828,0.083015,0.11517,0.19721,0.14226,0.23499,0.10324,0.17379,0.12325,-0.00060055,-0.046415,0.073983,0.076383,0.11346,-0.0074081,0.15912,0.15182,-0.027773,0.009264,0.019687,0.069677,-0.006489,0.1882,0.20543,0.27397,0.047675,0.11169,0.10394,0.14509,0.13753,0.064914,0.095738,0.077109,0.093008,0.26671,0.29005,0.11237,0.18704,0.21489,0.16369,0.0275,0.0834,0.079547,0.25003,0.040672,0.12508,0.1564,0.23358,0.10378,0.25882,0.086828,0.12432,0.25467,0.31645
0.049688,0.0062035,0.13925,0.13616,0.16538,0.14314,0.25385,0.18361,0.025093,-0.031825,0.077413,0.074076,0.32296,0.12889,0.20558,0.16896,0.16525,0.25184,0.2749,0.28683,0.1603,0.14357,0.24054,0.18497,0.20993,0.081927,0.1146,0.30138,-0.0092971,-0.10125,-0.0049378,0.12402,0.17394,0.13329,0.057876,0.012736,0.088262,0.052769,0.069951,0.15189,0.21153,0.13795,0.23779,0.076044,0.35417,0.14475,0.18055,0.16636,0.12685,0.29223,0.28805,0.1736,0.17239,0.26093,0.24823,0.22359,0.18319,0.15754,0.14171,0.15093,0.19367,0.079681,0.050577,0.12067,0.1782,0.059958,0.0063527,0.14786,-0.037671,0.17599,0.19903,0.22709,0.15324,0.17338,0.054518,0.094477,0.072818,0.0015049,0.093237,0.14544,0.24368,0.14051,0.29084,0.16978,0.19163,0.18049,0.19602,0.40782,0.13612,0.32249,0.23636,0.19038,0.070014,0.070824,0.2174,0.088055,-0.027164,-0.04045,-0.04462,0.011372,-0.12168,-0.022479,0.07213,-0.031757,0.18236,0.1897,0.23771,0.12746,0.15955,0.24096,0.15112,0.11846,0.22905,-0.14735,0.047104,0.038619,0.25454,0.13584,0.075139,0.12999,0.12693,0.13724,0.15172,0.12667,0.16529,0.2368,-0.019114,-0.020408,-0.038619,0.052954,0.027834,-0.069897,-0.018422,0.12008,0.078326,-0.05049,-0.019496,0.11284,0.072194,0.16658,0.0089312,-0.13904,0.21542,0.10155,0.085263,0.12641,-0.0086834,0.11142,0.22146,0.23742,0.23232,0.061684,0.18506,0.21225,0.22139,0.038444,0.086594,0.095402,-0.01191,0.10779,0.23739,0.10876,0.045139,0.015471,-0.015201,0.022782,-0.011248,0.15887,0.27765,0.13928,0.12923,0.12354,0.10226,0.041355,0.10809,0.05491,0.11007,0.12293,0.099048,0.26561,0.099588,0.019706,0.080657,0.14964,-0.020448,0.069499,0.088156,0.10221,0.12643,-0.009803,0.00075928,0.23114,0.23197,0.14791,0.0041656,0.23987,0.11158,0.15619,0.14688,0.18715,0.087818,0.092562,0.19642,0.1791,0.20249,0.23253,0.12967,0.22018,0.019836,0.074183,0.21376,0.079946,0.17434,0.26627,0.015587,-0.032982,0.22907,0.11272,0.11888,0.10921,0.022567,0.011487,0.28103,0.13703,0.26137,0.072939,0.25207,0.12378,0.26684,0.29626,0.26406,0.15374,0.21418,0.40406,0.065352,0.12831,0.20336,0.11664,0.095089,0.17389,0.077558,0.081577,0.072705,0.049877,-0.09509,0.13405,0.021724,-0.02381,0.026308,0.089209,0.16314,0.24963,0.19477,0.088654,0.090806,0.2159,0.1681,0.22646,0.25869,0.41756,1,0.28376,0.44947,0.31464,0.27426,0.4059,0.46045,0.43867,0.27908,0.42497,0.27618,0.29571,0.085566,0.20912,0.20933,0.21267,0.11493,0.12609,0.0090551,0.12389,0.091521,0.23733,0.10779,0.23572,0.44178,0.35442,0.27642,0.23231,0.35146,0.32958,0.2413,0.007264,0.21944,0.14256,-0.0188,0.29147,0.17668,0.068199,0.21837,0.1074,0.15654,0.091322,0.096066,0.025286,0.006321,0.19924,0.27134,0.20879,0.028401,0.33219,0.21613,0.031846,0.15302,0.056086,0.065115,0.069297,0.094356,0.23564,0.19917,0.17091,0.030938,-0.01265,0.067987,0.0025332,0.22512,0.071433,0.11268,0.16394,0.32402,0.17806,0.23251,0.1591,0.22702,0.14277,0.0086002,-0.014134,0.092815,0.15891,0.10628,-0.025945,0.19176,0.15998,0.10912,0.0962,0.036069,0.12655,0.06916,0.40049,0.32411,0.35339,0.067338,0.11707,0.16963,0.16126,0.1763,0.0043014,0.11452,0.049952,0.0042805,0.30713,0.29205,0.19684,0.14606,0.21397,0.17853,0.099913,0.08581,0.33715,0.30419,0.18228,0.18944,0.14474,0.1964,0.11838,0.27114,0.07539,0.14171,0.49899,0.43509
-0.046321,0.042161,0.058774,0.022155,-0.022299,-0.052651,0.21596,0.074566,0.025904,-0.032307,0.022006,-0.011197,0.18842,0.13226,0.1634,0.066596,0.08602,0.16462,0.40815,0.14401,0.036813,0.091286,0.086912,0.11037,0.089361,0.015594,0.058488,0.14552,0.053113,0.081686,0.16344,0.043097,0.037353,-0.015668,0.03384,0.029361,0.061061,0.017813,0.027448,0.055012,0.085063,0.054812,0.097583,0.09417,0.086382,0.075872,0.093684,0.13088,0.019094,0.10559,0.050257,0.026601,0.082496,0.019126,0.092147,0.029782,0.016662,0.069078,0.055066,0.026627,0.064478,-0.016723,0.063828,0.086997,0.10361,0.048251,0.014634,0.056581,0.06201,0.10951,0.075146,0.12778,0.030187,0.031514,0.092099,0.071822,0.068938,0.042456,-0.021051,-0.045088,-0.015414,0.1866,-0.036831,-0.016061,0.089063,0.2351,0.065108,0.04379,0.26749,0.20223,0.10336,0.3001,-0.048119,0.063588,0.27298,0.2323,0.10261,0.11952,0.17529,0.30273,0.17572,0.23587,0.0090557,0.1015,-0.0089393,0.2018,0.07048,0.080081,0.11284,-0.0036107,0.032739,0.067431,0.03349,0.090939,0.11693,0.22706,0.19077,-0.0047717,0.080895,0.020749,0.04328,0.10699,0.055259,-0.0084014,0.06795,0.036117,-0.046856,-0.033697,0.074462,0.053322,0.031597,-0.041708,0.018118,0.038453,0.074182,0.094039,0.030252,0.041559,0.0092414,0.079002,0.048077,-0.02327,0.037209,-0.0029671,0.00749,0.01005,0.094709,0.075856,0.089757,0.065935,0.084818,0.21753,0.11447,0.1059,0.065175,0.16833,0.091293,0.070974,0.10467,0.092297,0.070601,0.14631,0.12504,0.16515,0.090851,0.019442,0.047793,0.12545,0.14174,0.10143,0.031776,0.030977,-0.021399,0.053268,0.034974,0.074646,0.075721,0.046068,-0.010118,0.088548,0.10187,-0.0072885,0.057735,0.041488,-0.036902,0.092854,0.036806,0.035081,0.066709,0.21653,0.049506,0.10785,0.059767,0.034855,0.048409,0.10055,-0.0018653,0.021281,-0.024206,0.10392,0.031898,0.10823,0.077816,0.066171,0.04712,0.054316,0.059598,0.087386,0.14863,0.18114,0.22576,0.011356,0.054856,0.082541,0.054371,0.047387,0.069978,0.022824,0.025428,0.031169,0.076416,0.030948,0.11226,0.19207,0.24915,-0.021985,0.1784,0.178,0.08795,0.08708,0.17792,-0.0017882,0.12711,0.062861,0.012067,0.041014,0.12515,0.0046924,0.06698,0.02835,0.033016,0.18028,0.11692,0.014174,0.045096,0.073283,0.088186,-0.01521,0.14573,0.090006,0.077163,0.11074,0.10515,0.079506,0.073756,0.15397,0.15986,0.022441,0.11042,0.048165,0.28376,1,0.18819,0.047356,0.16952,0.39868,0.2005,0.14102,0.41188,0.36654,0.25478,0.61031,0.28627,0.24865,0.24856,0.54919,0.24097,0.50602,0.2627,0.40299,0.32804,0.49655,0.060652,0.51706,0.15298,0.44794,0.083602,0.47737,0.2375,0.12191,0.1457,0.14533,0.11546,0.25387,0.11808,0.3486,0.43151,0.048532,0.077063,0.021172,0.078609,0.046468,0.077979,0.0090149,0.053197,-0.001471,0.17768,0.066481,-0.01818,0.18818,-0.016269,-0.020638,1.623e-05,-0.054468,0.099721,0.17931,0.072776,0.014277,0.039135,0.043509,0.10128,0.013974,-0.045566,0.023269,0.031058,0.032115,0.050357,0.12015,0.35362,0.12839,0.13622,0.4369,0.23903,0.13237,0.13228,0.21013,0.20168,0.16714,0.057262,0.088782,0.070682,0.076547,0.38225,0.42311,0.14474,0.048767,0.20903,0.59554,0.32056,0.25505,0.054769,0.067098,-0.0418,0.018518,0.074359,0.023808,0.055507,0.059046,0.043183,0.12693,0.077254,0.065767,-0.011927,0.048819,0.055103,0.070312,0.091835,0.4593,0.20483,0.59817,0.096626,0.019528,0.076334,0.029734,0.098658,0.083886,0.018857,0.23549,0.046572
-0.023171,0.050837,0.16471,0.16773,0.10175,-0.022618,0.2264,0.053697,0.068479,-0.018534,0.0073057,0.017866,0.14538,0.11059,0.16908,0.092706,0.10745,0.023668,0.28841,0.11502,0.1051,0.10632,0.1512,0.14358,0.16736,0.023902,0.21134,0.17999,-0.073925,-0.043488,0.04,0.034137,0.043669,-0.077252,0.089746,0.075824,0.062947,0.074577,0.12826,0.18206,0.12823,0.085613,0.078801,-0.023614,0.15976,0.12791,0.077816,0.0084502,0.14015,0.24462,0.16986,0.20053,0.15699,0.132,0.14675,0.012817,-0.016002,0.096107,0.17157,0.022711,-0.025275,-0.098902,-0.1616,-0.036738,-0.11007,0.043537,0.095131,0.1101,-0.019392,0.16774,0.12701,0.18208,0.057143,0.06397,0.040326,0.02621,0.0019165,-0.03816,-0.11407,0.097707,0.028452,-0.11151,0.17602,0.18406,0.18711,0.062675,0.20613,0.42905,0.20457,0.3242,0.1581,0.048864,-0.11277,0.10707,0.15748,-0.076456,-0.12944,-0.080219,-0.041645,-0.034491,-0.094027,-0.11999,-0.15544,-0.17289,-0.017441,0.25321,0.13146,-0.022036,0.085092,0.029609,0.096822,0.047004,0.12424,-0.097739,-0.080683,-0.077344,0.16492,0.045834,0.0018212,0.12186,0.068104,0.039685,0.14987,0.013548,0.076241,0.089201,-0.095904,-0.15535,0.084766,-0.085564,0.042075,-0.18521,-0.094632,-0.0043961,0.054508,-0.081497,0.050507,0.020507,0.00057645,0.097067,-0.019261,0.0066205,0.10099,0.057631,0.011052,0.03209,0.011334,0.10197,0.081876,0.12801,0.10477,-0.081558,0.019811,0.067692,0.063585,-0.11116,0.19277,-0.017886,0.0096984,0.098216,0.051772,0.061681,-0.21002,-0.10328,0.032607,-0.050096,-0.15224,-0.10657,0.24385,0.041493,0.0094509,0.061038,0.086441,0.12459,0.13254,0.11439,0.14034,0.10474,-0.0071411,0.15395,0.099769,-0.033724,0.090374,0.18565,-0.019279,0.037231,0.074864,-0.090608,-0.0308,-0.064423,0.045639,0.15271,0.15362,0.071248,0.059292,0.07546,0.022647,-0.032753,0.15216,0.11901,0.049813,0.082474,0.12241,0.12972,0.11265,0.11088,0.16348,0.094379,-0.01837,-0.070466,0.25419,0.069103,0.1363,0.10255,0.089235,0.013642,0.074473,0.067148,0.085854,0.13438,0.088514,-0.040756,0.089178,0.2046,0.38828,-0.027706,0.19605,0.034633,0.2251,0.28315,0.23129,0.24069,0.27549,0.27762,0.090714,-0.027983,0.077499,0.12156,0.096632,0.057233,-0.11423,0.03697,-0.050515,-0.0071804,-0.0031549,0.019753,0.023909,0.030083,-0.039931,0.096105,0.083311,0.1471,0.05591,0.0026362,0.072054,0.078842,0.061482,0.063097,0.076084,0.37893,0.44947,0.18819,1,0.35006,0.22488,0.44386,0.3548,0.5345,0.38787,0.50572,0.39854,0.1138,0.18032,0.35133,0.27629,0.21778,-0.10045,0.13822,-0.009351,0.12944,0.012248,0.0060367,-0.11624,0.00068395,0.15769,0.47661,0.22549,0.14705,0.35314,0.20344,0.19938,0.096744,0.20619,-0.026892,-0.089462,0.1484,0.081576,0.025955,0.13989,0.078388,0.0064764,-0.0098478,0.07204,-0.048963,-0.010793,0.096069,0.015613,0.033834,-0.0027881,0.09121,0.072759,-0.064251,-0.025281,-0.044904,-0.046595,-0.10083,0.1637,0.066427,0.1581,0.067101,0.08007,0.039195,0.035096,0.052876,0.18341,0.081242,0.10242,0.20235,0.3258,0.22018,0.38754,0.12376,0.17638,0.22942,0.071183,-0.09465,0.1054,0.20341,0.062323,-0.032471,0.12227,0.15221,-0.15483,-0.054041,0.036706,-0.062809,-0.096612,0.23822,0.40347,0.39159,0.053064,0.051593,0.091146,0.069051,0.15514,0.07882,0.087976,0.13543,0.13153,0.26875,0.20344,0.06838,0.020431,0.1329,0.1156,-0.031472,0.12401,0.12589,0.21159,0.15737,0.19049,0.10364,0.1893,0.049121,0.2587,0.089036,0.14087,0.28698,0.1802
0.12426,-0.019139,0.18488,0.17318,0.12629,0.12615,0.12555,0.11558,0.010976,-0.051547,0.016478,0.044579,0.22337,0.11226,0.11228,0.14393,0.12348,0.1091,0.25068,0.26153,0.24033,0.14746,0.23973,0.16567,0.26023,0.13724,0.13894,0.25695,0.029098,0.069834,-0.11406,0.12476,0.27209,0.057157,0.1576,0.13329,0.20723,0.12469,0.16469,0.2004,0.2017,0.2092,0.15613,-0.11658,0.075259,0.2382,0.062416,0.099738,0.33075,0.43342,0.16394,0.36352,0.2865,0.34251,0.20564,0.11464,-0.018181,0.16751,0.075455,0.013848,0.051416,0.023502,-0.16947,-0.024892,0.05955,0.033606,0.086189,0.1511,0.052814,0.16018,0.16126,0.1818,0.13295,0.072807,0.10809,0.0071453,0.031311,-0.040068,-0.019857,0.079525,0.035991,0.0069308,0.19236,0.23253,0.20177,0.22543,0.3432,0.29982,0.096974,0.17006,0.36513,-0.035515,-0.11743,-0.011442,0.16303,0.13744,-0.13113,0.04638,0.016221,0.0733,-0.080844,-0.0093519,-0.17809,-0.10018,-0.16491,0.11209,0.30816,0.088839,0.064903,-0.036013,0.14892,0.14641,0.1507,-0.11109,-0.031913,0.13841,0.11112,0.070707,0.099178,0.098778,0.1235,0.13051,0.14204,0.040946,0.058647,0.14006,-0.13449,-0.085197,-0.020721,-0.13731,0.046178,-0.12287,0.034316,0.079499,0.086804,-0.02191,0.048507,0.13522,0.091865,0.2176,0.046902,-0.012916,0.18606,0.13201,0.041964,0.15065,0.11079,0.043871,0.14926,0.28995,0.33661,0.16646,0.19324,0.234,0.2567,-0.0067978,0.16182,0.17562,0.12083,0.29279,0.21494,0.12457,-0.02719,0.081674,0.11654,-0.070066,-0.22811,-0.01343,0.47856,0.28539,0.15482,0.1293,0.11198,0.11496,0.2444,0.20118,0.16514,0.16297,0.12082,0.26641,0.10986,0.050341,0.074264,0.15867,-0.035993,-0.0035793,0.084013,-0.090936,0.062672,-0.039671,-0.016989,0.14724,0.12491,0.13282,0.22137,0.11598,0.064575,0.030755,0.010967,0.15835,0.017346,0.12168,0.20116,0.15673,0.22694,0.25157,0.17916,0.22008,0.15553,0.0035142,0.14437,0.063978,0.17556,0.21315,0.086641,0.0036603,0.22894,0.15579,0.2074,0.18084,0.1069,0.035743,0.22747,0.098759,0.10861,0.14438,0.22584,0.093459,0.43158,0.47046,0.14681,0.39902,0.29344,0.48304,0.072295,0.0096441,0.083851,0.084626,0.15782,0.053683,-0.049214,-0.03561,-0.21395,-0.1078,-0.11806,0.02849,0.066466,-0.026832,0.12434,0.11313,0.14264,0.2207,0.097498,0.031151,-0.0060568,0.080538,0.081127,0.010392,0.072138,0.33646,0.31464,0.047356,0.35006,1,0.40435,0.38874,0.42463,0.42778,0.18568,0.31689,0.4755,0.20546,0.031858,0.2131,0.20966,0.1979,-0.060755,0.10824,0.10539,0.20734,0.053652,0.11638,-0.18057,0.094963,0.029459,0.21401,0.45198,0.21984,0.27842,0.066156,0.19025,0.093059,0.1945,0.089636,-0.042165,0.30419,0.040621,0.020364,0.13472,0.057951,0.19519,0.10632,0.15145,0.055597,-0.085545,0.15765,-0.0054713,-0.046936,0.047633,0.064352,0.14591,-0.0050552,0.060396,0.03475,-0.0018057,-0.029763,0.090469,0.20889,0.10369,0.18666,0.060215,0.1216,0.073498,0.078421,0.18366,0.11555,0.1381,0.15092,0.36441,0.33062,0.45603,0.22547,0.19501,0.1143,0.079343,-0.094186,0.18472,0.1538,-0.0060668,-0.15977,0.20379,0.1542,0.042652,0.16173,0.060012,-0.050279,-0.16051,0.23965,0.43177,0.53133,0.032597,0.14932,0.13517,0.18573,0.25867,0.10565,0.19748,0.069433,0.080309,0.36216,0.36037,0.1234,0.18459,0.29216,0.15231,0.06463,0.085855,0.11141,0.23162,0.12749,0.22071,0.12119,0.076253,0.12026,0.46517,0.1597,0.098533,0.1178,0.25672
0.14391,0.032654,0.1042,0.12191,0.16568,0.11996,0.14819,0.10539,0.005861,-0.047695,0.065402,0.082434,0.22125,0.060422,0.10632,0.15537,0.094443,0.057769,0.23431,0.24759,0.15025,0.14264,0.22394,0.18175,0.18907,0.12688,0.066137,0.22584,0.011721,0.039166,-0.10625,0.12444,0.16956,0.066925,0.098511,0.020902,0.11126,0.066063,0.047459,0.12453,0.15772,0.12158,0.1817,-0.048691,0.0268,0.1145,0.088226,0.06627,0.10041,0.33323,0.072447,0.18711,0.14758,0.15481,0.2086,0.20247,0.087332,0.1662,0.089212,0.084171,0.12383,0.078345,-0.11489,0.047888,0.11609,0.049435,0.014328,0.10922,0.033428,0.11822,0.14304,0.1577,0.13516,0.13046,0.0084618,0.037575,0.036856,-0.033236,0.077029,0.025248,-0.020644,0.018675,0.15445,0.088609,0.26642,0.014031,0.099073,0.12872,-0.10298,-0.06816,0.17436,-0.13587,-0.0011872,-0.025936,0.15476,0.072326,-0.049932,0.091499,0.017425,0.041493,0.020954,-0.13192,-0.119,-0.10785,-0.083931,0.0090292,0.16926,-0.1125,-0.045751,0.022257,0.22228,0.064312,0.10964,-0.08468,0.038491,-0.0075903,-0.13467,0.082559,0.063524,0.11871,0.090278,0.11642,0.10006,0.075379,0.1135,0.15333,-0.061428,0.0089405,-0.034904,-0.087065,-0.01214,-0.044172,0.078613,0.11377,0.02014,-0.040058,-0.017156,0.091448,0.096136,0.16029,0.033703,-0.088008,0.15589,0.13499,0.083319,0.16737,0.061382,0.0011768,-0.01124,0.18441,0.16479,0.10543,0.073137,0.22158,0.22123,0.026547,0.046633,0.17139,0.028284,0.21589,0.21275,0.15567,-0.035661,-0.040238,0.079564,-0.095414,-0.11713,-0.082816,0.26861,0.10156,0.17838,0.12025,0.073166,0.069088,0.099735,0.068985,0.10067,0.11118,0.11946,0.087789,0.0044978,0.021005,0.043156,0.15553,-0.022032,0.027047,0.10025,0.064671,0.0074287,-0.075169,0.017904,0.12693,0.14679,0.10765,0.086514,-0.017966,0.099118,0.055991,-0.0846,0.14582,-0.0048802,0.048178,0.19151,0.14738,0.20082,0.1945,0.072123,0.15327,0.11612,0.045659,0.073163,0.058556,0.096839,0.17357,0.048312,0.0027234,0.1701,0.13337,0.14427,0.092793,0.029086,0.044975,0.21083,0.032678,0.0027536,0.047995,0.22012,0.0729,0.22286,0.38451,0.098706,0.235,0.19103,0.34433,0.026422,0.059239,0.11377,0.076137,0.055385,0.10433,0.033649,-0.012089,-0.092041,0.020872,-0.032447,0.053187,0.021072,-0.012745,0.11752,0.055795,0.095737,0.17852,0.13652,0.048046,0.011272,0.042739,0.081204,0.11199,0.10929,0.19771,0.27426,0.16952,0.22488,0.40435,1,0.28344,0.37559,0.27212,0.090055,0.26948,0.43157,0.29601,0.098416,0.24756,0.41235,0.31314,0.065438,0.27054,0.19122,0.32667,0.2917,0.18776,-0.0022783,0.12194,0.096475,0.16133,0.31543,0.26894,0.17474,0.18243,0.28092,0.03871,0.19601,0.1152,0.042455,0.36614,0.0071967,0.019889,0.10868,0.049815,0.13132,0.082873,0.068227,0.049717,-0.03161,0.19954,0.073196,0.11242,0.064879,0.17801,0.12608,-0.0097364,0.098872,0.043945,-0.029121,0.06786,0.047464,0.23335,0.088335,0.21161,0.087151,0.11188,0.055409,0.050863,0.1491,0.094673,0.14025,0.070986,0.29125,0.29142,0.25654,0.23895,0.14857,0.042651,0.098229,0.015017,0.14674,0.09411,-0.039802,-0.047412,0.18571,0.16678,0.15329,0.24093,0.080913,0.019341,-0.015297,0.23274,0.3173,0.45132,0.042441,0.11303,0.15569,0.19661,0.14874,0.00041212,0.099026,0.035676,-0.055351,0.21637,0.32043,0.097717,0.184,0.23454,0.16839,0.1077,-0.0088351,0.27606,0.2122,0.22792,0.11255,0.06605,0.068194,0.11249,0.3629,0.12055,0.087895,0.13767,0.21817
0.086564,0.080419,0.13992,0.11104,0.047196,0.037257,0.22605,0.057493,0.036261,-0.039314,-0.014989,-0.027831,0.22091,0.12024,0.13897,0.12782,0.065716,0.050937,0.4652,0.17582,0.16053,0.090786,0.12571,0.12685,0.14349,0.015076,0.16522,0.24026,-0.10182,-0.055104,-0.051197,0.041528,0.091479,-0.10013,0.079853,0.046721,0.13654,0.034746,0.066926,0.11812,0.11143,0.12922,0.091614,-0.10046,0.16201,0.18735,0.073415,0.027607,0.23811,0.29321,0.13166,0.26487,0.16606,0.22258,0.17882,-0.0065596,-0.12452,0.15389,0.10177,0.010606,0.028739,-0.11498,-0.22767,-0.052972,-0.036366,0.059576,0.11914,0.065485,0.015639,0.19183,0.1798,0.18595,0.15868,0.047548,0.052365,-0.015136,-0.025775,-0.021494,-0.082658,0.023541,-0.021309,-0.024401,0.0195,0.10967,0.10875,0.27724,0.27121,0.45605,0.33438,0.4616,0.21704,0.075483,-0.20254,0.15228,0.31178,0.14083,-0.19626,-0.07655,-0.021819,0.091243,-0.070247,-0.063847,-0.27532,-0.24627,-0.15886,0.34192,0.27434,0.088189,0.23002,-0.13987,0.1245,0.16025,0.16857,-0.10906,-0.093448,0.12423,0.2138,-0.0037769,0.082927,0.10389,0.089079,0.12851,0.098489,-0.0052475,0.045343,0.076932,-0.25173,-0.16567,0.031549,-0.25117,-0.00081179,-0.15403,-0.023056,0.067958,0.1106,-0.040226,0.052987,0.087451,0.056461,0.14417,0.08943,0.0089032,0.10665,0.1248,-0.049002,0.074062,0.1457,0.10499,0.25725,0.33453,0.42048,0.14778,0.25095,0.1649,0.18175,0.023091,0.20084,0.10302,0.17985,0.2389,0.059657,0.081132,-0.17445,0.030593,0.037171,-0.093225,-0.24744,-0.078557,0.46747,0.22207,0.059226,0.07261,0.065303,0.08533,0.19202,0.20541,0.12612,0.080963,0.025509,0.22065,0.080435,-0.037519,0.054812,0.070904,-0.073875,0.054574,0.05671,-0.19193,-0.112,0.040589,0.0037575,0.13609,0.048875,0.11487,0.24338,0.11894,-0.012126,-0.022306,-0.030907,0.080123,0.046778,0.077973,0.12451,0.074572,0.12668,0.16611,0.15556,0.17608,0.077366,-0.021797,0.38381,-0.031877,0.12881,0.1499,0.033852,-0.03559,0.18706,0.03939,0.076987,0.1326,0.1206,0.011759,0.17811,0.30293,0.43004,0.11511,0.37931,0.23587,0.45993,0.34944,0.236,0.32299,0.28982,0.42875,0.082899,-0.023701,0.089307,0.07585,0.15275,0.038259,-0.10557,0.011751,-0.094605,-0.096535,-0.091193,0.057477,0.047193,-0.096861,0.054943,0.15086,0.13415,0.18244,0.12298,0.05865,0.016867,0.14741,0.077606,-0.02851,0.030586,0.27278,0.4059,0.39868,0.44386,0.38874,0.28344,1,0.50172,0.63353,0.66274,0.68339,0.53038,0.4786,0.39126,0.52878,0.46132,0.54076,-0.034645,0.44397,0.136,0.40427,0.18161,0.24028,-0.15324,0.21873,0.086394,0.74542,0.39879,0.49021,0.54288,0.071805,0.18744,0.21484,0.34271,0.099892,-0.050258,0.39497,0.30069,0.0040146,0.089275,0.021557,0.128,0.037961,0.13111,0.00037643,-0.064743,0.11752,-0.023056,-0.094961,-0.0073238,0.065903,0.081409,-0.056069,-0.019563,-0.031234,-0.0031329,-0.040383,0.11667,0.16667,0.10924,0.091701,0.14332,0.15655,0.00029865,0.17634,0.13085,0.10653,0.25612,0.29278,0.67639,0.44142,0.57475,0.46461,0.31933,0.20148,0.10811,0.035228,0.204,0.30653,0.035147,-0.098637,0.11913,0.11008,0.087308,0.25454,0.073249,-0.07597,-0.051603,0.55498,0.74165,0.6573,0.011208,0.10673,0.052241,0.11236,0.20985,0.076135,0.10979,0.066696,0.093894,0.4242,0.30827,0.15813,0.096564,0.15326,0.091808,0.03953,0.094474,0.27693,0.2321,0.4871,0.27391,0.067598,0.084641,0.10083,0.44675,0.17543,0.099116,0.20587,0.10789
0.12219,0.0030872,0.084586,0.12344,0.15318,0.16394,0.1083,0.076047,-0.016839,-0.10524,-0.0287,-0.0075697,0.234,0.016798,0.1239,0.19508,0.074184,0.15512,0.29748,0.21695,0.14648,0.041973,0.19563,0.14781,0.15726,0.093903,0.011972,0.23244,-0.091149,-0.14451,-0.20964,0.049397,0.22175,0.13856,-0.0050007,-0.07631,0.13157,-0.031391,0.023994,0.056895,0.15524,0.12521,0.096186,-0.034266,0.086642,0.21316,0.082089,0.25787,0.3015,0.46942,0.14924,0.28972,0.22962,0.3685,0.16786,0.14977,0.092612,0.1711,0.042149,0.055357,0.20948,0.018855,-0.041295,0.13553,0.19923,0.072173,-0.046913,0.090471,-0.022139,0.13211,0.16451,0.11554,0.16705,0.096136,0.050842,0.051235,0.04551,-0.028096,0.06097,0.017709,0.08937,-0.0058215,0.18527,0.096656,0.10918,0.28738,0.43207,0.27414,0.073732,0.29173,0.22142,-0.091675,-0.092599,-0.036995,0.091687,0.1204,-0.14428,-0.059633,-0.05281,-0.098483,-0.041504,-0.10739,0.02041,-0.18697,-0.050243,0.15696,0.22777,0.15932,0.16649,0.0010766,0.1382,0.10591,0.15734,-0.12273,0.11661,0.16858,0.23553,0.014582,0.087172,0.10482,0.055215,0.1047,0.050586,0.067013,0.086133,0.1263,-0.10659,-0.029748,-0.10615,-0.21438,-0.076209,-0.056471,0.077126,0.16009,0.08392,-0.034126,-0.026027,0.13124,0.129,0.17554,0.057279,-0.15218,0.13097,0.10741,0.028175,0.20556,0.093083,0.060903,0.24512,0.26068,0.33849,0.20698,0.30273,0.30061,0.2854,0.22716,0.046134,0.19277,0.20951,0.24452,0.26014,0.2183,-0.014497,0.096415,0.013675,-0.050329,-0.16643,0.055141,0.48185,0.36641,0.14904,0.09125,0.087231,0.070556,0.13007,0.11677,0.031169,0.061761,0.098495,0.28631,0.21778,0.029243,-0.0066235,0.095023,-0.10863,-0.019329,0.03638,-0.11071,0.11212,-0.053263,0.0096806,0.079669,0.0427,0.066059,0.19941,0.18943,0.076124,0.087391,-0.08589,0.074484,0.16749,0.0080461,0.15055,0.10411,0.19973,0.22165,0.061648,0.15606,0.040375,0.013151,0.07748,-0.050597,0.13905,0.32801,-0.084732,-0.055309,0.24281,0.030773,0.11786,0.08518,0.078879,0.1727,0.19463,0.030078,0.098943,0.2072,0.26702,0.36297,0.44947,0.50536,0.16616,0.31329,0.2381,0.50644,-0.008755,0.085498,0.19755,0.054063,0.10369,0.11556,0.11478,-0.018007,0.11353,0.19499,-0.035471,0.17054,0.032178,-0.10713,0.069925,0.12062,0.17348,0.1762,0.22042,0.10178,0.056575,0.20168,0.12977,0.068811,0.16053,0.30658,0.46045,0.2005,0.3548,0.42463,0.37559,0.50172,1,0.3413,0.21073,0.37072,0.50092,0.38383,0.019953,0.15138,0.25139,0.21517,0.092432,0.16472,0.17359,0.19101,0.21652,0.35936,0.17437,0.25648,0.34102,0.28704,0.33979,0.33829,0.38411,0.24497,0.22852,0.09934,0.13709,0.14096,0.21798,0.53128,0.31543,-0.01564,0.14281,0.089467,0.21657,0.10073,0.10693,0.060034,-0.090629,0.15958,0.12442,0.036171,0.0021557,0.16346,0.14835,-0.00075262,0.10131,0.11119,0.11046,0.14136,0.012482,0.27778,0.090075,0.17577,0.060891,0.051965,0.051075,0.020844,0.17097,0.11306,0.12458,0.071083,0.39595,0.27307,0.32028,0.38805,0.2348,0.090023,0.15286,0.12806,0.19186,0.055584,0.038274,0.14816,0.24827,0.2444,0.25047,0.3221,0.152,0.03946,0.082978,0.47213,0.4477,0.6585,-0.063569,0.13808,0.16931,0.24534,0.17028,-0.014496,0.064104,0.023457,-0.047284,0.34491,0.5041,0.16316,0.2038,0.28628,0.13029,0.099191,0.034895,0.19595,0.44961,0.24444,0.16235,0.046978,0.021118,0.049577,0.39453,0.23417,0.045299,0.28561,0.24776
0.043951,0.07495,0.17931,0.1231,0.094608,0.023451,0.13714,-0.00054287,0.030116,-0.036315,-0.037703,-0.041116,0.13024,0.083417,0.10594,0.10147,0.039191,-0.11129,0.30232,0.077829,0.1,0.03288,0.080359,0.088887,0.098407,-0.037598,0.20777,0.1785,-0.14393,-0.083227,-0.065547,-0.015743,0.063088,-0.12355,0.019683,0.057441,0.079609,-0.0098782,0.060326,0.1378,0.10578,0.077681,0.045493,-0.19027,0.19627,0.15829,0.022061,-0.11193,0.24754,0.27704,0.13341,0.30493,0.15018,0.2051,0.15403,-0.045882,-0.17905,0.13523,0.10351,0.012045,-0.037288,-0.16468,-0.30974,-0.14822,-0.19904,-0.014043,0.087673,0.009175,-0.074281,0.1495,0.1043,0.1552,0.072996,0.018182,0.0089764,-0.038011,-0.072816,-0.038966,-0.12612,0.10895,-0.038532,-0.16455,0.087183,0.12566,0.093395,0.080724,0.27025,0.63901,0.19746,0.39082,0.23699,-0.078216,-0.17256,0.253,0.22071,-0.11245,-0.30336,-0.12684,-0.1694,-0.047735,-0.24216,-0.25998,-0.37574,-0.39597,-0.16534,0.31173,0.29276,-0.020752,0.20477,-0.18985,0.11279,0.13677,0.21885,-0.20082,-0.22874,-0.094157,0.10885,-0.0041275,0.055349,0.068368,0.082129,0.065594,0.088054,-0.0091574,0.026479,0.039037,-0.23188,-0.18199,0.053227,-0.26494,0.047478,-0.16505,-0.055185,0.030036,0.020474,-0.13079,0.096604,0.03727,0.020005,0.090535,0.050555,0.069268,0.10328,0.1267,-0.056995,0.021056,0.17729,0.14677,0.20204,0.38951,0.40265,-0.067985,0.14402,0.085459,0.066969,-0.17843,0.17532,0.030528,0.065763,0.14279,-0.0089189,-0.025221,-0.33148,-0.13996,-0.011165,-0.13563,-0.3536,-0.24285,0.42543,0.093688,0.0027169,0.011049,0.033436,0.094907,0.172,0.13991,0.086445,0.015651,0.015944,0.17806,0.017273,-0.077106,0.086578,0.085975,-0.05221,0.0013042,0.07111,-0.18664,-0.22948,-0.1986,-0.012703,0.10572,0.04754,0.065271,0.25393,0.0024309,-0.0071609,-0.039576,0.031483,0.039487,-0.045357,0.014447,0.070282,0.02572,0.084121,0.097479,0.16704,0.12985,-0.0057634,-0.13419,0.39838,-0.053949,0.11926,0.11373,0.027622,-0.11582,0.090444,0.0012142,0.078786,0.098129,0.079971,-0.098146,0.075266,0.29984,0.46459,0.10007,0.35542,0.012902,0.39849,0.33713,0.1756,0.37584,0.268,0.41859,0.095026,-0.084475,-0.046229,0.10023,0.12965,0.019095,-0.16507,-0.046881,-0.2204,-0.14161,-0.18674,-0.047453,-0.043287,-0.11616,-0.096013,0.1042,0.07412,0.1577,0.020599,-0.0029846,-0.031054,0.066675,0.0047906,-0.045837,-0.0072441,0.32311,0.43867,0.14102,0.5345,0.42778,0.27212,0.63353,0.3413,1,0.52112,0.56388,0.4372,0.12395,0.3546,0.57581,0.46872,0.2681,-0.19694,0.18719,-0.073051,0.26065,-0.011797,-0.10589,-0.30743,-0.10251,0.035592,0.63961,0.49024,0.20364,0.44076,0.019417,0.10754,0.11726,0.37524,-0.087705,-0.20176,0.084276,-0.026226,-0.022268,0.071881,0.012465,0.084019,0.01658,0.09051,-0.0090261,-0.060869,0.11929,-0.10197,-0.1129,0.0063917,-0.018721,0.12869,-0.068086,-0.042723,-0.056298,-0.09577,-0.22601,0.12332,0.091861,0.13539,0.058888,0.058429,0.14556,-0.0068855,0.19246,0.11582,0.07635,0.26407,0.35197,0.50744,0.42798,0.6213,0.091947,0.21201,0.16589,0.0082239,-0.17909,0.048135,0.28185,-0.018756,-0.19619,0.051208,0.021673,-0.21462,-0.089409,-0.097787,-0.12341,-0.21375,0.20175,0.64825,0.4823,-0.018746,0.040492,0.037072,0.073328,0.13617,0.0093836,0.068048,0.028583,0.10973,0.43994,0.2181,0.057653,0.069641,0.083217,0.10043,-0.032923,0.11334,0.11716,0.066503,0.13179,0.31603,0.062036,0.064793,0.071734,0.46942,0.094327,0.083423,0.19451,0.15699
0.010726,0.10859,0.18476,0.080346,0.010441,-0.055273,0.18729,0.0033323,0.041374,0.008021,-0.019034,-0.01793,0.11802,0.086364,0.17068,0.037484,0.061604,-0.063255,0.44073,0.0044388,0.11002,0.03255,0.00019052,0.035677,0.065355,-0.03148,0.19196,0.14265,-0.11763,-0.0093854,0.081797,-0.019947,-0.12106,-0.27565,0.099633,0.17147,0.064024,0.059886,0.079412,0.14575,0.065854,0.087684,-0.044932,-0.13561,0.12862,-0.0072957,-0.0037809,-0.11944,0.036308,0.039487,0.03734,0.08121,0.06912,-0.0058777,0.1272,-0.11944,-0.25064,0.056604,0.11239,0.0039174,-0.15718,-0.18834,-0.30521,-0.16096,-0.16842,-0.023998,0.17367,0.062883,0.05682,0.1273,0.051839,0.16219,0.021784,-0.0061653,0.018149,-0.047074,-0.033343,-0.086644,-0.23492,0.025211,-0.1119,-0.12003,-0.056411,0.083637,0.11895,0.11238,0.0041691,0.31044,0.38887,0.43735,0.10177,0.13214,-0.2428,0.16388,0.28108,0.04833,-0.14582,-0.084686,0.043388,0.1017,-0.06205,-0.026665,-0.36994,-0.21436,-0.25567,0.29893,0.12963,0.022194,0.070749,-0.15814,0.041319,0.056161,0.10253,-0.04919,-0.14654,0.021276,0.18296,-0.014364,0.069154,0.062452,0.043884,0.014224,0.07819,-0.03581,0.032626,-0.001944,-0.23864,-0.21882,0.075503,-0.22825,0.013622,-0.19378,-0.13142,-0.0032387,0.055546,-0.064804,0.089607,-0.049863,-0.0023442,0.0021594,0.023426,0.072116,0.052727,0.061057,-0.027416,-0.062022,0.060475,0.05619,0.0099537,0.16504,0.22046,0.024559,0.13959,0.034014,0.04358,-0.078657,0.22605,-0.052079,0.047815,0.10625,-0.098021,-0.0013112,-0.23082,-0.072414,0.044551,-0.11022,-0.23946,-0.1973,0.1669,0.0070187,-0.05306,0.024737,0.022978,0.057834,0.14724,0.13703,0.13533,0.082745,-0.042226,0.041835,-0.034243,-0.05394,0.064028,0.10744,-0.065574,0.034546,0.07458,-0.19833,-0.25453,0.11516,0.0128,0.067901,0.049377,0.082711,0.026644,0.055712,-0.059325,-0.14472,0.0028594,0.013636,-0.049869,0.071249,0.027006,-0.0074484,0.013124,0.03129,0.18611,0.12254,-0.014759,-0.042159,0.45791,-0.020681,0.012014,-0.073902,0.083164,0.023796,0.078395,0.026743,0.04833,0.08867,0.073077,-0.094933,0.014107,0.33431,0.61168,-0.1073,0.24864,0.046442,0.23483,0.068061,0.17428,0.18315,0.2336,0.19815,0.11144,-0.13789,-0.0027382,0.089844,0.1169,-0.045751,-0.26528,-0.027193,-0.1449,-0.24274,-0.099487,-0.080153,0.01689,-0.03389,0.029862,0.14145,0.024418,0.12289,0.029703,-0.0029935,0.041289,0.058518,0.040534,-0.073363,-0.079088,0.16555,0.27908,0.41188,0.38787,0.18568,0.090055,0.66274,0.21073,0.52112,1,0.70515,0.41736,0.35913,0.38052,0.53406,0.36595,0.58899,-0.091235,0.43836,0.053427,0.28487,0.064029,0.15166,-0.31139,0.18917,-0.019893,0.72725,0.2378,0.28349,0.46841,0.034488,0.10817,0.16872,0.29563,-0.036696,-0.17591,0.22022,0.37484,-0.045559,0.068748,0.044717,0.0054793,0.00047109,0.032203,-0.11023,-0.024581,0.07382,-0.095584,-0.10906,-0.046952,-0.0029125,0.011465,-0.10314,-0.081024,-0.072909,-0.10238,-0.11639,0.14663,0.016332,0.134,-0.0029153,0.13667,0.066448,-0.0072987,0.14868,0.080952,0.067791,0.21559,0.30368,0.47008,0.29951,0.47507,0.39506,0.33648,0.2184,0.010503,-0.028279,0.11293,0.33449,0.022807,-0.13289,-0.030284,-0.020913,-0.041915,0.099504,-0.013134,-0.17396,-0.1276,0.46104,0.54586,0.40501,0.024579,0.077897,0.013083,-0.0072736,0.13051,0.070117,0.063659,0.09994,0.16872,0.29022,0.022972,0.028048,0.018636,0.035273,0.10523,-0.049448,0.1581,0.1278,0.058103,0.55235,0.29188,0.085387,0.12036,0.062067,0.25056,0.096131,0.060271,0.17645,-0.032817
0.049781,0.10392,0.20114,0.13355,0.089246,-0.011493,0.25286,0.067124,0.046251,-0.012718,0.016211,-0.0016304,0.20897,0.1041,0.19171,0.09749,0.11117,0.019704,0.4312,0.1506,0.18592,0.11353,0.14467,0.15931,0.18204,0.031125,0.20836,0.23855,-0.1038,-0.030716,-0.023664,0.073098,-0.020388,-0.18335,0.12012,0.13821,0.10919,0.098235,0.10483,0.17107,0.13074,0.1362,0.075343,-0.068144,0.13049,0.083074,0.076993,-0.037663,0.11846,0.17463,0.12234,0.18958,0.16104,0.10028,0.20929,0.009757,-0.097784,0.10832,0.16405,0.040167,-0.013063,-0.11379,-0.2446,-0.049015,-0.087952,0.080586,0.16585,0.16093,0.040637,0.17933,0.17686,0.21285,0.12047,0.10849,0.050541,0.01729,-0.040174,-0.060673,-0.13525,0.056815,-0.045773,-0.086896,0.060493,0.12058,0.2192,0.1119,0.08449,0.39252,0.33163,0.42401,0.15233,0.10867,-0.22165,0.054694,0.28828,0.076884,-0.14997,-0.10197,-0.011585,0.06506,-0.067249,-0.04859,-0.28818,-0.20546,-0.18793,0.27063,0.18058,0.0053683,0.083237,-0.049358,0.13491,0.082739,0.15631,-0.10469,-0.084398,-0.035677,0.12477,0.042347,0.049299,0.11915,0.099999,0.071032,0.13191,0.037723,0.060853,0.066584,-0.19545,-0.19547,0.076642,-0.19092,0.017015,-0.21094,-0.10133,0.03736,0.11547,-0.063425,0.063855,0.014339,0.034907,0.11709,0.032926,0.016289,0.12452,0.074561,-0.014215,0.034853,0.017189,0.021117,0.034758,0.1953,0.2394,0.011202,0.13011,0.12258,0.12272,-0.072123,0.21356,-0.020976,0.045919,0.16996,0.027897,0.060066,-0.22993,-0.084087,0.044291,-0.06118,-0.1748,-0.15719,0.26025,0.044555,0.014189,0.08506,0.091347,0.092541,0.17541,0.17931,0.18991,0.1403,-0.0045808,0.12472,-0.044071,-0.018213,0.082073,0.13601,-0.033087,0.049558,0.10948,-0.15581,-0.16719,0.039698,0.010273,0.14867,0.14595,0.14254,0.031098,0.084272,0.0051729,-0.077285,0.073512,0.10925,0.02005,0.1272,0.13921,0.11137,0.11668,0.12971,0.19401,0.1599,0.018839,-0.0083496,0.35437,0.05302,0.11227,0.069224,0.095829,0.04381,0.14458,0.093301,0.10498,0.14255,0.093915,-0.028933,0.10682,0.2652,0.45534,-0.040395,0.2495,0.11354,0.33832,0.24585,0.25737,0.27572,0.30749,0.34881,0.11905,-0.052904,0.088438,0.13673,0.13947,0.037689,-0.13421,-0.014069,-0.11109,-0.11868,-0.051453,0.034339,0.051978,-0.003781,0.074408,0.13874,0.08516,0.17703,0.11274,0.052649,0.058252,0.09475,0.086866,0.017193,0.015431,0.29476,0.42497,0.36654,0.50572,0.31689,0.26948,0.68339,0.37072,0.56388,0.70515,1,0.53598,0.38175,0.27516,0.44563,0.37539,0.55125,-0.034799,0.37286,0.10689,0.3084,0.12904,0.18226,-0.2091,0.20389,0.073554,0.68827,0.28862,0.32352,0.51515,0.12903,0.20928,0.14972,0.30943,0.033207,-0.10536,0.28428,0.30991,0.024027,0.13296,0.10768,0.027285,-0.013131,0.066049,-0.042258,-0.023009,0.13026,-0.028475,-0.015355,-0.034921,0.074545,0.06481,-0.073396,-0.029125,-0.051099,-0.014287,-0.034401,0.18365,0.11425,0.18207,0.080622,0.1121,0.068885,0.041185,0.088248,0.16759,0.095548,0.1767,0.22073,0.47187,0.32585,0.51649,0.41766,0.30568,0.22138,0.069014,0.0053754,0.16705,0.2991,0.076544,-0.11154,0.075762,0.08194,0.0043131,0.17025,0.059876,-0.0628,-0.078182,0.48349,0.57243,0.5755,0.072793,0.10179,0.064381,0.076747,0.19219,0.1239,0.13948,0.15889,0.16449,0.35124,0.18141,0.10853,0.08228,0.14865,0.19413,-0.0057332,0.15002,0.1983,0.21431,0.47212,0.25613,0.12128,0.15815,0.09578,0.33385,0.11843,0.11562,0.25112,0.094514
0.075596,0.067019,0.17776,0.17656,0.064796,-0.0078395,0.094133,0.021624,0.023457,-0.065649,-0.043457,-0.04578,0.098861,0.037012,0.14767,0.13715,0.027343,0.00099445,0.38424,0.081246,0.082833,0.036562,0.075675,0.089444,0.087157,0.027246,0.047801,0.084824,-0.12756,0.016921,-0.20151,0.013179,0.16197,-0.012369,0.066332,0.10313,0.10137,0.037937,0.034222,0.055808,0.037731,0.076511,-0.017239,-0.20966,-0.12976,0.1025,-0.075542,-0.019604,0.33335,0.36864,0.098604,0.30395,0.2677,0.28499,0.054293,-0.061414,-0.17792,0.068299,0.008386,-0.083454,-0.065633,-0.11849,-0.28849,-0.10639,-0.08241,0.018427,0.10721,0.041922,0.029761,0.039889,0.055371,0.039481,0.029662,-0.055072,0.020042,-0.073003,0.019552,-0.060025,-0.15913,0.033713,-0.036099,-0.11554,0.069071,0.1657,0.14268,0.23075,0.32241,0.23613,0.21474,0.30889,0.33869,-0.070341,-0.31638,-0.11402,0.1588,0.1329,-0.22323,-0.072118,-0.04555,-0.017214,-0.030436,-0.020882,-0.29268,-0.21193,-0.31671,0.19162,0.2427,0.14275,0.17501,-0.16895,0.062387,0.10379,0.057132,-0.051178,-0.11864,0.08201,0.15029,-0.037494,0.025249,0.036162,0.0028628,0.052362,0.0015916,-0.041497,-0.022006,-0.015225,-0.22946,-0.116,-0.0012971,-0.26657,0.019169,-0.095381,0.0060311,0.025674,0.0046824,-0.072601,0.067011,0.072891,0.1019,0.080249,0.065505,0.0072302,0.059473,0.019166,-0.032607,0.05334,0.13371,-0.071858,0.049742,0.24586,0.31512,0.21612,0.24972,0.13941,0.11237,-0.054791,0.13031,0.026716,0.12731,0.18142,0.03949,0.022006,-0.12949,0.08101,0.050401,-0.1431,-0.287,-0.091513,0.45605,0.3252,0.086683,0.055667,0.054754,0.099509,0.092228,0.16914,0.10935,0.052815,0.045956,0.18148,0.058738,-0.0077211,0.035545,0.091297,-0.05252,-0.022819,0.018394,-0.29841,-0.078144,0.031031,-0.032344,0.037891,-0.013679,0.0066388,0.23764,0.086445,-0.039768,-0.064299,-0.030179,0.013383,-0.0075181,0.060178,0.048517,0.0057503,0.076116,0.051369,0.034024,0.021354,0.059093,-0.11425,0.074225,-0.04037,0.19434,0.26097,0.060527,0.012613,0.042606,0.036096,0.11375,0.033081,0.056081,-0.0047721,0.074246,0.075149,0.14037,0.020673,0.14953,0.23326,0.51312,0.46065,0.16701,0.44759,0.39443,0.41188,0.0020653,-0.069157,0.0065944,0.052165,0.046038,-0.048806,-0.09921,-0.10788,-0.18756,-0.11176,-0.069792,-0.021847,0.0050905,-0.040758,0.13088,0.034025,0.029872,0.040321,0.01267,-0.012408,-0.06121,0.016109,0.017356,-0.11493,-0.080016,0.21749,0.27618,0.25478,0.39854,0.4755,0.43157,0.53038,0.50092,0.4372,0.41736,0.53598,1,0.38708,0.055794,0.23613,0.27319,0.40576,-0.15331,0.26565,0.11836,0.28718,0.084418,0.22442,-0.21656,0.20186,-0.099074,0.44627,0.33515,0.35529,0.43155,0.11969,0.2287,0.21485,0.17137,0.027059,-0.053398,0.34668,0.26976,-0.08079,-0.01258,-0.023798,0.06795,0.0076925,0.10995,-0.045918,-0.04335,0.016311,-0.17068,-0.14483,0.014974,-0.038205,0.043623,-0.065925,-0.035947,-0.039029,-0.089082,-0.095509,0.11843,0.1475,0.10324,0.056646,0.1048,0.084113,-0.016498,0.038706,0.084996,0.085115,0.04609,0.02875,0.40356,0.31887,0.55247,0.45672,0.29126,0.097953,0.15777,-0.060497,0.18698,0.074402,-0.09808,-0.12338,0.11343,0.034128,0.12096,0.36145,0.057424,-0.17521,-0.18879,0.44594,0.5334,0.71185,0.012278,0.065376,0.040042,0.098564,0.10279,0.057129,0.088528,0.063426,0.076969,0.35783,0.31189,0.0012127,0.13771,0.16436,0.17324,0.014943,0.065136,0.070377,0.35293,0.38419,0.17708,0.0023726,0.014573,-0.030847,0.36936,0.25236,-0.019056,0.10483,0.054345
0.070661,0.036706,0.043056,0.086491,0.012205,0.062487,0.16359,0.092255,0.03199,-0.069331,0.031133,0.0098285,0.21119,0.071689,0.15816,0.14537,0.07298,0.32653,0.43451,0.27508,0.10996,0.097064,0.17307,0.17268,0.16357,0.10992,-0.036921,0.16469,0.014996,0.051868,-0.0058028,0.095207,0.22795,0.20672,0.0613,0.023335,0.11643,0.048297,0.049267,0.04051,0.15836,0.12285,0.12404,0.023928,0.070538,0.15863,0.094592,0.1835,0.24849,0.30832,0.12495,0.16859,0.21605,0.30521,0.11361,0.068016,-0.015067,0.12564,-0.017347,0.00043145,0.092007,0.0045219,-0.034364,0.050184,0.17902,0.062769,0.0011472,0.095785,0.074034,0.05134,0.12325,0.083587,0.099608,0.0071653,0.052047,0.055009,0.06743,0.0052858,0.033784,-0.038924,0.067785,0.26386,0.083589,0.042034,0.091257,0.48902,0.27158,0.049696,0.29864,0.27145,0.29848,0.3475,-0.081585,-0.012432,0.34347,0.48516,0.0107,0.097045,0.10343,0.2811,0.071257,0.34521,-0.018868,0.14508,-0.065628,0.25455,0.19936,0.26526,0.2164,0.04566,0.08939,0.14414,0.077953,0.038054,0.077101,0.42823,0.29673,-0.02056,0.05892,0.02549,0.055188,0.15915,0.013292,-0.044123,0.025624,0.03866,-0.12427,-0.032164,-0.021496,0.010294,0.014153,-0.053345,0.088644,0.071644,0.076631,0.053857,0.0059978,0.1508,0.11594,0.15645,0.094037,-0.08628,0.052487,0.046226,-0.0097118,0.17097,0.11722,0.078476,0.28724,0.17341,0.29813,0.46727,0.31181,0.22527,0.24971,0.15206,0.071798,0.26699,0.21851,0.21799,0.19607,0.14618,0.2468,0.35817,0.11888,-0.080179,-0.079197,0.31203,0.42852,0.42786,0.15393,0.10711,0.037831,0.038663,0.059254,0.12139,0.10732,0.08997,0.084292,0.29606,0.15846,0.056965,-0.018625,-0.00038598,-0.0938,0.033504,0.02613,-0.018847,0.23387,0.27239,0.046944,0.11883,0.030279,0.061202,0.19944,0.25602,0.037406,0.091624,-0.10519,0.12767,0.013521,0.12264,0.14187,0.11043,0.1766,0.17888,0.033471,0.12558,0.14299,0.16648,0.15668,0.0092236,0.1435,0.30458,0.045179,0.013763,0.19146,0.11545,0.13153,0.078681,0.14075,0.089725,0.23177,0.19258,0.13572,0.092726,0.26823,0.30044,0.31473,0.27641,0.18013,0.092636,0.18124,0.28309,-0.0014738,0.061278,0.11726,0.0010863,0.10686,0.0099728,0.028249,0.089154,0.021193,-0.020802,-0.019008,0.071227,0.077629,-0.055159,0.27092,0.044241,0.096188,0.13172,0.13343,0.061313,0.024138,0.15701,0.096132,-0.013401,0.062024,0.091261,0.29571,0.61031,0.1138,0.20546,0.29601,0.4786,0.38383,0.12395,0.35913,0.38175,0.38708,1,0.15743,0.18046,0.21044,0.64844,0.15726,0.47597,0.21226,0.42707,0.22546,0.72632,0.039327,0.70881,0.18851,0.42437,0.1979,0.65292,0.40264,0.17173,0.20133,0.22397,0.20558,0.29474,0.081267,0.47659,0.47877,-0.0095738,0.019658,-0.0057612,0.18444,0.11795,0.08693,-0.019682,-0.095586,0.040534,0.14133,-0.018423,-0.037399,0.19816,0.089589,0.0077235,0.020171,0.0246,0.054984,0.15911,-0.038844,0.19794,0.032213,0.14776,0.10074,0.09394,-0.048108,0.029533,0.0346,0.033854,0.11035,0.08913,0.4823,0.25353,0.23657,0.55117,0.28142,0.043574,0.0739,0.070814,0.21195,0.11824,-0.016813,-0.084772,0.13766,0.09513,0.57621,0.6752,0.13739,0.0057234,0.040123,0.79304,0.45847,0.47438,0.057182,0.13326,0.061293,0.094301,0.1574,0.014019,0.15818,0.03848,-0.033522,0.26489,0.25603,0.14909,0.101,0.1295,0.11699,0.10319,0.0045356,0.42439,0.39662,0.64,0.091895,0.024523,-0.0025332,0.042874,0.23311,0.23229,0.0040291,0.18161,0.13097
0.069524,0.1423,0.016086,-0.014529,0.0020442,-0.019841,0.11,0.0039959,0.0033991,-0.0055167,-0.033389,-0.020056,0.16315,0.082661,0.13441,0.042068,0.015478,-0.11224,0.30042,0.10592,0.21288,0.16081,0.11461,0.10511,0.15167,0.066564,0.33864,0.27193,0.12411,0.089477,0.28825,0.13795,-0.12602,-0.24662,0.11828,0.10494,0.18737,0.11294,0.14907,0.22733,0.10523,0.20766,0.05583,0.040997,0.20327,0.16809,0.17182,-0.034212,-0.09871,-0.005975,-0.085395,0.017747,-0.091816,-0.15569,0.24778,9.0086e-05,-0.076098,0.1717,0.19255,0.069337,0.01291,-0.0093008,-0.10042,-0.0043609,-0.071661,0.069115,0.14575,0.10726,0.12309,0.32218,0.169,0.31336,0.1579,0.11718,0.14771,0.013172,-0.032815,0.040397,-0.022749,-0.050261,-0.13003,-0.027351,-0.13564,-0.024852,0.0029186,-0.064542,-0.042138,0.21368,0.10783,0.05481,-0.065811,-0.039572,0.05473,0.38215,0.13258,-0.079568,0.014072,0.12156,0.13419,0.17234,0.055763,-0.086049,-0.18762,-0.1398,-0.05638,0.09994,0.021834,-0.15179,-0.047234,-0.15804,0.070763,0.030496,0.020213,-0.0069342,-0.0085054,-0.027158,-0.1068,0.07826,0.16006,0.11262,0.1062,0.062759,0.12533,0.041181,0.057836,0.11663,-0.075522,-0.083673,0.12899,-0.08087,0.014584,-0.05534,-0.048932,0.069206,0.12586,0.10329,0.03055,0.017179,-0.0018749,0.097375,0.011431,0.17404,0.16522,0.31015,-0.012651,0.01753,0.22566,0.33226,0.01521,0.14967,0.13696,-0.06592,-0.020769,0.058678,0.094205,0.03009,0.23145,0.16088,0.12103,0.2255,-0.0047165,0.14354,-0.17965,-0.045618,0.18121,-0.009549,-0.067877,-0.25612,0.082085,-0.15931,0.041144,0.012493,0.036417,0.077057,0.25096,0.18735,0.17118,0.14199,0.028417,-0.10028,-0.044622,-0.055741,0.035959,0.060705,-0.039846,0.093158,0.1213,0.047612,-0.18876,-0.029554,0.061398,0.11058,0.064158,0.25114,0.16434,-0.15532,0.0086201,-0.0032934,-0.061051,0.12636,-0.042979,0.14721,0.17127,0.12477,0.13615,0.14257,0.32672,0.26495,0.2024,0.17948,0.57409,0.093664,-0.068249,-0.20599,0.12723,0.03805,0.22255,0.10945,0.078669,0.20691,0.15594,0.020424,0.12801,0.52879,0.52709,0.10044,0.50688,0.00071407,0.019218,0.004413,-0.041214,0.043935,0.0052812,0.01583,0.19009,-0.016675,0.059689,0.10163,0.21898,0.066681,-0.076915,0.18801,0.045065,-0.070581,0.056417,0.00032312,0.097031,0.035511,0.062711,0.26191,0.14051,0.28245,0.083308,0.11468,0.099149,0.077719,0.027356,0.003939,0.11077,-0.042337,0.085566,0.28627,0.18032,0.031858,0.098416,0.39126,0.019953,0.3546,0.38052,0.27516,0.055794,0.15743,1,0.73241,0.61097,0.34885,0.17078,0.43103,0.21108,0.41624,0.36714,0.09725,-0.1347,0.035791,0.075896,0.4779,0.16094,0.20534,0.16919,-0.086622,0.050503,0.053807,0.2161,0.16117,-0.0030408,0.1314,0.057448,0.14295,0.17445,0.091523,0.11939,0.046425,0.15079,0.085817,-0.0034897,0.20368,0.10255,-0.0078038,0.015321,0.027042,-0.035543,-0.0084431,-0.0067552,-0.011032,0.06437,0.059974,0.068741,0.028457,0.024113,0.018627,0.16802,0.28492,0.067247,0.51808,0.046736,0.058584,0.42468,0.57008,0.46015,0.43779,0.23632,0.17436,0.10581,0.15536,0.1008,0.12274,0.1818,0.58232,0.10806,-0.038065,0.057713,0.11712,0.00019118,0.016515,0.12818,0.048365,0.084534,0.13637,0.45253,0.11537,0.11509,0.088906,0.021856,-0.0017273,0.23144,0.106,0.13348,0.11252,0.11134,0.1077,-0.055146,0.15409,-0.068772,-0.0075619,-0.0010117,0.064464,0.14156,0.28203,-0.10444,0.3469,0.20954,0.12176,0.11318,0.34084,0.28574,-0.020602,0.2609,0.07318,-0.047222
0.087345,0.15639,0.14418,0.047781,0.092245,-0.0056054,0.13932,0.0058716,0.0022674,-0.019569,-0.039905,0.0048708,0.21394,0.083593,0.15583,0.067248,0.041252,-0.1306,0.37312,0.13623,0.25275,0.16153,0.17227,0.14259,0.20557,0.10476,0.39633,0.34867,0.010208,0.021991,0.22636,0.12343,-0.104,-0.28648,0.16344,0.12457,0.20235,0.12384,0.18734,0.30124,0.19282,0.22882,0.072146,-0.043985,0.20086,0.14931,0.1674,-0.060727,-0.036277,0.13315,-0.0028527,0.099294,-0.022975,-0.083935,0.33382,0.049421,-0.13803,0.21418,0.24319,0.098687,0.0057883,-0.057308,-0.27474,-0.080471,-0.1263,0.068674,0.16452,0.1126,0.076944,0.36302,0.2263,0.37434,0.20381,0.17107,0.10901,0.00028834,-0.063077,-0.086566,-0.090868,-0.0080548,-0.14636,-0.10475,-0.038083,0.050086,0.15555,-0.054962,0.0039592,0.37366,0.12921,0.12665,-0.007048,-0.060442,-0.0078658,0.41769,0.18823,-0.098236,-0.10852,0.054857,0.081947,0.11355,-0.065769,-0.18917,-0.36245,-0.24752,-0.18521,0.13394,0.082748,-0.18625,-0.091165,-0.16829,0.1452,-0.0097594,0.066121,-0.091205,-0.085785,-0.10325,-0.1031,0.085879,0.15888,0.21281,0.15445,0.066084,0.19354,0.081666,0.094975,0.14633,-0.16153,-0.20161,0.090322,-0.19139,-0.012481,-0.1561,-0.12702,0.12715,0.10487,-0.017161,0.037473,-0.0063268,0.014209,0.11834,0.00065198,0.17029,0.22862,0.34134,0.026181,0.03702,0.18839,0.33515,0.023134,0.2246,0.20127,-0.082561,0.007013,0.12571,0.13935,-0.06083,0.2968,0.15852,0.07462,0.23368,0.048905,0.14714,-0.29242,-0.13133,0.17179,-0.090357,-0.24061,-0.35765,0.20855,-0.11431,0.062994,0.069883,0.087401,0.10441,0.28139,0.1918,0.2265,0.18338,0.054627,-0.040779,-0.060675,-0.048229,0.060481,0.16514,-0.076903,0.06614,0.15986,0.0022506,-0.25325,-0.10099,0.064676,0.15655,0.15797,0.26807,0.15639,-0.13816,0.028259,-0.085096,-0.061425,0.15489,-0.024278,0.12901,0.20555,0.15929,0.19828,0.19895,0.35696,0.3136,0.12475,0.08541,0.7093,0.084661,-0.068148,-0.18065,0.12225,0.039803,0.25902,0.14868,0.13546,0.24444,0.15912,-0.018469,0.14732,0.54596,0.69796,0.049575,0.5601,-0.07326,0.081924,0.11883,0.026621,0.12096,0.13311,0.16611,0.23191,-0.06411,0.016142,0.19053,0.21903,0.096569,-0.13992,0.058021,-0.092493,-0.12337,-0.0091468,-0.00089041,0.058126,0.034525,0.011976,0.29234,0.1615,0.33925,0.1308,0.11056,0.10476,0.041912,0.0060012,0.029722,0.077767,0.095327,0.20912,0.24865,0.35133,0.2131,0.24756,0.52878,0.15138,0.57581,0.53406,0.44563,0.23613,0.18046,0.73241,1,0.71153,0.41797,0.0030588,0.43987,0.15965,0.4427,0.27603,0.044617,-0.29907,-0.02311,0.083338,0.60606,0.30694,0.19121,0.30584,-0.017347,0.11543,0.065209,0.31139,0.075837,-0.12041,0.20604,0.070475,0.090327,0.20061,0.11593,0.13895,0.053837,0.12838,0.020902,-0.07485,0.30178,0.034276,-0.048306,-0.027218,0.065731,0.0076875,-0.048239,-0.032376,0.0025465,-0.043377,-0.02586,0.12872,0.098393,0.11917,0.076099,0.1923,0.29068,0.09414,0.48608,0.16437,0.097462,0.49387,0.65926,0.57288,0.53908,0.42285,0.19823,0.22065,0.20605,0.066566,-0.014178,0.16599,0.6354,0.099797,-0.11821,0.090123,0.16299,-0.13125,-0.019369,0.085216,-0.057467,-0.10848,0.16544,0.61142,0.29154,0.087433,0.14325,0.11553,0.06429,0.2955,0.13414,0.17004,0.16302,0.15322,0.26083,0.0465,0.15522,0.01456,0.085333,0.068034,0.035512,0.17412,0.21113,-0.060586,0.36914,0.32404,0.15943,0.15738,0.33488,0.46153,0.024833,0.2761,0.11768,0.0026611
0.1188,0.10668,0.10729,0.057712,0.10907,0.061586,0.15467,0.058256,-0.013229,-0.033947,0.018276,0.050073,0.18205,0.049801,0.12982,0.093345,0.040581,-0.064396,0.3174,0.15179,0.18954,0.12742,0.15565,0.11956,0.13985,0.075696,0.2642,0.31163,0.056251,0.022525,0.1236,0.097403,-0.059051,-0.1839,0.075764,0.036959,0.14645,0.06787,0.081183,0.17503,0.12043,0.15835,0.12329,0.017224,0.16253,0.142,0.16824,-0.0094713,-0.040021,0.14064,-0.010588,0.087945,-0.021922,-0.046735,0.27361,0.12843,-0.0079275,0.21657,0.17824,0.076918,0.1101,0.041602,-0.15246,0.017789,-0.065983,0.095784,0.068235,0.087743,0.032456,0.28618,0.22062,0.29878,0.20494,0.18168,0.065599,0.037926,-0.035002,-0.017575,0.0032688,-0.0045882,-0.11898,-0.058005,-0.011982,-0.0068626,0.20471,-0.075297,-0.0086825,0.32271,0.041928,0.039529,0.00086162,-0.13158,0.060084,0.3086,0.21717,-0.052888,-0.045549,0.1095,0.077321,0.14056,0.046278,-0.23499,-0.22229,-0.23041,-0.066563,0.17911,0.097293,-0.21546,-0.050094,-0.089854,0.23197,0.087428,0.12048,-0.097718,-0.0050423,-0.09341,-0.19954,0.083211,0.11571,0.17733,0.12151,0.085254,0.14011,0.10245,0.12522,0.12257,-0.10805,-0.079665,0.047893,-0.15035,-0.019283,-0.063659,-0.00016122,0.13751,0.10634,-0.010867,0.011832,0.031003,0.0251,0.10882,0.033036,0.044596,0.14729,0.25033,0.018242,0.069116,0.14916,0.2546,0.049138,0.20503,0.18726,-0.015276,0.045886,0.18116,0.15322,0.032655,0.16016,0.19551,0.12573,0.24091,0.082595,0.17839,-0.2395,-0.1445,0.11663,-0.057403,-0.090225,-0.28664,0.18761,-0.10335,0.091613,0.068773,0.067536,0.058235,0.17352,0.14387,0.13826,0.12593,0.061555,-0.053857,-0.055421,-0.043501,0.047306,0.13964,-0.037106,0.068205,0.10592,0.10703,-0.16886,-0.069798,0.063742,0.13579,0.13172,0.21352,0.13048,-0.13851,0.073892,0.0026773,-0.12004,0.10036,0.0064553,0.052202,0.1807,0.097231,0.14213,0.1532,0.22373,0.2398,0.1506,0.085791,0.40795,0.042855,-0.048903,-0.079306,0.031804,-0.0027632,0.19907,0.09892,0.065311,0.12397,0.047617,0.043955,0.15825,0.34795,0.37084,0.09532,0.4514,0.024476,0.10759,0.16208,0.045041,0.12883,0.088891,0.18055,0.12761,0.00075827,0.086464,0.10414,0.142,0.1058,-0.046365,0.049994,-0.00079886,0.00059404,-0.0023656,0.02943,0.03398,-0.02801,0.026368,0.20901,0.14025,0.26304,0.15641,0.092935,0.071526,0.080215,0.069542,0.092048,0.073218,0.090408,0.20933,0.24856,0.27629,0.20966,0.41235,0.46132,0.25139,0.46872,0.36595,0.37539,0.27319,0.21044,0.61097,0.71154,1,0.39863,0.11256,0.47491,0.25161,0.4313,0.47021,0.086729,-0.07694,-0.02496,0.086807,0.4676,0.29427,0.23155,0.23398,0.077055,0.18137,0.088971,0.31905,0.12787,0.014432,0.30298,0.03483,0.088416,0.15029,0.12177,0.14281,0.042962,0.10532,0.077755,-0.042392,0.24386,0.078063,0.049942,0.057937,0.11554,0.061445,-0.021383,0.051212,0.046599,0.014745,0.04796,0.048377,0.13881,0.083755,0.12454,0.16032,0.21126,0.073547,0.33074,0.13933,0.081661,0.36769,0.41551,0.50631,0.44303,0.30141,0.25411,0.17942,0.13263,0.14792,0.13084,0.18233,0.42733,0.07406,0.0033594,0.098211,0.17093,-0.017949,0.056562,0.12677,0.031994,0.080161,0.15587,0.50326,0.3298,0.050697,0.09638,0.089742,0.098395,0.17407,0.056073,0.082461,0.089862,0.0013957,0.21578,0.14152,0.13556,0.047558,0.10121,0.094213,0.098925,0.074182,0.32562,0.020815,0.35767,0.2108,0.090352,0.10476,0.23515,0.40191,0.019087,0.19257,0.13198,0.063496
0.055969,0.10096,0.052419,0.064909,0.0097895,0.003194,0.22521,0.052487,0.026282,-0.010564,0.01138,-0.012376,0.17671,0.072336,0.14425,0.11595,0.057603,0.14388,0.44949,0.1835,0.13318,0.073778,0.11703,0.14556,0.14522,0.021628,0.10801,0.2015,-0.035359,0.056912,0.079399,0.057846,-0.0095011,-0.17449,0.073398,0.071804,0.085817,0.051324,0.066648,0.087298,0.13253,0.099085,0.090562,-0.070199,0.081842,0.088792,0.064584,-0.0012685,0.076884,0.15036,0.0096911,0.10403,0.11205,0.063255,0.18606,0.0083491,-0.15063,0.11094,0.051357,0.0036395,-0.0064584,-0.069128,-0.23348,-0.075076,-0.05047,0.0036094,0.064258,0.075159,0.066122,0.13048,0.10111,0.16838,0.087824,0.025525,0.04949,-0.013336,-0.0021892,-0.083185,-0.10004,-0.098867,-0.080941,0.16871,-0.08196,-0.048188,0.1511,0.28853,0.073762,0.14675,0.36636,0.25659,0.10007,0.27148,-0.13633,0.0824,0.41743,0.38113,-0.012236,0.073305,0.11778,0.32432,0.090881,0.17079,-0.25239,0.043821,-0.22891,0.26031,0.087261,0.044167,0.098527,-0.034655,0.15552,0.1418,0.066359,-0.055192,-0.054721,0.25919,0.10711,-0.00047876,0.066757,0.045866,0.094868,0.090737,0.06684,-0.043429,0.028425,0.011995,-0.19525,-0.12117,0.030131,-0.075365,0.0025799,-0.18654,-0.021087,0.042646,0.05039,-0.003519,0.015399,0.069319,0.06631,0.11595,0.087515,-0.0081044,0.074932,0.07709,-0.046341,0.082962,0.078848,0.085058,0.09054,0.13319,0.2281,0.24204,0.1712,0.17638,0.1744,0.031289,0.13038,0.13532,0.15152,0.1875,0.0090605,0.098737,-0.052294,0.056291,0.10398,-0.11836,-0.14685,-0.010501,0.24739,0.1204,0.037604,0.06714,0.0095933,0.065487,0.13131,0.13004,0.13343,0.09498,0.044442,0.084007,0.023587,-0.0053845,0.035086,0.038348,-0.064621,0.06379,0.089477,-0.027199,0.010077,0.24369,0.027412,0.10891,0.022894,0.10028,0.10622,0.09464,0.033364,-0.039648,-0.10215,0.084872,-0.064118,0.12222,0.10571,0.064166,0.1176,0.13268,0.12405,0.14145,0.10417,0.079115,0.32178,0.00303,-0.0058776,-0.049635,0.076154,-0.0017461,0.16212,0.080516,0.087907,0.097775,0.10978,-0.0015115,0.15933,0.26891,0.309,-0.0021566,0.32563,0.084169,0.20509,0.14803,0.098491,0.088877,0.156,0.17166,0.069336,-0.036265,-0.002234,0.048,0.1178,0.011719,-0.13637,0.021121,-0.12884,-0.1372,-0.051955,-0.004585,0.07116,-0.062365,0.17816,0.080807,0.042129,0.15219,0.072859,0.02893,0.005766,0.088817,0.049935,-0.072258,-0.028823,0.052798,0.21267,0.54919,0.21778,0.1979,0.31314,0.54076,0.21517,0.2681,0.58899,0.55125,0.40576,0.64844,0.34885,0.41797,0.39863,1,0.069085,0.58388,0.22335,0.52328,0.25904,0.45475,-0.18254,0.45668,-0.034949,0.56569,0.22475,0.55952,0.37688,0.090453,0.20834,0.22826,0.2648,0.1546,-0.056204,0.37157,0.35456,-0.026114,0.076916,-0.01391,0.10211,0.056143,0.090237,-0.043059,-0.084334,0.076295,0.0075995,-0.051165,-0.035385,0.12375,0.024873,-0.044948,0.0078425,-0.041365,-0.037773,0.034458,0.063825,0.11111,0.033674,0.074236,0.14073,0.15945,-0.026564,0.158,0.050222,0.03962,0.19059,0.20374,0.51328,0.37154,0.33904,0.53498,0.27883,0.11613,0.068832,0.021947,0.16456,0.30376,0.012913,-0.15728,0.027472,0.063648,0.25119,0.40268,0.077552,-0.094648,-0.062234,0.61105,0.53392,0.45505,0.063962,0.11751,0.056691,0.029777,0.17685,0.034225,0.12505,0.056053,0.042482,0.18976,0.088036,0.11136,0.024977,0.1033,0.12827,0.037643,0.084388,0.39396,0.13428,0.73048,0.17246,0.04427,0.071788,0.10461,0.24248,0.13955,0.092092,0.10125,0.0038878
0.056931,-0.0037632,0.018255,-0.015514,0.065583,0.11206,0.16896,0.15726,0.015079,0.0023228,0.18097,0.1139,0.31616,0.12956,0.14983,0.092616,0.097249,0.24845,0.18574,0.30279,0.23786,0.21194,0.26961,0.19212,0.22569,0.17441,0.22512,0.32565,0.34087,0.13796,0.20524,0.21025,-0.026664,-0.0016633,0.067686,0.017865,0.16331,0.10913,0.10265,0.15845,0.20804,0.17717,0.18461,0.38769,0.20731,0.14652,0.24468,0.36617,-0.26069,-0.035456,-0.0028433,-0.1268,-0.050321,-0.15903,0.25836,0.24954,0.34704,0.19305,0.21474,0.20313,0.38078,0.40337,0.44293,0.38944,0.38809,0.3168,0.10585,0.22388,0.19453,0.34914,0.36675,0.29322,0.33617,0.33786,0.36601,0.22709,0.081664,0.12819,0.27403,-0.063788,0.056715,0.15987,0.019191,-0.012214,0.086488,-0.095239,-0.15816,-0.14064,-0.084429,-0.14101,-0.14027,0.066454,0.29276,0.00089991,0.004184,0.02303,0.48062,0.24274,0.34038,0.18122,0.36952,0.18159,0.44724,0.24155,0.28274,-0.11812,-0.035697,-0.079966,-0.13828,0.19176,0.089323,-0.014531,-0.015831,0.18936,0.5288,0.063949,-0.09444,0.18983,0.24687,0.21576,0.10873,0.10449,0.15852,0.26498,0.21144,0.29161,0.26418,0.15554,0.045151,0.18463,0.0062635,0.16011,0.075075,0.26797,0.40114,0.42727,-0.078253,0.050563,0.00569,0.17062,-0.015013,-0.090958,0.18716,0.1345,0.12097,0.1204,-0.059646,0.12156,-0.072756,-0.030261,-0.093299,0.037748,-0.010992,0.20382,0.23219,0.42003,0.092414,0.11994,0.13678,0.19079,0.2029,0.31492,0.28385,0.14936,0.15671,0.39427,0.47886,0.11381,-0.15771,-0.17048,0.079674,0.1442,0.097595,-0.02172,0.14736,0.10185,0.069513,0.16016,0.1102,-0.097886,0.070214,0.14574,-0.0065209,0.079345,-0.00051734,0.13984,0.13932,0.29223,0.13304,0.1502,0.084974,0.20039,0.19826,0.27974,-0.13835,-0.022329,0.12457,0.16957,0.0054172,0.24006,0.30058,0.14168,0.26979,0.27078,0.22603,0.23972,0.24793,0.33392,0.34211,0.60761,0.10195,0.16617,-0.035376,-0.066828,-0.01576,0.18325,0.30089,0.1705,0.088404,0.16396,0.14644,0.27098,0.2421,0.055672,-0.014735,0.064908,0.17599,0.099328,-0.15787,-0.098294,0.032878,-0.18232,-0.13734,-0.060615,0.14077,0.24726,0.34434,0.077435,0.22385,0.24317,0.38338,0.47574,0.48101,0.23211,0.20454,0.42717,0.23145,0.17886,0.22127,0.36698,0.41155,0.30381,0.42544,0.34679,0.4727,0.23339,0.24154,0.3419,0.33636,0.022055,0.11493,0.24097,-0.10045,-0.060755,0.065438,-0.034645,0.092432,-0.19694,-0.091235,-0.034799,-0.15331,0.15726,0.17078,0.0030588,0.11256,0.069085,1,0.14702,0.41386,0.067241,0.56705,0.39553,0.52268,0.35511,0.3928,-0.098509,-0.044312,0.082732,-0.058138,0.18865,0.069523,-0.027444,-0.070696,0.36344,0.53363,0.27199,0.19015,0.39103,0.35686,0.27711,0.17196,0.077451,0.08308,0.23979,0.21334,0.23508,0.48929,0.36655,0.08315,0.28657,-0.004554,0.12364,0.25528,0.23819,0.5947,0.69641,0.040233,0.1282,0.021417,0.17134,0.058466,0.052756,0.12237,0.15289,0.083952,0.05225,0.1281,0.15468,0.015061,0.038318,-0.20088,0.18531,0.072642,0.11019,0.13811,0.5723,0.26737,0.19631,0.36552,0.37549,0.13387,0.1868,0.39348,0.17277,0.26918,0.5915,0.6568,0.13588,-0.099802,-0.10353,0.080071,0.13226,0.11837,0.1194,0.15737,0.18011,0.0972,0.063975,0.0077379,-0.10359,0.041999,0.26139,0.068175,0.1036,0.051391,0.20586,0.13677,0.30195,0.11782,0.18811,0.058649,0.1653,0.15834,0.30275,0.050495,-0.029878,0.16388,0.2189,0.18103
0.062662,0.070567,0.056451,-0.021506,0.040333,-0.009396,0.179,0.028061,-0.0085018,-0.016819,0.0088207,0.054112,0.15096,0.018603,0.078303,0.056352,0.039695,0.0026996,0.3664,0.10434,0.080973,0.054302,0.051501,0.038494,0.049338,0.016658,0.093059,0.19464,-0.019444,0.0305,0.17156,0.02191,-0.096672,-0.1966,0.035683,-0.0088773,0.031478,0.033793,0.020322,0.076632,0.065425,0.090362,0.06465,-0.0094888,0.054072,-0.0043296,0.11903,-0.0071173,-0.092808,0.063438,-0.061543,-0.017918,-0.02182,-0.096532,0.12948,0.048506,-0.069529,0.054691,0.07277,0.026114,-0.0057521,-0.038701,-0.16572,-0.051049,-0.04148,-0.0020049,-0.028048,0.034006,0.00054539,0.12359,0.096664,0.16382,0.070505,0.063221,-0.0030134,-0.022181,-0.012225,-0.055931,-0.06429,-0.099464,-0.13988,0.13051,-0.11407,-0.055271,0.16717,0.072419,-0.089546,0.074298,0.16635,0.014679,-0.052189,0.12916,0.011816,0.17315,0.29372,0.15199,0.017614,0.12754,0.16911,0.30321,0.14211,0.043123,-0.23894,-0.050916,-0.16459,0.16295,0.034201,-0.14642,-0.04617,-0.084295,0.095412,0.032137,0.010776,-0.066532,-0.035995,0.078142,-0.077129,0.033965,0.066328,0.068702,0.068489,0.050804,0.074949,0.040085,0.070259,0.048933,-0.12001,-0.11652,0.037073,-0.073029,-0.060886,-0.087515,-0.021386,0.059801,0.0077692,-0.057296,-0.012157,-0.014811,-0.043329,0.060152,-3.1617e-05,-0.0042425,0.09387,0.10174,0.0085004,0.033521,0.042024,0.11088,-0.0021356,0.039741,0.0776,0.12591,-0.003473,0.11859,0.10568,0.076549,0.056331,0.13545,0.035968,0.11514,0.032564,0.13063,-0.080368,-0.062414,0.059952,-0.091662,-0.057893,-0.10517,0.075084,-0.061381,0.0065477,0.051987,0.0099328,0.037412,0.051979,0.032044,0.048809,0.067947,0.0056037,-0.081107,-0.055172,-0.052423,0.044689,0.10578,-0.04173,0.078007,0.051053,0.083097,-0.11769,0.16421,0.032016,0.071637,0.10086,0.12036,-0.0050134,-0.058419,0.013635,-0.069057,-0.13144,0.050431,-0.073842,0.034818,0.066831,0.0135,0.037495,0.052441,0.088464,0.11941,0.095306,0.10407,0.32721,-0.011723,-0.088935,-0.09594,0.004319,-0.0024725,0.11136,0.023651,-0.01472,0.028228,-0.002998,-0.043996,0.10683,0.22719,0.28226,-0.015377,0.28778,0.093664,0.038516,0.05236,0.058551,-0.020398,0.091365,0.053361,0.041838,-0.06762,0.057151,0.010597,0.035617,-0.012962,-0.12887,-0.015959,-0.064558,-0.065263,-0.055526,-0.05822,-0.036288,-0.087615,0.0749,0.096917,0.022835,0.13844,0.061856,-0.0021742,0.0040547,0.023381,0.097789,0.0040694,-0.027507,0.0048086,0.12609,0.50602,0.13822,0.10824,0.27054,0.44397,0.16472,0.18719,0.43836,0.37286,0.26565,0.47597,0.43103,0.43987,0.47491,0.58388,0.14702,1,0.35788,0.52037,0.432,0.33296,-0.12494,0.26818,-0.035401,0.44208,0.14004,0.39432,0.18598,0.0060833,0.11625,0.096307,0.16659,0.17351,-8.9415e-05,0.42124,0.28218,0.010574,0.089202,0.052191,0.066457,0.043142,0.031166,-0.016759,-0.047108,0.12831,0.027464,0.0055984,-0.014222,0.16623,-0.027004,-0.062376,-0.012392,-0.025789,-0.062431,0.074474,0.038891,0.095968,0.042513,0.062132,0.12925,0.10799,0.016986,0.15178,0.093135,0.097229,0.19014,0.22112,0.41317,0.23165,0.13667,0.43847,0.21231,0.10311,0.13444,0.18407,0.12749,0.26484,0.015966,0.017719,0.031589,0.0918,0.21711,0.33008,0.14544,-0.053142,0.093338,0.41462,0.37527,0.27967,-0.000518,0.070739,0.043299,0.082582,0.061729,-0.010352,-0.0045708,0.036571,-0.00072447,0.1178,0.071712,0.034738,0.0385,0.11431,0.092406,0.033277,0.043371,0.37347,0.043634,0.62016,0.12685,0.078422,0.083439,0.1316,0.18181,0.011634,0.097849,0.034612,-0.033459
0.074523,0.028165,0.03646,0.0093494,0.029628,0.097163,0.088712,0.050127,-0.020161,0.013052,0.022696,0.01658,0.23819,0.10236,0.10507,0.079798,0.07896,0.030593,0.20621,0.23608,0.25096,0.24298,0.23949,0.18327,0.24603,0.15436,0.27924,0.33122,0.25055,0.24866,0.072912,0.22797,-0.003196,-0.12299,0.16953,0.096537,0.2309,0.17856,0.21944,0.17576,0.16003,0.22183,0.13546,0.15929,-0.042191,0.17194,0.14706,0.25548,-0.11307,0.12518,-0.068855,-0.023722,0.0015445,-0.14359,0.26263,0.15672,0.14772,0.1542,0.18136,0.12213,0.20222,0.14612,0.073399,0.19986,0.19762,0.20682,0.13707,0.21428,0.25363,0.35282,0.2812,0.29798,0.27237,0.23192,0.21316,0.083935,0.024093,0.049302,0.066173,-0.12187,-0.10743,0.13105,-0.090422,-0.034608,0.13515,-0.01228,-0.03565,-0.14053,0.043295,-0.15222,-0.069319,0.0018535,0.046147,-0.077031,0.083734,0.0713,0.26506,0.29164,0.42134,0.28708,0.36954,0.1595,0.0040088,0.067662,-0.11686,-0.068939,-0.019121,-0.16013,-0.16682,-0.061762,0.073962,-0.0036617,-0.021076,0.15816,0.29321,0.15413,-0.15177,0.15814,0.19079,0.16133,0.13094,0.15181,0.14988,0.10206,0.13289,0.1939,-0.0061345,-0.0058792,0.093586,0.011304,0.0031656,0.01415,0.055882,0.16854,0.21072,0.27204,-0.021643,0.070654,0.020405,0.23118,0.022449,0.035244,0.20305,0.18637,0.052141,0.12843,0.054408,0.060762,-0.11259,-0.01334,-0.0085818,0.17212,-0.002625,0.18868,0.23301,0.35301,0.204,0.13528,0.19155,0.29925,0.2281,0.39162,0.15126,0.18249,0.33882,0.10793,0.15016,-0.053248,0.023251,-0.060001,0.15767,0.11996,0.11474,0.079525,0.24271,0.22517,0.21261,0.26375,0.07594,-0.12393,0.097572,0.066718,0.0016777,0.096201,0.012141,0.13575,0.15216,0.1147,-0.012026,0.15901,0.050401,0.15736,0.13985,0.26754,0.043188,-0.11359,0.064611,-0.00017931,-0.10571,0.20829,0.17101,0.20559,0.25873,0.22094,0.21272,0.24477,0.24178,0.24671,0.37449,0.41222,0.12453,0.15521,-0.065577,-0.087553,0.1046,0.24431,0.29732,0.17699,0.099512,0.21339,0.15882,0.25342,0.19768,0.12637,0.063724,0.094704,0.23699,0.16321,-0.0074621,0.10642,-0.065538,-0.0039388,-0.0094437,-0.011553,0.11984,0.11216,0.20572,0.072123,0.19313,0.12632,0.12056,0.16526,0.13099,0.15272,0.26415,0.18068,0.25128,0.1303,0.34888,0.25559,0.20744,0.24704,0.18442,0.2241,0.13103,0.13269,0.15461,0.098135,0.10379,-0.0051099,0.0090551,0.2627,-0.009351,0.10539,0.19122,0.136,0.17359,-0.073051,0.053427,0.10689,0.11836,0.21226,0.21108,0.15965,0.25161,0.22335,0.41386,0.35788,1,0.33983,0.62328,0.31171,0.071343,0.22211,-0.035237,0.069861,0.028503,0.18905,-0.023676,-0.019348,0.14406,0.038327,0.015768,0.45859,0.3693,0.43798,0.27428,0.20564,0.22721,0.14356,0.15814,0.081972,0.15272,0.16395,0.077382,0.15251,0.091935,0.061164,0.095222,0.11012,-0.033297,-0.020417,0.060605,0.077017,0.25288,0.42098,0.045227,0.08114,0.005142,0.12003,0.11322,0.086634,0.073241,0.21189,0.098172,0.15428,0.14546,0.16827,0.19107,0.1685,-0.0135,0.41909,0.091352,0.077542,0.27058,0.47271,0.42698,0.24687,0.25913,0.27632,0.2503,0.33976,0.35211,0.37861,0.49917,0.148,0.31441,0.19238,0.13631,0.16604,0.093947,0.16978,0.082102,0.13907,0.25381,0.21458,0.19697,0.22341,0.13455,-0.019865,0.13025,0.21675,0.04376,0.13054,0.059029,0.13775,0.096268,0.21224,0.061557,0.38145,0.037901,0.08733,0.13016,0.24709,0.14846,0.013248,0.1302,0.011401,0.029681
0.075618,0.078482,0.013879,0.059915,0.049387,0.046059,0.08465,-0.016161,-0.018338,-0.029696,-0.0079715,-0.01915,0.18637,0.054284,0.088986,0.090106,0.046078,0.036613,0.29647,0.20372,0.17977,0.14555,0.15562,0.11575,0.16019,0.064827,0.17416,0.23778,0.073035,0.13857,0.06491,0.12766,0.065921,-0.094064,0.11422,0.074,0.16413,0.092157,0.12082,0.13655,0.12218,0.18508,0.10978,0.0028469,0.038197,0.17168,0.11494,0.044524,0.098862,0.22745,-0.013723,0.14401,0.096235,0.06211,0.19108,0.076923,-0.052707,0.10043,0.057284,0.035557,0.089882,-0.0095063,-0.16847,0.0025293,0.015172,0.086078,0.071411,0.10534,0.10863,0.233,0.17412,0.19561,0.15789,0.080618,0.099695,-0.0021728,-0.023857,-0.013222,-0.017207,-0.12558,-0.1148,0.15315,-0.05682,-0.017031,0.12526,0.17688,0.1233,0.16326,0.1622,0.029435,0.086361,0.10677,-0.039488,0.12881,0.24556,0.19734,0.0044176,0.17264,0.14859,0.32029,0.10046,0.096737,-0.22166,-0.032269,-0.19634,0.10829,0.093253,-0.066794,-0.0021643,-0.083152,0.12854,0.081073,0.037352,2.2328e-05,0.027203,0.17414,-0.053467,0.051811,0.10854,0.094638,0.11537,0.14174,0.076564,0.019061,0.070686,0.086659,-0.15543,-0.08876,0.091929,-0.055679,-0.0087341,-0.08881,0.040343,0.095223,0.096589,0.086463,0.01781,0.10563,0.054672,0.20445,0.087672,0.043501,0.11447,0.17486,0.010363,0.11719,0.16019,0.17231,0.092691,0.17435,0.22669,0.19253,0.06102,0.19748,0.19657,0.099029,0.18019,0.21416,0.18739,0.24797,0.1357,0.19619,-0.041943,0.10651,0.20094,-0.056548,-0.096119,-0.078434,0.30461,0.098836,0.10523,0.05054,0.035811,0.10212,0.16986,0.18363,0.16089,0.16126,0.079766,0.048195,0.01475,-0.00036948,0.041328,0.03996,-0.053686,0.099858,0.072616,0.030673,-0.027634,0.049643,0.019487,0.10329,0.040838,0.16947,0.21665,-0.044011,0.051649,-0.0030477,-0.15222,0.11638,0.0058711,0.14083,0.16155,0.10702,0.15838,0.17421,0.13695,0.15122,0.21944,0.11705,0.29194,0.040969,-0.0019779,0.0081606,0.10482,0.047263,0.21978,0.10498,0.084033,0.15172,0.098523,0.081623,0.17573,0.30407,0.22172,0.11194,0.39984,0.057495,0.1876,0.26136,0.014634,0.10948,0.14615,0.18316,0.042109,0.017804,0.017949,0.028535,0.14338,0.054774,-0.0071707,0.04859,-0.11045,-0.038308,0.030163,0.048098,0.12866,-0.024999,0.22347,0.12405,0.099888,0.19204,0.072339,0.073346,-0.026535,0.065989,0.055943,-0.030131,0.013726,0.024037,0.12389,0.40299,0.12944,0.20734,0.32667,0.40427,0.19101,0.26065,0.28487,0.3084,0.28718,0.42707,0.41624,0.4427,0.4313,0.52328,0.067241,0.52037,0.33983,1,0.37592,0.31466,-0.17833,0.23917,-0.075598,0.37597,0.23554,0.41191,0.19156,-0.030666,0.13283,0.12828,0.19996,0.26966,0.026301,0.33567,0.14092,0.036779,0.086306,0.00052098,0.1609,0.076486,0.11806,0.083611,-0.048703,0.11368,0.023818,-0.076227,-0.011459,0.10114,0.030829,-0.02003,0.012643,-0.013988,0.0044783,0.087727,0.027342,0.14285,0.0017193,0.081296,0.12793,0.20504,-0.003616,0.24408,0.098121,0.075033,0.24682,0.26182,0.45687,0.36613,0.26192,0.36833,0.1287,0.088342,0.12298,0.083129,0.21851,0.32746,0.092853,-0.055807,0.14959,0.1522,0.21703,0.36701,0.18102,-0.02466,-0.014646,0.3561,0.50819,0.38969,0.054845,0.12967,0.036708,0.083704,0.21396,0.10353,0.14929,0.10521,0.039578,0.17897,0.16178,0.15918,0.02681,0.11143,0.05652,0.082071,0.051781,0.34568,0.070089,0.46362,0.11816,0.027871,0.019619,0.15146,0.32548,0.089946,0.1322,0.013169,0.016126
0.080203,0.029602,0.0082788,-0.019754,0.072835,0.12287,0.14825,0.11333,-0.017796,-0.0089888,0.094584,0.098457,0.2682,0.067905,0.12451,0.083136,0.082725,0.11466,0.29164,0.26385,0.2255,0.21241,0.24818,0.18167,0.2041,0.14885,0.27454,0.36236,0.27864,0.16792,0.16763,0.20704,-0.049218,-0.080911,0.098464,0.021752,0.19278,0.11754,0.13206,0.15464,0.16913,0.19985,0.19156,0.26953,0.077795,0.20345,0.2353,0.29618,-0.17048,0.10065,-0.060468,-0.040128,-0.039992,-0.15533,0.29039,0.23443,0.25655,0.15891,0.20615,0.14714,0.27065,0.21737,0.19342,0.2902,0.25146,0.22138,0.049145,0.195,0.1791,0.35042,0.29022,0.32198,0.28473,0.25685,0.19473,0.13567,0.05071,0.090726,0.14278,-0.10103,-0.049765,0.14085,-0.016381,-0.073303,0.16256,-0.071039,-0.074945,-0.030478,0.00072683,-0.11855,-0.093639,-0.0097321,0.18321,0.057453,0.12659,0.026816,0.29505,0.29561,0.38231,0.31894,0.4127,0.075682,0.14976,0.068719,0.097027,0.023065,-0.02059,-0.19452,-0.13571,0.035201,0.14777,0.054451,-0.0021131,0.13732,0.34995,0.065496,-0.19883,0.15396,0.19672,0.17439,0.11542,0.15209,0.15428,0.14681,0.17695,0.22073,0.071311,0.066679,0.094541,0.060981,0.0049161,0.05527,0.084549,0.19509,0.21837,0.25739,-0.061558,0.042022,-0.0093497,0.19988,0.0070179,-0.030964,0.17444,0.20292,0.069778,0.12192,0.034189,0.15181,-0.011684,-0.0018334,0.00080494,0.1253,-0.0089659,0.20355,0.20795,0.4178,0.12355,0.2234,0.21431,0.29761,0.2583,0.42978,0.14201,0.09821,0.27484,0.12654,0.2982,-0.018205,0.00030511,-0.12539,0.15512,0.095532,0.087816,0.040316,0.18313,0.14312,0.12807,0.22288,0.081448,-0.12105,0.094599,0.056008,0.013527,0.11109,-0.0082153,0.15214,0.1226,0.24062,0.022834,0.15735,0.033405,0.19489,0.16798,0.27142,-1.4712e-05,-0.1169,0.096943,0.078216,-0.10517,0.21123,0.20745,0.14426,0.27314,0.21078,0.21665,0.22309,0.24405,0.26738,0.3081,0.39055,0.14432,0.11835,-0.064496,-0.058681,0.033567,0.18862,0.31353,0.1278,0.058216,0.16533,0.14058,0.25994,0.2054,0.15229,0.044747,0.15907,0.30945,0.18012,-0.054359,0.083571,-0.018399,-0.06931,-0.023472,-0.0069354,0.12534,0.17436,0.28628,0.016945,0.17324,0.17663,0.1938,0.21774,0.26951,0.24741,0.24036,0.196,0.20609,0.039514,0.27469,0.26939,0.22793,0.28958,0.24447,0.23024,0.1986,0.21219,0.23376,0.21343,0.16548,-0.0024528,0.091521,0.32804,0.012248,0.053652,0.2917,0.18161,0.21652,-0.011797,0.064029,0.12904,0.084418,0.22546,0.36714,0.27603,0.47021,0.25904,0.56705,0.432,0.62328,0.37592,1,0.35888,0.30896,0.22154,0.1533,0.1317,0.064332,0.21848,-0.011611,0.11729,0.19243,0.049447,0.04298,0.44064,0.42924,0.43758,0.19508,0.23902,0.24485,0.16479,0.18803,0.097311,0.13711,0.20405,0.10259,0.2032,0.23727,0.18936,0.10378,0.19701,0.0097923,0.0085344,0.13362,0.090127,0.33623,0.49458,0.010773,0.13526,0.008694,0.15128,0.14867,0.069376,0.072868,0.2221,0.1215,0.12642,0.16017,0.209,0.25086,0.14918,-0.06118,0.38674,0.11775,0.10538,0.29085,0.63899,0.41822,0.27772,0.28948,0.41392,0.22983,0.35547,0.36625,0.30422,0.4364,0.32529,0.56581,0.21824,0.16607,0.14295,0.088991,0.14877,0.093029,0.13377,0.19022,0.13772,0.11545,0.15989,0.055917,-0.0060369,0.1548,0.24583,0.031333,0.15254,0.094138,0.17567,0.094445,0.36,0.10756,0.41699,0.033928,0.088884,0.12703,0.26378,0.14678,0.011882,0.14677,0.12075,0.11307
0.089601,0.033707,0.013972,0.059313,0.035497,0.13667,0.12481,0.13367,0.017652,-0.076187,0.078406,0.06186,0.29954,0.071673,0.18665,0.15087,0.084335,0.41127,0.33799,0.31994,0.18121,0.13566,0.24589,0.21525,0.22148,0.18652,0.032631,0.23773,0.15963,0.078683,0.058259,0.15876,0.21054,0.24316,0.081212,0.010545,0.17013,0.067352,0.082848,0.097116,0.22154,0.1772,0.1411,0.16013,0.096501,0.1845,0.1552,0.36393,0.17023,0.27973,0.11809,0.11696,0.16366,0.25132,0.1766,0.13982,0.14616,0.14696,0.041754,0.05291,0.19221,0.13989,0.13954,0.17868,0.34321,0.1225,-0.013407,0.15719,0.15604,0.16269,0.2032,0.16662,0.17629,0.11742,0.12937,0.083845,0.11873,0.0034636,0.12301,-0.086955,0.12289,0.29911,0.11275,0.028141,0.07992,0.46922,0.25788,-0.08679,0.2273,0.17052,0.20925,0.34591,0.047383,-0.067051,0.18404,0.45848,0.18618,0.16983,0.24751,0.27602,0.22282,0.45137,0.23966,0.31131,0.048846,0.12677,0.11441,0.29013,0.1098,0.15103,0.091876,0.10029,0.031136,0.12849,0.27983,0.47973,0.30796,0.039042,0.12758,0.092358,0.059061,0.16194,0.052908,0.034323,0.095413,0.15161,0.0081513,0.060813,-0.031608,0.10147,-0.00042612,0.0030628,0.085768,0.16638,0.14122,0.18171,-0.02544,0.15825,0.1142,0.18681,0.06057,-0.10633,0.13726,0.133,0.049339,0.19511,0.071957,0.14248,0.23583,0.10637,0.19133,0.47387,0.29134,0.27376,0.30594,0.32157,0.067304,0.2982,0.2464,0.23693,0.2706,0.26292,0.41894,0.4676,0.18098,0.037332,0.096261,0.40831,0.31796,0.41174,0.18394,0.14316,0.056905,0.011305,0.11496,0.10617,0.10549,0.13734,0.12467,0.24723,0.20672,0.098291,-0.056221,0.01638,-0.096979,0.070887,0.090125,0.088623,0.35187,0.33468,0.061757,0.12908,0.090323,0.16265,0.11092,0.23996,0.088733,0.15601,-0.093396,0.19929,0.12087,0.17587,0.22855,0.20059,0.26406,0.25429,0.11611,0.2185,0.21282,0.31452,0.099948,0.056968,0.097732,0.26625,0.031582,0.077472,0.3056,0.15204,0.15586,0.139,0.15128,0.18872,0.2902,0.14393,0.030642,0.10568,0.26638,0.31393,0.20234,0.21006,0.11639,-0.026485,0.080947,0.20064,0.044057,0.17585,0.1962,0.036277,0.13787,0.10406,0.15625,0.16793,0.17905,0.1146,0.08823,0.19162,0.14267,0.020681,0.34592,0.15746,0.20194,0.21386,0.23275,0.1795,0.15548,0.20959,0.1481,0.09257,0.16777,0.046162,0.23733,0.49655,0.0060367,0.11638,0.18776,0.24028,0.35936,-0.10589,0.15166,0.18226,0.22442,0.72632,0.09725,0.044617,0.086729,0.45475,0.39553,0.33296,0.31171,0.31466,0.35888,1,0.26503,0.78571,0.30551,0.15176,0.076508,0.49165,0.23599,0.25256,0.18511,0.15481,0.02779,0.40511,0.27009,0.49011,0.51227,0.10813,0.14083,0.10534,0.23718,0.13998,0.10161,0.059393,-0.042855,0.13754,0.28766,0.10397,-0.0046991,0.24951,0.061473,0.02861,0.10533,0.11482,0.22446,0.37659,-0.047659,0.21975,0.026367,0.16484,0.11722,0.040212,0.032787,0.10192,0.062938,0.029755,0.11608,0.087239,0.30155,0.16521,0.038518,0.52041,0.25541,0.038263,0.12208,0.25507,0.25978,0.14285,0.10941,0.096489,0.20592,0.17396,0.67999,0.67602,0.24544,0.18324,0.25186,0.687,0.26228,0.32711,0.067584,0.16977,0.11814,0.12102,0.20757,0.0615,0.16908,0.067777,-0.027613,0.14432,0.24579,0.22159,0.090165,0.17478,0.091919,0.14756,0.053892,0.37876,0.39975,0.57439,0.043443,0.057282,0.065696,0.16122,0.15098,0.17496,0.067458,0.20475,0.18055
0.015484,-0.053276,-0.13097,-0.034253,0.0084522,0.12769,0.060682,0.12892,0.035987,-0.0031246,0.14269,0.11847,0.12812,0.03193,0.017084,0.048789,0.052139,0.369,0.028069,0.14471,-0.05969,-0.010216,0.10437,0.11113,0.033934,0.066903,-0.095923,0.053824,0.19437,-0.091636,0.046364,0.029257,0.10766,0.33017,-0.12856,-0.16587,-0.032954,-0.10358,-0.096823,-0.074475,0.078179,-0.084175,0.16032,0.41942,0.18379,0.10627,0.14855,0.4125,-0.13655,-0.051755,0.11248,-0.13291,-0.01909,0.010694,0.010776,0.27303,0.49016,0.077102,-0.0011639,0.10133,0.42594,0.29993,0.62929,0.51581,0.46268,0.20761,-0.16582,0.050142,0.021523,0.018934,0.12714,0.0040572,0.13717,0.209,0.077418,0.22415,0.08298,0.18325,0.35073,-0.029926,0.19488,0.12595,0.10635,-0.089014,-0.026112,0.0070683,-0.0077495,-0.13372,-0.17438,-0.050929,-0.096979,0.046092,0.33509,-0.027581,-0.07019,0.0088154,0.30641,0.092324,0.050859,-0.0391,0.27108,0.072209,0.71664,0.2131,0.58628,0.0070385,-0.064002,0.060606,0.1029,0.29589,0.076819,0.080242,0.016125,0.15858,0.45357,0.039642,0.056164,0.10026,0.03828,0.052285,-0.0087685,0.080692,-0.00024823,0.14283,0.11836,0.15307,0.33818,0.26207,-0.070697,0.22435,-0.019908,0.22844,0.15949,0.1056,0.1478,0.22058,-0.11812,0.050928,0.011127,0.0065529,-0.011533,-0.18549,-0.012329,-0.067432,0.060047,0.10873,-0.10239,0.060449,0.16526,-0.082139,-0.14646,0.032786,0.043577,0.10157,0.057336,0.39381,-0.14421,0.089259,0.09835,-0.028907,0.2169,0.22671,0.31646,0.12838,-0.03199,0.29497,0.51321,0.35293,-0.14836,-0.010736,0.090516,0.041049,0.0011361,-0.050302,-0.14697,-0.11963,-0.12013,-0.062474,0.026979,0.073602,0.14344,0.093713,-0.068268,-0.025347,0.011598,0.067229,-0.016015,0.2596,0.32517,0.054051,0.073308,0.082319,0.044892,-0.007626,-0.12948,0.087252,0.081157,0.26829,0.033346,0.079881,0.28166,-0.072228,0.07581,0.10219,0.077352,0.09907,-0.079599,0.038111,0.059378,0.26142,-0.26221,-0.013169,0.05044,0.21746,-0.18077,0.035977,0.074943,-0.013087,-0.068625,-0.05624,0.0374,0.2226,0.11554,-0.19608,-0.31226,0.16052,-0.058424,0.22817,-0.13786,-0.12038,0.10983,-0.22419,-0.16824,-0.069139,-0.04859,0.33023,0.35589,-0.068692,-0.03441,0.18093,0.48616,0.24119,0.5999,0.4969,0.22727,0.33615,0.052185,0.038782,0.0037058,0.031986,0.16516,0.038969,0.22835,0.19928,0.21113,0.27655,0.1884,0.36198,0.33432,-0.0055452,0.10779,0.060652,-0.11624,-0.18057,-0.0022783,-0.15324,0.17437,-0.30743,-0.31139,-0.2091,-0.21656,0.039327,-0.1347,-0.29907,-0.07694,-0.18254,0.52268,-0.12494,0.071343,-0.17833,0.30896,0.26503,1,0.22529,0.57453,-0.22136,-0.12913,0.034261,-0.1176,0.36431,0.073303,0.0094967,-0.1559,0.20259,0.47876,0.082072,0.044327,0.23372,0.12289,0.098471,0.097594,0.034714,0.01378,0.22262,0.12731,0.022197,0.46125,0.37876,0.050595,0.24406,0.062178,0.17894,0.23612,0.12655,0.4041,0.45818,-0.12944,0.079132,-0.042456,0.08925,-0.029806,-0.11741,0.0090774,-0.16646,-0.021771,-0.011229,-0.10103,-0.15171,-0.12816,-0.20436,-0.3456,0.0093895,-0.030876,-0.022148,0.10457,0.4499,0.069988,-0.1959,0.22157,0.50573,0.13374,0.15571,0.32546,0.084232,0.15104,0.49866,0.68173,0.079035,-0.25478,-0.17026,-0.036214,0.0034257,0.040686,0.046978,-0.071089,-0.073477,-0.063638,-0.076201,-0.13638,-0.13412,0.11895,0.17045,0.0437,0.047709,-0.026501,0.15377,-0.045906,0.19249,0.23988,-0.090818,-0.12371,0.01089,0.013999,0.0012047,-0.14607,-0.014022,0.008342,0.24155,0.22668
0.035534,0.024289,0.041658,0.059296,-0.013541,0.088845,0.15584,0.15268,0.024557,-0.043708,0.080737,0.02927,0.24408,0.10953,0.1802,0.12533,0.092978,0.40223,0.38531,0.2619,0.12922,0.12697,0.19093,0.19633,0.20405,0.14233,-0.0091892,0.15214,0.1359,0.084893,0.089188,0.13116,0.20515,0.24458,0.085387,0.069471,0.14993,0.073611,0.078623,0.10396,0.19796,0.12882,0.11881,0.14105,0.1033,0.14649,0.087501,0.29772,0.14616,0.20818,0.1262,0.086859,0.19752,0.21573,0.10641,0.075787,0.088825,0.12169,0.019274,0.036937,0.13281,0.10654,0.1544,0.1442,0.2989,0.10721,0.033942,0.15538,0.15579,0.078931,0.11854,0.10021,0.093935,0.057174,0.10764,0.078378,0.10157,0.059406,0.10315,-0.046027,0.12791,0.24497,0.079603,0.059103,0.051831,0.44344,0.1901,-0.1266,0.21665,0.1972,0.24764,0.36676,-0.021481,-0.074093,0.18712,0.43741,0.15616,0.1189,0.1737,0.25337,0.16581,0.46724,0.2213,0.32735,0.062206,0.11491,0.16802,0.32705,0.16341,0.12677,0.035358,0.12018,0.025393,0.1545,0.21167,0.43989,0.32592,0.0092784,0.10511,0.034516,0.045561,0.13447,0.029827,0.00096461,0.061397,0.087378,0.0084859,0.056105,-0.0012759,0.11334,0.045513,0.0040893,0.07774,0.081702,0.12722,0.19081,-0.022509,0.14351,0.09258,0.12186,0.054429,-0.088404,0.086979,0.03439,0.04023,0.11147,0.075927,0.071262,0.19025,0.097016,0.15052,0.42098,0.2675,0.20447,0.23785,0.24028,0.10428,0.20623,0.1719,0.1804,0.19807,0.16417,0.42539,0.46381,0.13988,0.038887,0.09759,0.40506,0.24802,0.36707,0.15191,0.11231,0.035439,0.0045095,0.085495,0.12064,0.10035,0.11154,0.087563,0.25581,0.17206,0.12815,-0.016502,0.02591,-0.091477,0.038315,0.058614,0.034781,0.34379,0.31468,0.050297,0.11864,0.063602,0.073889,0.085859,0.25781,0.061265,0.13667,-0.01361,0.16864,0.099258,0.17204,0.17268,0.17418,0.19992,0.19887,0.080818,0.16519,0.18326,0.29901,0.089713,0.077022,0.1619,0.2676,0.061421,0.10115,0.23349,0.13891,0.16367,0.12692,0.17545,0.14629,0.20903,0.12484,0.054286,0.045991,0.15445,0.26812,0.176,0.13753,0.12481,-0.019049,0.080233,0.16207,0.040284,0.13162,0.16934,0.042994,0.10704,0.052939,0.13016,0.1964,0.1619,0.034475,0.049378,0.18334,0.14169,0.018269,0.35493,0.097636,0.14751,0.15526,0.18558,0.13065,0.13145,0.19825,0.1299,0.087894,0.15177,0.069266,0.23572,0.51706,0.00068395,0.094963,0.12194,0.21873,0.25648,-0.10251,0.18917,0.20389,0.20186,0.70881,0.035791,-0.02311,-0.02496,0.45668,0.35511,0.26818,0.22211,0.23917,0.22154,0.78571,0.22529,1,0.32876,0.18674,0.073461,0.50471,0.24835,0.20714,0.12874,0.16068,0.013852,0.37481,0.20434,0.38342,0.49154,0.062752,0.089568,0.057825,0.1643,0.12177,0.088904,0.0057749,0.0041785,0.060907,0.27823,0.089193,0.0048419,0.22154,0.071611,0.02245,0.06673,0.0739,0.20894,0.33277,-0.0022189,0.13987,0.039692,0.13225,0.079594,0.020494,0.011971,0.0014844,0.030524,0.015061,0.033151,0.048064,0.23225,0.089353,0.073413,0.47119,0.25201,0.056693,0.077702,0.19944,0.27201,0.080084,0.089362,0.03593,0.13261,0.085661,0.64089,0.63282,0.19095,0.15887,0.21932,0.67861,0.18161,0.26125,0.10427,0.13037,0.083636,0.066665,0.16962,0.092372,0.18184,0.068549,0.0055942,0.15333,0.14393,0.17522,0.081017,0.12766,0.084076,0.11498,0.077019,0.3436,0.4056,0.54506,0.056053,0.04498,0.073956,0.083885,0.11381,0.1657,0.0036707,0.24264,0.17185
0.077585,-0.045124,-0.0001357,0.038421,0.14218,0.17568,0.19035,0.2293,0.023457,-0.042225,0.16949,0.1468,0.30801,0.10903,0.1604,0.12926,0.11904,0.40536,0.23238,0.31018,0.11802,0.174,0.28519,0.25262,0.25492,0.19461,0.041646,0.25965,0.17259,-0.098536,0.17458,0.19771,0.15877,0.30019,0.082992,0.0018504,0.098675,0.10156,0.087343,0.20515,0.29841,0.10179,0.23381,0.33435,0.43827,0.20829,0.24208,0.34752,-0.082143,0.098645,0.23073,-0.038701,0.040897,0.12007,0.21531,0.3747,0.4094,0.18851,0.11961,0.17358,0.35294,0.26753,0.43365,0.4122,0.43424,0.16228,-0.027239,0.21248,0.089424,0.12461,0.17187,0.18798,0.15705,0.25807,0.041299,0.20807,0.088129,0.096144,0.34523,0.10155,0.28154,0.11016,0.28529,0.085193,0.093555,0.032648,0.044021,0.12208,-0.164,0.10993,0.043802,0.078423,0.3365,0.16777,0.0038679,-0.025919,0.16744,0.067588,0.0042391,-0.094229,0.00095153,-0.027483,0.48937,0.096286,0.55943,0.012431,0.079522,0.12059,0.047064,0.32918,0.14175,0.045466,0.10615,0.039501,0.31361,-0.01547,0.17058,0.11973,0.047278,0.12258,0.083069,0.098361,0.13389,0.16375,0.17798,0.27268,0.24814,0.13835,-0.086656,0.17004,-0.051484,0.084017,0.065874,0.13213,0.13115,0.1176,-0.12133,0.096225,0.047464,0.096055,-0.054556,-0.15178,0.1568,0.10509,0.15151,0.16392,-0.027211,0.21909,0.18741,0.06338,0.008055,-0.019507,0.11638,0.21456,0.22188,0.22475,0.072447,0.16909,-0.009818,0.063471,0.35454,0.2394,0.23154,0.071135,0.051664,0.13911,0.2397,0.26199,0.025942,0.014299,0.24189,0.1153,0.096378,0.025394,0.052896,-0.022528,0.11111,0.13239,0.10952,0.18606,0.11088,0.090658,-0.00087646,0.099503,-0.03633,0.042632,0.07835,0.31613,0.28461,-0.079705,0.082526,0.18446,0.1884,0.11085,-0.12925,0.15628,0.12731,0.29458,0.14612,0.24775,0.16064,0.080118,0.23979,0.26333,0.27271,0.26164,0.096308,0.22874,0.066723,0.25528,0.1765,0.16451,0.11839,0.21118,0.0011753,0.089131,0.26485,0.16773,0.14484,0.13412,0.11757,0.14546,0.26438,0.087837,0.16841,0.14881,0.2066,0.1555,-0.023534,-0.0033477,0.19245,-0.14593,-0.049971,0.18044,0.067225,0.30045,0.38108,0.11287,0.055514,0.24371,0.34015,0.24825,0.44041,0.33481,0.12535,0.25823,0.067767,0.11881,0.0439,0.086175,0.19969,0.25951,0.27497,0.18564,0.20038,0.27763,0.18559,0.43127,0.48044,0.20624,0.44178,0.15298,0.15769,0.029459,0.096475,0.086394,0.34102,0.035592,-0.019893,0.073554,-0.099074,0.18851,0.075896,0.083337,0.086807,-0.034949,0.3928,-0.035401,-0.035237,-0.075598,0.1533,0.30551,0.57453,0.32876,1,0.039907,0.080304,0.10712,0.11913,0.42885,0.13502,-0.051779,0.033938,0.21418,0.22235,0.21584,0.10922,0.17244,0.19806,0.11949,0.15725,0.10587,0.04719,0.078374,0.035783,0.20386,0.56614,0.3789,0.007079,0.39137,0.13162,0.15081,0.21734,0.12307,0.21852,0.31088,-0.036207,0.21508,0.093315,0.18254,-0.003258,-0.026493,0.089603,-0.044943,0.11771,0.01381,0.092494,0.17977,0.092227,0.021593,-0.12648,0.0023566,0.10856,0.078992,0.021045,0.14743,0.10995,0.10025,0.15118,0.20978,0.22014,0.23008,0.25307,0.048003,0.10753,0.35331,0.34162,0.2214,-0.0034063,-0.018803,0.11472,0.086994,0.18106,0.1199,0.14832,0.0064414,0.13032,0.047378,-0.074458,0.10437,0.19291,0.2485,0.11343,0.15486,0.067057,0.17051,0.037326,0.28847,0.33499,-0.0054971,0.084538,0.15368,0.17644,0.13679,0.10433,-0.0023614,0.13913,0.5267,0.41551
-0.018521,0.12481,0.10643,0.075909,-0.0174,-0.059647,0.17919,-0.032872,0.055403,-0.013997,-0.074821,-0.086926,0.10303,0.094241,0.13142,0.057451,0.042337,-0.038651,0.47828,0.050806,0.061215,0.018673,0.027333,0.079501,0.070533,-0.049421,0.18562,0.12592,-0.1513,-0.060525,0.054404,-0.052283,-0.0089745,-0.1656,-0.0015117,0.071449,0.071511,-0.010253,0.054361,0.10489,0.073851,0.04603,-0.0061793,-0.1126,0.12003,0.094695,0.022426,-0.076041,0.16305,0.16174,0.097142,0.17286,0.12369,0.1052,0.10141,-0.14266,-0.21262,0.092208,0.072125,-0.040841,-0.099127,-0.22653,-0.26804,-0.1228,-0.18156,0.024291,0.12692,0.0093534,-0.016732,0.1453,0.097012,0.14192,0.067038,-0.041297,0.041562,-0.041063,-0.055814,-0.018767,-0.18988,0.038799,-0.088974,-0.079567,-0.049184,0.083607,0.069094,0.20402,0.17187,0.44008,0.40657,0.46939,0.16749,0.14636,-0.24737,0.24244,0.34726,0.072168,-0.2323,-0.094684,-0.047308,0.14367,-0.089358,-0.066212,-0.33594,-0.25898,-0.17792,0.43841,0.18983,0.035942,0.26788,-0.17933,0.062177,0.127,0.15802,-0.085357,-0.18554,0.041125,0.18732,-0.054389,0.065419,0.037907,0.047162,0.066367,0.042891,-0.089977,-0.03473,-0.032607,-0.27246,-0.22384,0.10485,-0.20402,0.042498,-0.18983,-0.084467,-0.039919,0.062941,-0.055722,0.10541,0.017582,0.017844,0.054335,0.074716,0.087208,0.014993,0.031957,-0.099779,-0.049448,0.17487,0.13586,0.23124,0.24436,0.28951,0.059239,0.16928,0.030369,0.024477,-0.089058,0.21937,0.026321,0.13888,0.13002,-0.067232,0.0067452,-0.2428,-0.014242,0.030737,-0.11007,-0.2579,-0.12751,0.32529,0.10512,-0.054675,-0.0081317,0.029989,0.075346,0.14383,0.17765,0.085059,-0.0039173,-0.036356,0.1688,0.080037,-0.051075,0.076526,0.061041,-0.076263,0.029066,0.047328,-0.2365,-0.14924,0.047247,0.014522,0.097848,-0.0016542,0.01886,0.23693,0.08072,-0.080526,-0.10037,-0.0041431,0.018349,0.0032744,0.049546,0.035871,0.00083885,0.036275,0.046696,0.15233,0.077544,0.0030206,-0.070392,0.44991,-0.071608,0.11238,0.075108,0.043439,-0.048453,0.063584,-0.028392,0.03378,0.096025,0.14807,-0.053515,0.018467,0.39965,0.56641,0.021958,0.33446,0.14073,0.30832,0.20578,0.21937,0.24214,0.26537,0.25354,0.082316,-0.093797,0.0077553,0.067925,0.14636,-0.045502,-0.17741,0.015524,-0.091977,-0.13374,-0.086713,-0.022198,0.017644,-0.10432,-0.015206,0.12329,0.056582,0.10016,0.031717,0.006175,-0.0036874,0.11921,0.050556,-0.10855,-0.049317,0.19155,0.35442,0.44794,0.47661,0.21401,0.16133,0.74542,0.28704,0.63961,0.72725,0.68827,0.44627,0.42437,0.4779,0.60606,0.4676,0.56569,-0.098509,0.44208,0.069861,0.37597,0.1317,0.15176,-0.22136,0.18674,0.039907,1,0.28705,0.43593,0.50412,0.015623,0.12334,0.207,0.33534,0.0054306,-0.12409,0.16746,0.264,-0.016069,0.038216,0.012068,0.049934,-0.028366,0.082648,-0.052301,-0.046056,0.010059,-0.090061,-0.14699,-0.043002,-0.03491,0.036504,-0.093651,-0.10785,-0.10163,-0.04813,-0.10607,0.10147,0.0059321,0.075039,-0.013029,0.1322,0.10931,-0.085092,0.15563,0.032375,0.063564,0.22687,0.32217,0.61105,0.36354,0.525,0.34938,0.28764,0.23504,0.087448,0.016275,0.15936,0.33374,0.0078122,-0.094567,0.0026813,0.026296,-0.013382,0.15753,0.020149,-0.13599,-0.047705,0.51089,0.67681,0.45178,0.0047296,0.05025,-0.0264,-0.015362,0.14012,0.052256,0.067562,0.069996,0.15886,0.34202,0.13322,0.078033,-0.020645,0.020182,0.090109,-0.039125,0.14207,0.22276,0.1284,0.49464,0.2481,0.011892,0.04781,0.023329,0.30961,0.12887,0.060998,0.17992,0.015586
0.13304,0.033544,0.10567,0.10419,0.075787,0.11049,0.070086,0.01863,-0.010058,-0.052933,0.00064831,-0.019766,0.16794,0.036673,0.041805,0.12523,0.055207,0.04126,0.21937,0.15592,0.0998,0.020493,0.090866,0.077319,0.093798,0.021417,0.079163,0.17587,-0.067741,-0.051899,-0.12285,0.0064688,0.2059,0.034158,-0.0083747,-0.0017645,0.073427,-0.033957,0.024039,0.076094,0.10373,0.072459,0.095234,-0.17468,0.13143,0.15884,0.018145,0.002599,0.26985,0.32626,0.094439,0.29602,0.16215,0.27328,0.15203,0.055879,-0.062249,0.17315,0.01439,0.026612,0.085584,-0.034863,-0.20271,-0.06867,0.01712,0.00057323,0.0031994,0.0065516,-0.035356,0.11298,0.12706,0.11144,0.131,0.054165,0.0077711,-0.001048,-0.017486,-0.0075539,0.0096908,0.080025,0.030256,-0.032302,0.10088,0.11184,0.10682,0.15755,0.27773,0.38495,0.084543,0.21332,0.28774,-0.083034,-0.080136,0.13222,0.18837,0.086025,-0.21258,-0.084239,-0.13599,-0.0050471,-0.19001,-0.13046,-0.21317,-0.1913,-0.11883,0.16616,0.30658,0.092123,0.19907,-0.096826,0.10951,0.20253,0.19777,-0.1802,-0.10707,0.069652,0.055067,0.041481,0.078566,0.071338,0.11846,0.1148,0.063722,0.030645,0.058797,0.064528,-0.15947,-0.10602,-0.017325,-0.17122,0.010853,-0.020139,0.030657,0.12527,0.051182,-0.062136,0.014876,0.087149,0.1291,0.10882,0.036568,-0.026531,0.11851,0.098255,-0.013468,0.13458,0.13206,0.09581,0.22548,0.36027,0.43179,0.1011,0.22394,0.19594,0.17649,-0.038632,0.069059,0.13117,0.096016,0.16383,0.12053,0.01954,-0.092808,0.03237,-0.012705,-0.09949,-0.26533,-0.067504,0.43814,0.21954,0.076092,0.046363,0.051538,0.058801,0.11458,0.13024,0.039427,0.010091,0.097242,0.21619,0.034521,0.0076816,0.06052,0.096509,-0.075457,0.005454,0.057376,-0.069134,-0.046449,-0.12256,-0.039919,0.1029,0.0092566,0.055986,0.26299,0.037435,0.022156,0.083969,-0.04036,0.022579,0.029765,-0.025232,0.061377,0.0077691,0.10948,0.15603,0.080151,0.15723,0.038068,-0.026355,0.2064,-0.085042,0.1306,0.17416,-0.046193,-0.12384,0.12793,0.016232,0.083334,0.059575,0.039204,-0.0093201,0.1686,0.14294,0.15632,0.17383,0.28484,0.10136,0.3983,0.32759,0.097744,0.31112,0.19215,0.42759,0.019009,0.014905,-0.0030651,0.066052,0.12404,0.07256,-0.0024639,-0.018558,-0.14652,-0.091192,-0.17886,0.058396,-0.013176,-0.14882,0.026452,0.085541,0.15495,0.15415,0.12988,0.04996,0.00076748,0.072602,0.0492,-0.0055309,0.062014,0.24146,0.27642,0.083602,0.22549,0.45198,0.31543,0.39879,0.33979,0.49024,0.2378,0.28862,0.33515,0.1979,0.16094,0.30694,0.29427,0.22475,-0.044312,0.14004,0.028503,0.23554,0.064332,0.076508,-0.12913,0.073461,0.080304,0.28705,1,0.23057,0.3171,0.022745,0.13383,0.1403,0.23709,0.033907,-0.08009,0.19477,-0.013792,-0.016428,0.073112,0.027233,0.1785,0.073977,0.067158,0.078783,-0.08259,0.11711,0.013316,-0.052965,0.025726,0.069906,0.14985,0.02864,0.080646,0.060719,-0.009824,-0.062444,0.047217,0.16611,0.069055,0.11554,0.024093,0.097362,0.014639,0.10523,0.098597,0.044478,0.18975,0.17518,0.37534,0.34983,0.42138,0.16719,0.20295,0.08006,0.051392,-0.098909,0.070487,0.14471,-0.000432,-0.16671,0.1023,0.033179,0.0097135,0.11024,-0.049335,-0.019008,-0.096914,0.20101,0.45095,0.42618,-0.058581,0.098061,0.08777,0.13171,0.12164,-0.0068128,0.077404,-0.040336,-0.0093809,0.34846,0.26424,0.10643,0.15654,0.16454,0.10936,0.074629,0.056149,0.16099,0.12581,0.11677,0.19298,0.03567,-0.011397,0.033362,0.40192,0.13705,0.041528,0.13435,0.1995
0.048194,0.068162,-0.038996,0.054316,-0.028295,0.071854,0.12556,0.07716,0.028556,-0.050506,0.030387,0.0055732,0.14068,0.074713,0.098029,0.13185,0.053509,0.26444,0.39808,0.2402,0.08679,0.10195,0.15576,0.14848,0.12194,0.055664,-0.016309,0.11992,0.030331,0.047823,-0.035749,0.082613,0.20557,0.14485,0.04292,0.0012539,0.10779,0.030161,0.042768,0.0065672,0.11237,0.11118,0.10054,0.014858,0.062665,0.17623,0.075658,0.1479,0.23654,0.25232,0.10052,0.19147,0.17206,0.26174,0.063955,0.030561,-0.019901,0.10434,-0.042845,-0.026136,0.080944,0.010154,-0.02366,0.025992,0.094672,0.063841,0.036941,0.040209,0.040624,0.054695,0.12259,0.054278,0.1096,-0.0268,0.084726,0.0097947,0.004394,0.067442,0.062976,-0.072397,0.054349,0.24572,-0.021504,-0.032166,0.012355,0.39085,0.2692,0.11935,0.24919,0.26811,0.21003,0.2455,-0.04928,0.040997,0.33635,0.39533,-0.033612,0.070485,0.029817,0.23821,0.065373,0.21312,-0.036102,0.054573,0.0019951,0.28623,0.1563,0.20375,0.32286,0.0052554,0.089283,0.19379,0.088322,-0.00062929,0.014581,0.31857,0.18146,-0.0088674,0.03859,-0.01028,0.052625,0.1391,-0.0070593,-0.069099,0.0064719,-0.0031967,-0.11657,0.019809,0.0028742,0.013965,0.041903,-0.022098,0.10027,0.030163,0.0689,0.060344,-0.0056149,0.18072,0.088338,0.14386,0.091634,-0.043712,0.0077564,0.055056,-0.081307,0.11525,0.14638,0.082511,0.32273,0.18205,0.28902,0.36033,0.26335,0.17717,0.18257,0.12055,0.070601,0.22805,0.24854,0.2,0.13919,0.099653,0.14169,0.2591,0.082742,-0.044375,-0.068706,0.23688,0.39074,0.3251,0.15396,0.067827,-0.012207,0.0054001,0.094105,0.1572,0.089321,0.055873,0.038858,0.26343,0.17202,0.045065,-0.015545,-0.050518,-0.065542,0.046071,0.0023909,-0.019305,0.18831,0.19122,0.012179,0.083702,-0.032625,0.038734,0.25982,0.19601,0.032633,0.12505,-0.08579,0.11137,0.027114,0.12515,0.12787,0.10549,0.14288,0.15573,0.0060531,0.07394,0.12679,0.075713,0.083725,-0.010273,0.12194,0.2536,0.048751,4.9042e-05,0.14063,0.07178,0.088313,0.079308,0.13611,0.09604,0.19373,0.17105,0.063087,0.17753,0.24274,0.26504,0.32744,0.2475,0.13687,0.12009,0.16097,0.2629,-0.0072983,0.078682,0.075033,-0.02209,0.080357,0.034117,0.041512,0.074804,-0.018691,-0.012966,0.019587,0.058914,0.09196,-0.07156,0.22021,0.022096,0.09564,0.085957,0.08739,0.041692,-0.022401,0.16081,0.067957,-0.044801,0.034025,0.073672,0.23231,0.47737,0.14705,0.21984,0.26894,0.49021,0.33829,0.20364,0.28349,0.32352,0.35529,0.65292,0.20534,0.19121,0.23155,0.55952,0.082732,0.39432,0.18905,0.41191,0.21848,0.49165,0.034261,0.50471,0.10712,0.43593,0.23057,1,0.38731,0.11245,0.17632,0.24066,0.19098,0.2617,0.072867,0.33391,0.26539,0.029697,-0.012497,-0.058678,0.15169,0.078545,0.11364,0.035079,-0.079757,0.0027645,0.069174,-0.068765,0.033528,0.14181,0.089893,0.0098158,-0.0052585,-0.010932,0.018105,0.075684,-0.081392,0.1491,-0.040933,0.078506,0.0491,0.13149,-0.067704,0.049359,-0.0040154,0.015639,0.067393,0.06674,0.51035,0.2592,0.28895,0.46124,0.20804,0.039681,0.10576,0.069254,0.20536,0.081356,-0.0222,-0.081215,0.11038,0.070885,0.39539,0.50753,0.11383,-0.0073349,0.028598,0.63067,0.4802,0.45618,0.057484,0.10436,0.013812,0.049425,0.14664,0.015645,0.12833,0.006167,-0.0014289,0.26225,0.25286,0.14297,0.069266,0.10183,0.076659,0.083611,-0.018446,0.39688,0.35885,0.4941,0.066421,-0.0074543,-0.047538,-0.0028133,0.21153,0.19257,0.00059469,0.10792,0.093403
0.055924,0.088638,0.15251,0.14375,0.074595,0.037668,0.1377,0.074211,0.049878,-0.068953,-3.3736e-05,0.0048058,0.17032,0.10299,0.18922,0.12021,0.077514,0.13487,0.33397,0.18785,0.19057,0.10109,0.15329,0.091801,0.13617,0.099545,0.12437,0.19037,-0.073193,-0.012884,-0.093349,0.070912,0.14303,0.030646,0.095659,0.10444,0.14543,0.06134,0.096482,0.13413,0.084122,0.15157,0.03809,-0.026264,0.084592,0.14875,0.068242,0.051121,0.25953,0.28566,0.16879,0.24919,0.18427,0.26198,0.1648,0.019687,-0.10911,0.11462,0.072213,0.013469,0.023276,-0.034236,-0.17089,-0.050782,-0.033991,0.060316,0.095409,0.10803,0.02506,0.12071,0.13835,0.15124,0.099018,0.045682,0.068639,0.0058182,0.016356,-0.037153,-0.057313,0.051248,0.092571,0.026462,0.097663,0.10972,0.088146,0.25406,0.23129,0.34116,0.30973,0.41422,0.23698,0.14047,-0.15497,0.022373,0.24334,0.22434,-0.11545,-0.087963,-0.043445,0.00024343,-0.1008,0.042201,-0.16071,-0.094544,-0.11184,0.27764,0.20499,0.22015,0.25826,0.00054239,0.082073,0.10956,0.1551,-0.048695,-0.056429,0.12026,0.23285,0.010816,0.05535,0.087298,0.048831,0.061286,0.11217,0.043588,0.047483,0.065238,-0.15071,-0.093942,-0.00028827,-0.1384,0.017352,-0.074644,-0.027764,0.082773,0.11206,-0.020975,0.035274,0.10207,0.098837,0.12101,0.022342,-0.041292,0.10232,0.13054,-0.0042512,0.080203,0.09779,0.12568,0.23347,0.2287,0.32188,0.18299,0.2727,0.18245,0.17308,-0.027564,0.17523,0.1201,0.14816,0.19963,0.10023,0.053849,-0.052376,0.096576,0.04801,-0.058356,-0.16997,0.057344,0.3976,0.26906,0.09762,0.057981,0.11476,0.062202,0.17811,0.193,0.1555,0.13429,0.055409,0.22842,0.051245,0.0093364,0.028423,0.066494,-0.089735,0.034641,0.068038,-0.14747,0.0077964,0.093126,-0.0075863,0.096933,0.070265,0.15058,0.16515,0.18325,-0.0015128,0.016409,0.037871,0.10805,0.021257,0.11841,0.14704,0.1123,0.14361,0.17774,0.14514,0.14722,0.043572,-0.011384,0.18934,0.03865,0.16182,0.21628,0.073643,0.01195,0.17139,0.12276,0.14907,0.11676,0.10677,0.020263,0.1766,0.24442,0.29328,0.050188,0.26252,0.1372,0.38563,0.27697,0.22122,0.26337,0.25442,0.39793,0.1041,0.026189,0.074201,0.089508,0.13446,0.061262,-0.080069,0.014459,-0.07089,-0.10408,-0.058947,0.028423,0.044915,-0.0017557,0.10334,0.10339,0.11063,0.13556,0.10542,0.048874,0.073727,0.083259,0.0089822,0.0019132,0.024486,0.25621,0.35146,0.2375,0.35314,0.27842,0.17474,0.54288,0.38411,0.44076,0.46841,0.51515,0.43155,0.40264,0.16919,0.30584,0.23398,0.37688,-0.058138,0.18598,-0.023676,0.19156,-0.011611,0.23599,-0.1176,0.24835,0.11913,0.50412,0.3171,0.38731,1,0.19031,0.17559,0.21143,0.26351,0.042331,-0.071052,0.22655,0.21883,0.044671,0.092487,0.047685,0.099956,0.032079,0.085112,0.0040799,-0.063489,0.13808,-2.5991e-05,-0.04949,0.00052533,0.097054,0.11775,-0.0098012,0.027308,0.03134,-0.02367,-0.038482,0.058197,0.14719,0.10902,0.11577,0.083703,0.089604,0.032685,0.10405,0.12902,0.058256,0.17051,0.1671,0.42952,0.34534,0.47465,0.31821,0.27786,0.11585,-0.010106,-0.11893,0.12632,0.18351,0.045363,-0.16066,0.15728,0.079153,0.061265,0.21202,0.022053,-0.052297,-0.16406,0.45694,0.53378,0.49128,0.058041,0.14597,0.10076,0.059938,0.20319,0.07162,0.16524,0.085387,0.094275,0.38793,0.25538,0.12008,0.12853,0.098171,0.13531,0.010713,0.081389,0.12283,0.30337,0.32876,0.19819,0.069919,0.09346,0.082535,0.32464,0.16755,0.067447,0.20707,0.12174
0.051196,0.027204,0.045382,0.070274,0.15412,0.084657,0.21266,0.21856,0.034246,-0.0071205,0.13543,0.16456,0.2001,0.13016,0.1748,0.09266,0.11235,0.3656,0.16443,0.21858,0.088973,0.1146,0.21783,0.16746,0.16052,0.15954,0.00059486,0.1466,0.085984,0.0077884,0.015435,0.14172,0.17246,0.254,0.084815,0.03533,0.062477,0.08016,0.05196,0.11957,0.18721,0.092404,0.14578,0.23744,0.19687,0.11521,0.17009,0.24753,0.0075683,0.1146,0.23569,0.036487,0.095086,0.14289,0.14165,0.25534,0.2808,0.087013,0.094841,0.089069,0.2022,0.17197,0.24509,0.25334,0.26402,0.10942,-0.02458,0.16223,0.072737,0.048356,0.12259,0.10947,0.085735,0.15679,0.021786,0.15903,0.064716,-0.0079533,0.15607,0.084572,0.24385,0.12977,0.27788,0.053558,0.21214,0.079659,0.049867,0.1083,0.037084,0.15831,0.10293,0.16895,0.17008,-0.03789,0.1043,0.12167,0.18643,0.095434,0.058835,0.029596,0.14113,0.097221,0.32557,0.17202,0.34154,0.11432,0.030782,0.13526,0.070688,0.35847,0.1613,0.053779,0.062112,0.081079,0.20425,0.0078822,0.15903,0.064018,-0.022058,0.094584,0.052938,0.059882,0.09866,0.13179,0.15591,0.13923,0.18345,0.11145,-0.045944,0.19489,-0.00061034,0.0091965,-0.0069409,0.095331,0.070507,0.055766,-0.091587,0.046771,0.027595,0.076223,-0.042761,-0.14779,0.064428,-0.0019431,0.052426,0.081482,-0.12315,0.03147,0.12508,0.01817,-0.01294,0.095116,0.1038,0.1508,0.14797,0.12915,0.031148,0.059603,-0.023042,0.037989,0.24533,0.16129,0.19468,0.064663,0.042522,0.063458,0.22564,0.27419,0.060976,0.072124,0.14997,0.1057,0.079368,0.05544,0.0095563,-0.026607,0.082269,0.13556,0.061587,0.11989,0.063425,0.068174,-0.0029636,0.10984,-0.01051,0.07839,0.063388,0.20689,0.23538,0.11569,0.10966,0.1381,0.16904,0.10249,-0.16123,0.1778,0.098403,0.18888,0.15588,0.17907,0.092495,0.068042,0.16762,0.18805,0.18984,0.17503,0.017721,0.11185,0.03979,0.10806,-0.060914,0.12044,0.12898,0.26596,-0.005718,0.10136,0.14086,0.12569,0.1182,0.074897,0.046674,0.043856,0.19054,-0.031275,-0.019243,0.011959,0.065534,0.10359,0.015567,0.049533,0.21612,-0.080099,0.08209,0.14781,0.024144,0.19417,0.24606,0.05006,0.030183,0.16215,0.1732,0.082705,0.20339,0.19793,0.11069,0.14784,0.025763,0.11571,0.0907,0.026648,0.11702,0.13528,0.16257,0.089076,0.14597,0.15034,0.11175,0.30178,0.2441,0.18326,0.32958,0.12191,0.20344,0.066156,0.18243,0.071805,0.24497,0.019417,0.034488,0.12903,0.11969,0.17173,-0.086622,-0.017347,0.077055,0.090453,0.18865,0.0060833,-0.019348,-0.030666,0.11729,0.25256,0.36431,0.20714,0.42885,0.015623,0.022745,0.11245,0.19031,1,0.23785,0.046214,0.014896,0.13985,0.12301,0.15668,0.10208,0.096298,0.1353,0.1066,0.054192,0.076216,0.037141,0.042451,-0.0035431,0.13746,0.31573,0.28081,-0.033877,0.31176,0.12285,0.086687,0.13588,0.08931,0.10228,0.18325,-0.012839,0.16066,0.11472,0.14481,0.035094,-0.034207,0.077073,-0.086094,0.12655,0.010516,-0.00044487,-0.013031,0.053493,0.016811,-0.020633,0.099234,0.12122,0.089673,0.0010537,0.07109,0.075364,-0.027794,0.11154,0.14579,0.16769,0.16746,0.19184,0.091632,0.081958,0.20972,0.17718,0.24101,0.03808,0.1125,0.084567,0.062809,0.1441,0.043825,0.079296,0.025218,0.071638,0.064655,-0.04336,0.064641,0.1832,0.13466,0.078868,0.13673,0.10544,0.086887,0.034124,0.20911,0.31999,0.079222,0.060139,0.12218,0.16373,0.035333,0.019379,0.015135,0.12325,0.34601,0.26649
0.06927,0.03313,0.081002,0.11803,0.08626,0.13745,0.10599,0.12681,0.013106,-0.023307,0.026423,0.083594,0.19397,0.10742,0.10189,0.11426,0.14498,0.16825,0.15583,0.27221,0.18908,0.18917,0.24263,0.17868,0.21898,0.14077,0.15129,0.24639,0.092135,0.065409,-0.019586,0.17889,0.13954,0.12464,0.12354,0.053955,0.12494,0.1347,0.13752,0.14561,0.17307,0.16522,0.17612,0.14018,0.094476,0.15051,0.12789,0.15939,0.072561,0.21178,0.1536,0.1207,0.14651,0.13655,0.21773,0.2062,0.16415,0.15284,0.12541,0.081146,0.13239,0.11128,0.023943,0.1287,0.16275,0.041864,0.01747,0.15029,0.095584,0.17519,0.15393,0.22279,0.13856,0.11621,0.038097,0.087873,0.036213,-0.031396,0.050377,0.029708,0.11937,0.12981,0.19148,0.064681,0.2267,0.10039,0.11038,0.11743,0.11544,0.10729,0.16202,0.12273,0.043119,-0.025066,0.20363,0.17418,0.088665,0.095034,0.11889,0.13256,0.12456,0.059084,0.051444,0.095705,0.058492,0.1493,0.12783,0.053774,0.054682,0.17262,0.14834,0.08858,0.15089,0.032573,0.1113,0.075214,0.045726,0.064975,0.065846,0.10692,0.10974,0.15917,0.10243,0.065769,0.12263,0.16331,0.017754,0.062587,0.015806,0.042068,0.015668,-0.029263,0.044659,0.10243,0.055874,0.043635,-0.032093,0.092435,0.067249,0.16861,-0.015248,-0.077349,0.12246,0.090397,0.077066,0.12672,-0.029628,0.056359,0.11717,0.075651,0.1114,0.16196,0.13104,0.1565,0.18367,0.12803,0.092372,0.14583,0.086406,0.18187,0.25796,0.21483,0.090129,0.072223,0.14238,-0.0099006,0.06939,0.12428,0.17244,0.10706,0.18761,0.10236,0.079846,0.043325,0.12712,0.11552,0.18293,0.1941,0.078243,0.13458,0.041444,0.017607,0.016556,0.11217,-0.020266,0.086912,0.092701,0.091475,0.11264,0.11211,0.031273,0.16076,0.13221,0.15497,0.022823,0.12746,0.062904,0.1029,0.034088,0.19939,0.023397,0.13494,0.20568,0.18523,0.20925,0.19875,0.12689,0.16068,0.11257,0.060382,0.026324,0.11577,0.11822,0.19422,0.073129,0.076296,0.18027,0.13693,0.1527,0.14308,0.063982,0.063631,0.24427,0.089918,0.032034,0.06155,0.13801,0.072872,0.13255,0.17845,0.14242,0.036011,0.091561,0.20021,0.041443,0.098323,0.13923,0.043749,0.069785,0.15298,0.059778,0.027417,0.043228,0.078692,0.080887,0.03232,0.069461,0.043777,0.086138,0.061228,0.079068,0.184,0.093506,0.061528,0.034349,0.14726,0.10593,0.14943,0.084756,0.19376,0.2413,0.1457,0.19938,0.19025,0.28092,0.18744,0.22852,0.10754,0.10817,0.20928,0.2287,0.20133,0.050503,0.11543,0.18137,0.20834,0.069523,0.11625,0.14406,0.13283,0.19243,0.18511,0.073303,0.12874,0.13502,0.12334,0.13383,0.17632,0.17559,0.23785,1,0.10802,0.14732,0.1472,0.04606,0.22219,0.0813,0.093595,0.11539,0.05518,0.10962,0.064984,0.074031,0.070938,0.020488,0.12025,0.094262,0.13938,0.053834,0.18775,0.11514,0.037103,0.11198,0.032092,0.035561,0.091089,0.029484,0.14656,0.085226,0.14789,0.085771,0.030252,0.052189,0.04972,0.094442,0.059362,0.081744,0.072972,0.19895,0.13618,0.10944,0.18725,0.15342,0.048179,0.022852,0.07049,0.14981,0.089591,0.082815,0.042479,0.22806,0.22403,0.12698,0.14682,0.1416,0.053819,0.074188,0.24381,0.19802,0.23525,0.11442,0.12811,0.11827,0.087696,0.18034,0.070695,0.18279,0.11688,0.062609,0.12948,0.18887,0.17332,0.085288,0.15569,0.14313,0.078191,0.055272,0.1962,0.21805,0.19393,0.045488,0.10976,0.12523,0.082701,0.12676,0.08755,0.097328,0.15517,0.20159
0.015282,0.0441,0.033465,0.052239,-0.035377,-0.012036,-0.0031608,0.010289,0.015845,-0.0046357,-0.01639,-0.02491,-0.027865,0.03195,-3.1833e-05,0.06589,0.020467,0.13338,0.19507,0.052441,-0.012562,-0.026723,0.02152,0.042873,-0.014494,-0.021843,0.011774,-0.005397,-0.012926,0.027344,-0.09083,-0.030827,0.099519,0.071806,-0.052658,0.024809,0.027733,-0.043565,-0.058324,-0.055981,-0.015742,0.0018291,-0.021294,-0.018426,-0.074168,0.094179,-0.056068,0.023857,0.19155,0.094396,0.025692,0.14175,0.10788,0.17251,-0.055439,-0.10945,-0.09327,0.040086,-0.06112,-0.086861,0.0097552,-0.035661,-0.02698,-0.015888,-0.046323,0.045323,0.034115,-0.020231,0.00045894,0.011652,0.039139,-0.01519,0.030533,-0.077236,0.043397,-0.012889,-0.010442,0.03406,-0.019627,-0.024214,0.02451,0.048253,0.0090366,0.031612,-0.054413,0.2165,0.19863,0.076901,0.25671,0.24988,0.1883,0.11021,-0.12858,-0.047643,0.18199,0.21817,-0.0037634,0.0048532,0.029761,0.11374,0.068011,0.1503,-0.020545,0.038018,-0.026282,0.24022,0.14035,0.16792,0.22967,-0.021594,-0.013223,0.14139,0.04494,0.064898,-0.02798,0.168,0.11079,-0.045796,0.011054,-0.035416,-0.027246,0.057843,-0.067234,-0.077868,-0.057564,-0.072401,-0.084198,0.0050169,0.045693,-0.026416,0.068685,0.019966,0.03595,-0.015736,0.048631,0.049718,0.040073,0.040951,0.059117,0.020787,0.056426,0.0069744,-0.094828,-0.034232,-0.094735,-0.037809,0.085359,-3.7563e-05,0.18135,0.080995,0.18473,0.23327,0.20067,0.017804,0.0083838,0.020223,0.032967,0.070819,0.20269,0.071554,-0.042958,-0.017334,0.056645,0.2035,0.041574,-0.025352,-0.036502,0.12978,0.21998,0.23555,-0.0083668,-0.037546,-0.027363,-0.006066,-0.034305,0.10348,-0.0037724,-0.03963,-0.030711,0.13971,0.088812,-0.0053218,-0.023174,-0.04952,-0.043866,0.024868,0.0030524,-0.11345,0.10823,0.19291,0.00496,-0.0058196,-0.089654,-0.042719,0.21571,0.096899,-0.0071704,0.027925,-0.01993,-0.0063256,0.014461,0.0069279,-0.018488,-0.026235,-0.01625,0.0066943,-0.018396,-0.021702,0.043111,-0.0083739,-0.045383,-0.077412,0.11163,0.12083,0.010797,-0.027597,-0.034658,-0.020976,0.0068357,-0.003221,0.072493,0.025584,0.018598,0.06195,0.014802,0.061547,0.064635,0.11695,0.22421,0.11713,0.086896,0.13691,0.10244,0.11363,0.0081745,0.0080345,-0.024785,-0.076144,0.016551,-0.033164,-0.024491,0.031554,-0.034649,-0.051437,-0.010871,0.0075823,0.052863,-0.053761,0.051467,0.017901,0.05709,-0.030707,0.022744,0.0025008,0.0013955,0.089669,-0.021529,-0.083297,-0.073585,0.036328,0.007264,0.14533,0.096744,0.093059,0.03871,0.21484,0.09934,0.11726,0.16872,0.14972,0.21485,0.22397,0.053807,0.065209,0.088971,0.22826,-0.027444,0.096307,0.038327,0.12828,0.049447,0.15481,0.0094967,0.16068,-0.051779,0.207,0.1403,0.24066,0.21143,0.046214,0.10802,1,0.12115,0.011495,0.016182,0.050186,0.11825,0.0047509,-0.057402,-0.044451,0.024806,-0.038625,0.033187,0.056878,-0.048391,-0.12273,-0.059206,-0.077293,0.003714,-0.068448,0.0094728,-0.017355,-0.0037325,-0.0016486,0.027801,-0.015588,-0.047032,-0.015503,-0.024491,0.024723,0.062444,0.051894,-0.064958,0.037694,-0.057523,-0.034529,-0.010532,-0.014411,0.21457,0.11236,0.21026,0.23448,0.095598,0.0063929,0.041364,-0.0031718,0.081415,-0.0017763,-0.011235,-0.072167,-0.026392,-0.06818,0.11713,0.18721,-0.021579,-0.015819,0.0047718,0.22144,0.21879,0.22987,-0.0027299,-0.0078714,-0.068679,-0.076873,0.0025325,0.043564,0.024372,-0.012571,0.056102,0.10841,0.081115,0.032515,0.033025,-0.039907,0.063078,-0.0036285,9.5819e-05,0.078972,0.16103,0.19481,-1.9507e-05,-0.069669,-0.063226,-0.057612,0.092347,0.12852,-0.052686,0.026981,-0.018844
0.068724,0.080378,0.15424,0.068827,0.073929,0.022091,0.081159,0.066377,0.036396,-0.032204,0.00068128,0.0021633,0.10684,0.021039,0.026575,0.072119,0.049657,-0.037826,0.15418,0.086847,0.10293,0.065453,0.06814,0.044853,0.063477,0.0075929,0.084735,0.11731,-0.086431,-0.024043,-0.028808,0.06304,-0.0012561,-0.075087,0.067843,0.02807,0.051907,0.040441,0.03069,0.044359,0.046916,0.083258,0.079228,-0.091009,0.12471,0.060682,0.036962,-0.094079,0.068493,0.10381,0.010625,0.12458,0.021109,0.087786,0.096177,0.00071468,-0.058058,0.10694,0.0465,0.022142,0.00078668,-0.074128,-0.16162,-0.079947,-0.069346,-0.0073673,0.048478,0.030272,-0.015888,0.074487,0.063856,0.099809,0.070741,0.03935,-0.011052,-0.023034,-0.036951,-0.02543,-0.020533,0.09898,-0.0030642,-0.01598,0.067896,0.078666,0.071798,0.012477,0.060754,0.31902,0.091686,0.1652,0.1528,-0.0046354,-0.087294,0.13828,0.20347,0.013016,-0.14253,-0.038983,-0.070342,0.030714,-0.1161,-0.10869,-0.21226,-0.17293,-0.071258,0.14658,0.1576,-0.013338,0.091719,-0.071875,0.11695,0.089731,0.18296,-0.11573,-0.095939,-0.042996,0.00057169,-0.014734,-0.00063974,0.045808,0.089568,0.065159,0.056759,-0.048769,0.012591,0.0020254,-0.13696,-0.076458,-0.0027651,-0.101,0.0098129,-0.067066,-0.021686,0.034396,0.022176,-0.078062,0.045032,-0.0038589,0.056101,0.07424,0.015926,-0.0067361,0.042904,0.066318,-0.021587,0.076165,0.060367,0.04122,0.10185,0.21051,0.23639,-0.020155,0.05917,0.043498,0.034232,-0.074042,0.069849,0.034588,0.04686,0.11837,0.04285,0.0057764,-0.13626,-0.080674,0.009029,-0.068351,-0.17428,-0.12007,0.1958,0.014174,0.060591,0.036879,0.026784,0.058168,0.1063,0.1021,0.075756,0.058599,0.0022613,0.063043,-0.037055,-0.063343,0.049639,0.046869,0.00634,-0.0011932,0.047424,-0.027879,-0.12362,-0.058399,-0.0036808,0.050999,0.061756,0.067686,0.14035,0.0066869,0.025961,-0.0086833,-0.014274,0.060299,-0.022909,0.044147,0.072423,0.029711,0.048361,0.059455,0.08242,0.10116,-0.0066034,-0.012584,0.20595,0.032908,0.029756,0.031692,0.058011,-0.040266,0.083888,0.049887,0.063488,0.061906,0.022773,-0.023293,0.0932,0.16131,0.23296,0.044954,0.18594,0.030467,0.1763,0.15481,0.10173,0.15382,0.090655,0.20836,0.031777,-0.030627,0.027649,0.057361,0.04356,0.036354,-0.06384,-0.013476,-0.099311,-0.099809,-0.037112,-0.028969,0.0026304,-0.059076,-0.021862,0.024589,0.010419,0.086669,0.035427,0.0013754,-0.011718,0.039414,0.0178,-0.0168,0.0025577,0.15727,0.21944,0.11546,0.20619,0.1945,0.19601,0.34271,0.13709,0.37524,0.29563,0.30943,0.17137,0.20558,0.2161,0.31139,0.31905,0.2648,-0.070696,0.16659,0.015768,0.19996,0.04298,0.02779,-0.1559,0.013852,0.033938,0.33534,0.23709,0.19098,0.26351,0.014896,0.14732,0.12115,1,0.011304,-0.099591,0.087407,-0.011616,0.0054156,0.027833,0.039388,0.034431,0.013512,0.065395,-0.025307,-0.057533,0.062981,-0.033875,0.00054238,0.06621,0.089337,0.27001,-0.022249,0.0094326,-0.0053137,-0.060718,-0.093181,0.043195,0.092016,0.1001,0.06735,0.09351,0.10341,-0.0010376,0.10252,0.061097,0.06491,0.17748,0.15035,0.30948,0.27148,0.2844,0.082177,0.076708,0.076343,-0.0037149,-0.084552,0.040175,0.15614,-0.037176,-0.13272,0.038357,0.026823,-0.035476,0.0051131,-0.039646,-0.10233,-0.12417,0.14229,0.3256,0.2223,0.017632,0.039361,0.021603,0.063579,0.094999,0.0041497,0.060237,0.052413,0.0072272,0.18862,0.10352,0.051114,0.074957,0.034255,0.10406,0.036443,-0.0048813,0.1532,0.053876,0.14735,0.12865,0.069861,0.053682,0.061872,0.22201,0.043508,0.084214,0.12565,0.064889
0.077264,-0.014015,-0.031912,0.025111,0.036034,0.17443,0.10319,0.12583,-0.045218,-0.019721,0.07884,0.02314,0.3465,0.2285,0.21218,0.14412,0.11008,0.31614,0.18972,0.44447,0.32052,0.4306,0.41932,0.33454,0.43715,0.2832,0.28919,0.39855,0.46068,0.38519,0.11391,0.44756,0.27388,0.26343,0.3631,0.2678,0.36635,0.38129,0.3774,0.32283,0.32681,0.35635,0.26429,0.33397,0.16021,0.35436,0.23106,0.46323,0.020964,0.2277,0.11081,0.041644,0.11601,0.060407,0.32089,0.28324,0.3384,0.19018,0.19567,0.15846,0.31793,0.27923,0.28953,0.39628,0.4921,0.27603,0.25056,0.40516,0.46125,0.37272,0.33364,0.34654,0.31372,0.23608,0.26887,0.14299,0.076173,0.17257,0.22284,-0.030291,0.08096,0.22459,0.076559,0.025918,0.078914,0.10665,0.076852,-0.11791,-0.013755,-0.043344,0.074947,0.14894,0.19399,-0.050575,0.065842,0.16084,0.34522,0.37631,0.40105,0.28581,0.33294,0.26914,0.22735,0.21182,0.16909,-0.050167,0.069447,0.050347,-0.022427,0.15521,0.10436,0.049304,0.025666,0.32006,0.41279,0.26404,0.0037292,0.17707,0.17071,0.14069,0.16809,0.24919,0.15432,0.1043,0.1669,0.28859,0.13198,0.12395,0.078013,0.16687,0.060029,0.093514,0.12708,0.16226,0.29923,0.44096,-0.087838,0.17604,0.071331,0.32303,0.068143,-0.018679,0.22779,0.19941,0.10541,0.16954,0.061942,0.1138,0.088184,0.045968,0.039546,0.28865,0.10629,0.24781,0.32307,0.43058,0.35223,0.2346,0.2352,0.3702,0.50496,0.52934,0.43471,0.41418,0.52971,0.17116,0.31172,0.2662,0.15365,0.089687,0.43268,0.19148,0.15066,0.1037,0.29054,0.30925,0.44016,0.44845,0.14762,0.082186,0.19627,0.13475,-0.0084625,0.04498,-0.0017064,0.13839,0.14422,0.25905,0.1745,0.11766,0.036356,0.25209,0.16271,0.30388,0.054938,0.02368,0.14971,0.18645,-0.005439,0.40271,0.18895,0.37456,0.43306,0.4188,0.42624,0.42992,0.27226,0.34527,0.46039,0.4215,0.07553,0.35287,0.10878,0.19231,0.29564,0.44534,0.43765,0.38953,0.2978,0.39029,0.29458,0.3367,0.34176,0.21238,0.015176,0.23506,0.28204,0.17766,0.051927,0.12408,0.082897,-0.073649,-0.015787,0.094292,0.11067,0.25208,0.32874,0.095208,0.25258,0.20388,0.32135,0.27822,0.21294,0.23404,0.41769,0.25278,0.41172,0.27434,0.56256,0.24497,0.26035,0.34114,0.23617,0.23853,0.10585,0.22711,0.21766,0.2242,0.2817,0.056071,0.14256,0.25387,-0.026892,0.089636,0.1152,0.099892,0.14096,-0.087705,-0.036696,0.033207,0.027059,0.29474,0.16117,0.075837,0.12787,0.1546,0.36344,0.17351,0.45859,0.26966,0.44064,0.40511,0.20259,0.37481,0.21418,0.0054306,0.033907,0.2617,0.042331,0.13985,0.1472,0.011495,0.011304,1,0.38128,0.32548,0.15921,0.22155,0.23346,0.12534,0.28774,0.16342,0.24224,0.21052,0.059096,0.19258,0.25991,0.13504,0.088945,0.20594,0.049665,0.058005,0.11766,0.057825,0.27086,0.51035,-0.0043124,0.14397,-0.020167,0.18406,0.11589,0.097058,0.095135,0.19369,0.095497,0.07942,0.13403,0.18492,0.20792,0.16487,-0.031272,0.28902,0.10479,0.064522,0.19838,0.37977,0.52489,0.21528,0.29351,0.22737,0.39803,0.47077,0.49971,0.42754,0.55315,0.24698,0.2917,0.30713,0.17016,0.14375,0.28117,0.21026,0.15514,0.077556,0.39321,0.32028,0.44769,0.30203,0.11283,0.040922,0.18145,0.3702,0.039097,0.15514,0.030185,0.22969,0.098596,0.267,0.16757,0.25528,0.055379,0.13303,0.17551,0.26836,0.14779,0.051473,0.14529,0.17156,0.28805
0.042946,0.029514,-0.05063,0.0062601,0.0022094,0.08935,0.018617,0.066689,-0.027999,-0.039414,0.043454,0.011005,0.18079,0.10801,0.12725,0.092694,0.024135,0.1629,0.091946,0.20261,0.15135,0.16669,0.22324,0.17032,0.20032,0.16763,0.16218,0.20654,0.29394,0.18918,0.027917,0.16918,0.081717,0.14174,0.057508,0.04425,0.2073,0.089172,0.13073,0.083401,0.12759,0.11704,0.081036,0.33201,-0.0029525,0.21405,0.11246,0.47157,-0.064173,0.097988,-0.03242,-0.01998,0.0096784,-0.057702,0.17734,0.18084,0.31302,0.19408,0.098351,0.13279,0.42143,0.26484,0.42213,0.49916,0.43999,0.36022,0.1414,0.21248,0.31244,0.26455,0.28418,0.1704,0.28563,0.24225,0.30728,0.19526,0.082113,0.1419,0.19079,-0.10987,0.0087146,0.059378,-0.032256,-0.0602,-0.026066,-0.03621,0.052553,-0.17657,-0.10739,-0.076312,-0.087927,-0.068918,0.12566,-0.10665,-0.11295,-0.015492,0.35936,0.2394,0.32607,0.078555,0.41712,0.12256,0.40916,0.094586,0.14188,-0.098485,-0.041102,-0.032914,-0.032545,0.027145,0.055665,0.014491,-0.04484,0.31367,0.62525,0.16328,-0.056198,0.097264,0.15677,0.13092,0.053929,0.1369,0.06612,0.13505,0.084964,0.14169,0.19766,0.13797,0.0036958,0.027864,-0.0036024,0.14425,0.094596,0.21768,0.39149,0.51788,-0.058236,0.079895,0.03869,0.16518,0.058154,-0.076678,0.067051,0.049796,0.058981,0.15594,0.022308,0.020106,-0.011072,0.015785,-0.041421,0.12805,0.061521,0.18299,0.18752,0.59689,0.15075,0.11993,0.26981,0.25551,0.28459,0.48453,0.23873,0.25524,0.29022,0.31296,0.41939,0.09358,-0.0057162,0.0065663,0.17194,0.053221,0.086371,0.047301,0.12338,0.16975,0.10764,0.1474,0.10252,-0.036371,0.21833,0.11373,-0.051185,-0.0089468,-0.029341,0.065041,0.06284,0.099557,0.10179,0.042784,0.067293,0.09753,0.025702,0.1203,0.0081791,-0.050197,0.058776,0.14516,-0.095421,0.1736,0.42772,0.11951,0.22587,0.21544,0.20706,0.20924,0.15002,0.19469,0.34485,0.40709,-0.10624,0.10859,0.015812,0.07064,0.017416,0.32118,0.25106,0.11912,0.10105,0.14608,0.19977,0.46989,0.13922,-0.025586,-0.13135,0.16773,0.081598,0.24709,-0.079623,0.037299,-0.035721,-0.0796,-0.13383,-0.043171,0.058142,0.26551,0.29215,0.04301,0.19525,0.18458,0.49685,0.28728,0.5221,0.47411,0.47934,0.46777,0.34999,0.25823,0.25339,0.27916,0.32576,0.16821,0.34308,0.34306,0.30187,0.21823,0.14092,0.17533,0.21873,-0.04481,-0.0188,0.11808,-0.089462,-0.042165,0.042455,-0.050258,0.21798,-0.20176,-0.17591,-0.10536,-0.053398,0.081267,-0.0030408,-0.12041,0.014432,-0.056204,0.53363,-8.9415e-05,0.3693,0.026301,0.42924,0.27009,0.47876,0.20434,0.22235,-0.12409,-0.08009,0.072867,-0.071052,0.12301,0.04606,0.016182,-0.099591,0.38128,1,0.26036,0.15699,0.20934,0.19291,0.19452,0.18588,0.032924,0.13216,0.28219,0.091749,0.090898,0.23287,0.11146,0.053957,0.087483,-0.066284,0.056402,0.12025,0.1665,0.55231,0.67113,-0.032499,0.050644,-0.054429,0.094945,0.079775,0.017389,0.029074,0.05824,0.0046747,0.10499,-0.020757,-0.014591,0.0069734,0.014027,-0.15225,0.11042,0.042178,0.041657,0.25338,0.59662,0.39407,0.026085,0.33123,0.58119,0.24029,0.35998,0.34147,0.20052,0.42797,0.33321,0.51814,0.086819,-0.040429,0.011976,0.052293,0.13462,0.089573,0.080561,0.15947,0.22947,0.14299,0.17844,0.066948,-0.087488,0.11463,0.23249,-0.0038108,0.096569,-0.024023,0.15471,0.064192,0.097191,0.12814,0.057525,-0.01316,0.029694,0.0054103,0.11015,-0.0025237,0.047682,0.044984,0.065407,0.055295
0.14754,0.026438,0.10633,0.058786,0.11946,0.15582,0.17087,0.11032,-0.041919,-0.06475,0.05686,0.090146,0.33052,0.074276,0.16152,0.17561,0.10408,0.15754,0.32558,0.2862,0.2293,0.17155,0.24121,0.15439,0.2143,0.15563,0.12094,0.3424,0.10368,0.034081,0.017735,0.17505,0.093626,-0.0083476,0.13357,0.017377,0.1286,0.10832,0.097923,0.14339,0.16937,0.20469,0.21785,0.058964,0.10851,0.14393,0.14958,0.2558,0.030928,0.32265,0.033631,0.075499,0.094592,0.095098,0.29723,0.24877,0.14087,0.18568,0.13643,0.12225,0.20298,0.12429,0.0037623,0.17116,0.25608,0.093168,0.027648,0.19304,0.14087,0.22774,0.20083,0.2441,0.2015,0.21621,0.085071,0.076826,0.068336,-0.039967,0.096141,-0.065833,-0.017974,0.1339,0.1124,0.057074,0.20758,0.18196,0.115,0.01947,0.056598,-0.0013471,0.10401,0.014495,0.021249,-0.032261,0.14419,0.2288,0.083723,0.12986,0.21283,0.14698,0.12086,0.10262,-0.0047898,0.033018,-0.097717,0.0044776,0.15891,0.0028993,-0.09447,0.04855,0.14422,0.035438,0.031868,-0.017705,0.21417,0.23754,0.060332,0.13151,0.10911,0.18421,0.12024,0.13756,0.17933,0.15528,0.17961,0.25291,-0.048616,-0.049344,-0.064171,-0.10764,-0.11122,-0.052687,0.042193,0.18624,0.11896,0.046874,-0.04452,0.10174,0.087457,0.2281,-0.0081892,-0.10903,0.24916,0.19697,0.067744,0.21564,0.019196,0.048858,0.0043313,0.10321,0.15356,0.27674,0.14664,0.30039,0.32611,0.29927,0.087027,0.21501,0.084888,0.26627,0.29038,0.32363,0.11677,0.14806,0.16926,-0.039164,-0.025391,0.024489,0.24475,0.18938,0.20307,0.1821,0.12663,0.044553,0.15602,0.092303,0.14361,0.19118,0.15563,0.054493,0.10403,0.06445,0.0096742,0.18533,-0.062819,0.084251,0.098826,0.094443,0.08343,0.16699,0.027957,0.17103,0.18889,0.2332,0.0095943,0.099728,0.12551,0.048267,-0.1425,0.15716,0.082683,0.1125,0.22347,0.18676,0.21002,0.27815,0.14657,0.28693,0.20388,0.20273,0.19655,0.097844,-0.023227,0.060809,0.024263,0.11053,0.32032,0.16588,0.13682,0.11741,0.02113,0.16945,0.30357,0.075892,0.13497,0.10632,0.27701,0.28143,0.2003,0.29621,0.051689,0.10135,0.12674,0.26343,0.064433,0.095205,0.22834,0.077946,0.11314,0.15563,0.096157,0.075381,0.078928,0.099539,0.048388,0.13929,0.096913,0.013776,0.2261,0.18967,0.18445,0.2902,0.24353,0.13029,0.11037,0.13935,0.13752,0.13847,0.15961,0.1426,0.29147,0.3486,0.1484,0.30419,0.36614,0.39497,0.53128,0.084276,0.22022,0.28428,0.34668,0.47659,0.1314,0.20604,0.30298,0.37156,0.27199,0.42124,0.43798,0.33567,0.43758,0.49011,0.082072,0.38342,0.21584,0.16746,0.19477,0.33391,0.22655,0.15668,0.22219,0.050186,0.087407,0.32548,0.26036,1,0.39794,0.071525,0.18894,0.12816,0.19781,0.1476,0.12244,0.049747,-0.017399,0.28007,0.16994,0.13142,0.046167,0.26126,0.05033,-0.016466,0.12371,0.079447,0.086891,0.28596,0.0454,0.29066,0.10987,0.23515,0.086586,0.072592,0.12761,0.12502,0.21951,0.1178,0.1879,0.16009,0.34842,0.24882,0.12402,0.5161,0.22222,0.065693,0.18128,0.25875,0.28465,0.18859,0.090396,0.14439,0.27064,0.30458,0.37179,0.46369,0.30832,0.060957,0.13518,0.43228,0.3046,0.46743,0.039885,0.18615,0.18339,0.26602,0.22598,0.06108,0.12494,0.11392,-0.024281,0.14881,0.33229,0.1764,0.17062,0.2575,0.12263,0.14995,0.025088,0.29755,0.2891,0.48566,0.12759,0.16,0.14,0.22272,0.332,0.11359,0.13964,0.18843,0.16594
-0.014954,0.027482,0.09531,0.042775,-0.017909,-0.032053,0.15011,0.059406,0.030986,-0.0087883,0.0019699,-0.018014,0.12832,0.062817,0.14133,0.043639,0.056225,0.14732,0.31271,0.050136,0.045856,-0.00055456,0.033348,0.092622,0.053337,0.025732,0.015654,0.089658,-0.067658,-0.012311,0.073995,0.0025403,-0.013201,-0.055548,0.020255,0.028245,0.049504,-0.0021587,0.019786,0.021195,0.06336,0.036489,0.019077,0.0039581,-0.0042934,0.0080855,0.010852,0.1435,0.021033,0.06774,0.024031,0.018665,0.10268,0.023245,0.062571,-0.04898,-0.045835,0.035069,0.042523,0.038751,-0.016308,-0.046232,-0.027091,0.014315,0.0782,0.035798,0.033071,0.051487,0.066177,0.045325,0.042345,0.069637,0.023015,0.0035092,0.049477,0.024715,0.072932,-0.024234,-0.082694,-0.043056,-0.0027845,0.079605,-0.027258,0.036745,0.0082967,0.27794,0.083603,-0.082292,0.33878,0.2719,0.052989,0.23135,-0.12542,-0.074182,0.093539,0.19587,0.067684,-0.0019482,0.19453,0.14003,0.1607,0.26591,0.015331,0.091431,-0.13129,0.10333,0.041439,0.16548,0.045062,-0.056177,-0.024464,0.038602,-0.049218,0.11108,0.099993,0.2922,0.31019,-0.023844,0.072517,0.026371,-0.023465,0.050782,0.012494,-0.0058612,-0.0028314,0.033655,-0.070871,-0.084318,0.032608,-0.080246,-0.016234,-0.086775,-0.040626,0.03148,0.047192,0.038647,0.05142,0.010762,0.044894,0.040493,0.026303,0.014094,0.074262,0.026752,-0.015409,0.0032201,0.025618,0.0082043,0.027679,0.0077136,0.057409,0.2794,0.16333,0.07138,0.10572,0.15508,0.029814,0.026052,0.093262,0.077357,0.0047586,0.079907,0.16884,0.22286,0.062189,-0.041319,-0.024829,0.14249,0.085033,0.19687,-0.028158,0.077755,0.028878,-0.0061022,0.043053,0.033853,0.031179,0.03282,-0.01739,0.073547,0.11938,0.043176,-0.022076,0.062964,-0.064243,0.039862,0.017054,-0.094186,0.087757,0.29763,0.059228,0.055669,0.090591,0.050848,-0.0050016,0.17584,0.0029974,-0.038644,0.0037686,0.022397,0.063526,0.073098,0.028429,0.039914,0.024862,0.032624,0.064639,0.076674,0.045035,0.13942,0.17131,-0.017041,-0.0017696,0.036993,-0.0055168,0.090244,0.084252,0.023827,0.028847,0.010865,0.073444,0.036539,0.050445,0.10702,0.21674,-0.039214,0.085497,0.29589,0.11792,0.044396,0.10191,-0.0040965,0.13992,0.043767,0.059998,-0.001038,0.10033,0.057814,0.044178,-0.023622,-0.0501,0.051433,0.12808,0.019392,0.067824,0.072835,0.088152,-0.0019146,0.15424,0.091547,0.059899,0.065248,0.10251,0.077879,0.099191,0.10549,0.096843,-0.020903,-0.0057085,0.067728,0.17668,0.43151,0.081576,0.040621,0.0071967,0.30069,0.31543,-0.026226,0.37484,0.30991,0.26976,0.47877,0.057448,0.070475,0.03483,0.35456,0.19015,0.28218,0.27428,0.14092,0.19508,0.51227,0.044327,0.49154,0.10922,0.264,-0.013792,0.26539,0.21883,0.10208,0.0813,0.11825,-0.011616,0.15921,0.15699,0.39794,1,-0.0050049,0.051033,0.075293,0.058721,0.034215,0.042366,-0.076607,0.019455,0.013953,0.048779,-0.02513,-0.079069,0.088612,-0.059188,-0.086639,-0.043475,0.026812,0.10868,0.18928,0.066434,0.052895,0.055731,0.024431,0.091197,-0.037067,0.044315,0.0076226,0.038028,0.093097,0.024482,0.061931,0.21091,0.04505,0.084313,0.51568,0.26935,0.086389,0.12199,0.23378,0.20418,0.1174,0.028817,0.083136,0.032718,0.070725,0.38398,0.44737,0.1957,-0.00069779,0.13538,0.54822,0.15454,0.25439,-0.0011206,0.083427,-0.011059,0.053371,0.071628,0.027419,0.037779,0.071383,0.094942,0.05967,0.094678,0.033123,0.026133,0.098598,0.056351,0.057909,0.071911,0.1449,0.26579,0.55468,0.077041,0.049965,0.074255,0.065717,0.042741,0.12178,-0.014,0.14489,-0.044169
0.063068,0.049872,0.057537,0.052237,0.059221,0.076478,0.095806,0.12359,0.0704,0.014128,0.11987,0.10694,0.25709,0.16929,0.21102,0.10398,0.1103,0.16808,0.095103,0.3485,0.28063,0.29273,0.35917,0.28002,0.28844,0.22966,0.48689,0.48727,0.33,0.14721,0.17256,0.30048,0.038602,-0.021096,0.15677,0.099171,0.22413,0.20322,0.22591,0.26978,0.26834,0.22282,0.25402,0.31605,0.17018,0.1608,0.23769,0.19926,-0.11423,0.018134,0.10389,0.0098047,-0.0075108,-0.084479,0.3984,0.20232,0.261,0.24658,0.29099,0.24543,0.27022,0.29938,0.29512,0.21832,0.13344,0.21726,0.10348,0.2032,0.14422,0.506,0.40898,0.51089,0.34447,0.28648,0.37616,0.19273,0.022513,0.14423,0.21221,-0.043005,0.029381,0.11857,0.018174,0.02077,0.067744,-0.037388,-0.043383,-0.00052452,0.036959,-0.048537,-0.096734,0.086152,0.2587,0.052166,-0.0044613,-0.024002,0.32585,0.17871,0.21265,0.14702,0.16018,0.097002,0.24038,0.11139,0.21304,0.017785,-0.056877,-0.10699,-0.096752,0.11949,0.084206,-0.042553,0.033305,0.10432,0.26566,0.024388,-0.052493,0.33328,0.39514,0.25782,0.19233,0.14946,0.31181,0.26312,0.19207,0.32662,0.17557,0.093062,0.14741,0.136,0.069952,0.19382,0.067372,0.21407,0.25566,0.24135,-0.0374,0.080067,0.033215,0.22058,-0.04721,0.067313,0.29785,0.25968,0.073388,0.090158,0.01861,0.27489,0.055388,-0.049509,-0.061003,0.023037,-0.029032,0.10697,0.16938,0.121,0.181,0.1486,0.17736,0.20298,0.20383,0.22417,0.11816,0.07646,0.19259,0.38025,0.26539,0.094676,0.00029074,-0.089335,0.11712,0.13893,0.08193,-0.0050912,0.25778,0.12803,0.20405,0.22513,0.1212,-0.014703,0.084449,0.11096,0.02989,0.048026,0.059923,0.16784,0.23202,0.17582,0.056802,0.092994,0.051182,0.29191,0.26252,0.38716,0.021579,0.016826,0.13136,0.11329,0.10751,0.35469,0.12273,0.27408,0.37539,0.36713,0.32833,0.29296,0.49657,0.50848,0.29055,0.2918,0.072544,0.2609,0.021711,-0.051463,0.1279,0.12862,0.26692,0.23806,0.17943,0.31481,0.26644,0.097076,0.31111,0.1637,0.042956,0.088345,0.24745,-0.011452,-0.10419,-0.022061,0.087433,-0.10056,-0.015465,-0.034704,0.30772,0.23358,0.25202,0.17098,0.29559,0.30976,0.18967,0.40671,0.25885,0.071003,0.138,0.1492,0.16786,0.15262,0.095639,0.45714,0.3809,0.50068,0.2711,0.34941,0.34707,0.15616,0.12363,0.28028,0.26709,0.054739,0.068199,0.048532,0.025955,0.020364,0.019889,0.0040146,-0.01564,-0.022268,-0.045559,0.024027,-0.08079,-0.0095738,0.14295,0.090327,0.088416,-0.026114,0.39103,0.010574,0.20564,0.036779,0.23902,0.10813,0.23372,0.062752,0.17244,-0.016069,-0.016428,0.029697,0.044671,0.096298,0.093595,0.0047509,0.0054156,0.22155,0.20934,0.071525,-0.0050049,1,0.50969,0.28338,0.28354,0.07943,0.2436,0.35286,0.21679,0.25265,0.26773,0.23796,0.062001,0.088988,-0.001236,0.15877,0.23443,0.14306,0.31755,0.27442,0.032756,0.0938,0.025072,0.17079,0.077568,0.11655,0.213,0.31673,0.11308,0.024569,0.19508,0.27358,0.081221,0.10224,-0.036439,0.083454,0.023609,0.14258,0.07861,0.16523,0.22189,0.26002,0.30758,0.12647,0.18065,0.17614,0.061842,-0.0078155,0.19444,0.37489,0.24378,0.030054,0.045392,-0.061147,0.13762,0.15948,0.072174,0.011665,0.27521,0.14728,0.23012,0.06996,0.15228,0.0010474,0.01892,0.26005,0.023471,0.0644,0.037227,0.16807,0.2565,0.10523,0.042189,0.047161,0.031387,0.20586,0.22323,0.43044,0.099345,-0.062873,0.21089,0.067147,0.14258
0.097665,0.081837,0.15108,0.086694,0.11043,0.11912,0.1555,0.13951,0.021349,0.0027875,0.11468,0.094685,0.37641,0.1921,0.27047,0.1108,0.17559,0.11465,0.11757,0.3594,0.37514,0.31673,0.3976,0.27484,0.37614,0.27853,0.57425,0.64834,0.25046,0.12438,0.16215,0.30126,0.045177,-0.085448,0.18676,0.089996,0.2938,0.22125,0.26368,0.34525,0.31791,0.29791,0.30019,0.2494,0.2309,0.16611,0.31585,0.19746,-0.12049,0.13641,0.10699,0.070257,0.062561,-0.045567,0.52331,0.24089,0.23289,0.33565,0.389,0.28509,0.27852,0.29884,0.16339,0.17231,0.12273,0.20878,0.11403,0.2541,0.12693,0.6379,0.48731,0.6526,0.42264,0.33708,0.42159,0.17879,0.073416,0.03011,0.15553,-0.028965,0.04825,0.11508,0.10189,0.065183,0.20146,-0.041377,-0.04771,0.096844,0.045727,0.0040313,-0.037686,0.10419,0.2203,0.050209,0.04821,-0.019809,0.24933,0.18496,0.24345,0.145,0.096036,0.061007,0.11255,0.085746,0.080577,-0.0097255,-0.028096,-0.11657,-0.17244,0.15448,0.18213,-0.054248,0.095887,0.02164,0.25638,-0.0034921,-0.054154,0.30827,0.51123,0.37133,0.2767,0.16257,0.35528,0.35054,0.30661,0.41943,0.13526,-0.0061918,0.13373,0.10074,0.021476,0.051745,-0.023483,0.31261,0.31349,0.19952,-0.035284,0.051075,0.02368,0.26143,-0.020351,0.036245,0.43066,0.39282,0.11158,0.15166,0.014725,0.29732,0.018994,0.028655,0.01855,0.01746,0.003927,0.22964,0.27039,0.13887,0.20564,0.18327,0.080144,0.25414,0.24866,0.27375,0.061145,-0.0083736,0.17706,0.36933,0.17942,0.011098,0.071658,-0.10959,0.083875,0.17521,0.15485,0.076454,0.33926,0.13607,0.21667,0.2853,0.15741,-0.0070982,0.037386,0.11011,0.050149,0.17491,-0.0018986,0.21234,0.34277,0.20427,0.015042,0.041182,0.05948,0.34154,0.37298,0.47694,-0.046028,0.0518,0.1309,0.059237,0.093622,0.35622,0.18171,0.28362,0.41639,0.39775,0.38493,0.38761,0.62248,0.68439,0.29472,0.28841,0.22135,0.28053,-0.002713,-0.063001,0.10437,0.11546,0.41347,0.27932,0.22027,0.377,0.23055,0.10094,0.35284,0.1947,0.17075,0.071229,0.359,-0.039952,-0.091852,0.058261,0.090783,-0.073376,0.034171,0.08818,0.35687,0.17093,0.28517,0.31418,0.37207,0.36501,0.15569,0.3679,0.17825,0.035069,0.10101,0.22267,0.18213,0.12932,0.10902,0.63756,0.49158,0.65743,0.4032,0.39462,0.42715,0.16507,0.13567,0.32075,0.31498,0.15769,0.21837,0.077063,0.13989,0.13472,0.10868,0.089275,0.14281,0.071881,0.068748,0.13296,-0.01258,0.019658,0.17445,0.20061,0.15029,0.076916,0.35686,0.089202,0.22721,0.086306,0.24485,0.14083,0.12289,0.089568,0.19806,0.038216,0.073112,-0.012497,0.092487,0.1353,0.11539,-0.057402,0.027833,0.23346,0.19291,0.18894,0.051033,0.50969,1,0.40428,0.34785,0.09511,0.24644,0.3016,0.19913,0.39793,0.25905,0.23608,0.088142,0.19603,0.026555,0.062012,0.2383,0.21867,0.35719,0.32984,0.15027,0.15688,0.12141,0.20091,0.13366,0.10635,0.29881,0.39111,0.233,0.12763,0.30515,0.41746,0.17911,0.23901,0.042093,0.11049,0.11292,0.1894,0.082804,0.13914,0.24775,0.40066,0.3518,0.12967,0.23477,0.2576,0.036529,-0.01441,0.18845,0.36166,0.15988,0.098807,0.13714,0.071517,0.12672,0.20663,0.19364,0.15075,0.36536,0.2057,0.2586,0.14152,0.18453,0.043928,0.094667,0.29392,0.066019,0.15973,0.12447,0.19001,0.34949,0.14561,0.060895,0.11693,0.16332,0.28872,0.31958,0.51674,0.23431,-0.047898,0.33433,0.15732,0.21353
0.091059,0.074773,0.14703,0.087338,0.12411,0.069785,0.13952,0.1255,0.021454,0.0013139,0.11215,0.11283,0.2305,0.10937,0.16849,0.066915,0.1121,0.049909,0.062092,0.1703,0.23893,0.16635,0.21826,0.133,0.17099,0.17713,0.32634,0.36535,0.084928,0.044317,0.081783,0.15665,-0.018199,-0.043369,0.090565,0.041376,0.16766,0.097344,0.11298,0.18529,0.13974,0.1764,0.1603,0.13604,0.10492,0.06156,0.18399,0.13014,-0.1008,0.062943,0.056185,0.022289,0.027031,-0.042569,0.31886,0.14124,0.14497,0.2509,0.30022,0.1943,0.23587,0.21932,0.092863,0.12284,0.10178,0.2722,0.13081,0.1364,0.092135,0.39318,0.42447,0.36448,0.37425,0.34247,0.27593,0.16699,0.043087,-0.023405,0.057395,0.026717,0.036913,0.053708,0.085131,0.065477,0.15497,-0.063129,-0.072489,0.047509,0.017681,-0.028011,-0.039618,0.03654,0.12756,0.031653,0.045227,0.003585,0.18778,0.11198,0.17659,0.074133,0.07823,0.029761,0.078326,0.080791,-0.0076765,-0.038979,0.0029428,-0.075897,-0.15425,0.10354,0.13194,-0.10668,0.070432,0.038834,0.21813,-0.080959,-0.085202,0.19542,0.24283,0.31298,0.16828,0.058713,0.2305,0.28272,0.17807,0.25478,0.086276,-0.025622,0.056267,0.014977,-0.0052161,0.023255,-0.047114,0.2484,0.30137,0.1497,-0.012331,0.0012887,0.058022,0.098113,-0.070632,0.010822,0.25256,0.23502,0.098439,0.081039,-0.036875,0.13944,-0.021068,0.018101,0.0039907,-0.013912,-0.015088,0.14255,0.18168,0.098516,0.11636,0.091984,0.022214,0.10306,0.12011,0.13155,0.024003,0.0013785,0.10401,0.24548,0.13887,-0.043383,-0.0077051,-0.089387,0.015895,0.10871,0.089062,0.029736,0.16177,0.14006,0.086511,0.15683,0.073623,-0.033592,-0.017707,0.10714,-0.019399,0.1192,-0.0090643,0.097673,0.19656,0.13068,0.015786,0.05032,0.087212,0.20407,0.26033,0.30333,-0.088634,0.019938,0.075523,0.005225,0.030622,0.19075,0.2603,0.12335,0.2386,0.22489,0.18154,0.18704,0.36184,0.42235,0.1583,0.23401,0.14529,0.13944,-0.014307,-0.051912,0.018671,0.077196,0.24082,0.14893,0.11651,0.17897,0.12087,0.12271,0.22019,0.08753,0.099442,-0.013145,0.18188,-0.016439,-0.066052,0.013853,0.085646,-0.033965,-0.018064,0.039759,0.256,0.10365,0.18672,0.26437,0.27557,0.23226,0.17516,0.20079,0.1404,0.041603,0.070169,0.29406,0.13836,0.11384,0.040788,0.46603,0.42608,0.36049,0.42941,0.31326,0.38821,0.12927,0.072472,0.21737,0.17274,0.12744,0.1074,0.021172,0.078388,0.057951,0.049815,0.021557,0.089467,0.012465,0.044717,0.10768,-0.023798,-0.0057612,0.091523,0.11593,0.12177,-0.01391,0.27711,0.052191,0.14356,0.00052098,0.16479,0.10534,0.098471,0.057825,0.11949,0.012068,0.027233,-0.058678,0.047685,0.1066,0.05518,-0.044451,0.039388,0.12534,0.19452,0.12816,0.075293,0.28338,0.40428,1,0.18897,0.072554,0.11652,0.20941,0.10109,0.26082,0.16857,0.13588,0.054595,0.15721,-0.0035379,-0.022977,0.14799,0.20191,0.29018,0.25424,0.07062,0.1035,0.1199,0.13516,0.090389,0.047952,0.25251,0.19477,0.16886,0.11134,0.17802,0.24374,0.090377,0.11486,-0.0055862,0.060852,0.096178,0.11442,0.054281,0.16344,0.1591,0.2402,0.27199,0.092019,0.092176,0.12062,0.016182,-0.02095,0.11108,0.25464,0.12585,0.014817,0.029338,0.021519,0.067144,0.10674,0.1681,0.13967,0.18379,0.18845,0.10093,0.13071,0.10822,0.039265,0.05693,0.15825,0.047382,0.098549,0.074897,0.13089,0.14679,0.086228,0.086931,0.051422,0.11267,0.20547,0.19902,0.34258,0.14781,-0.051788,0.19407,0.092244,0.061133
0.10625,0.049066,-0.026291,0.089493,0.062169,0.19063,-0.0028696,0.061414,-0.0059779,-0.043607,0.038249,-0.0073723,0.30507,0.1927,0.14916,0.16276,0.11109,0.15531,0.096824,0.41131,0.23457,0.29341,0.3923,0.32955,0.35713,0.2472,0.35906,0.46957,0.26661,0.12954,-0.0031356,0.3041,0.26664,0.17459,0.17856,0.12691,0.30952,0.20646,0.25691,0.24985,0.29954,0.24073,0.2871,0.10895,0.15118,0.23484,0.082625,0.25095,0.10668,0.29812,0.10686,0.15986,0.1494,0.19075,0.42331,0.26409,0.17763,0.30646,0.13734,0.16097,0.30418,0.1985,0.11681,0.21468,0.27193,0.16194,0.085938,0.21161,0.21529,0.43618,0.34656,0.43114,0.32602,0.2047,0.27962,0.10709,0.057234,0.13963,0.22012,-0.025066,0.053086,0.12057,0.09261,0.032531,0.022717,0.12371,0.18719,0.0059548,-0.018826,0.027571,0.12323,-0.021797,0.13477,0.015207,0.022059,0.086623,0.10332,0.13821,0.15358,0.090538,0.070908,0.013235,0.075608,0.0043704,0.053777,0.04339,0.094714,0.06337,0.072297,0.035881,0.12506,0.064463,0.050988,0.085944,0.21036,0.19818,0.034115,0.17619,0.33684,0.18994,0.20004,0.26197,0.15879,0.13179,0.13992,0.29198,0.012857,0.10305,-0.0072506,-0.034506,0.045696,0.11734,0.15575,0.22809,0.20634,0.2354,-0.058163,0.19301,0.13784,0.28975,0.071485,-0.040689,0.26551,0.21637,0.0279,0.16593,0.14402,0.1915,0.1672,0.1634,0.18823,0.21228,0.20471,0.24569,0.29221,0.21229,0.226,0.23867,0.20424,0.30023,0.37404,0.31346,0.16996,0.24968,0.28026,0.1593,0.057637,0.12166,0.25776,0.17611,0.32013,0.11873,0.073363,0.049457,0.23285,0.214,0.28626,0.23093,0.20035,0.13611,0.17868,0.14334,-0.020623,-0.028985,-0.07764,0.093031,0.15675,0.073565,0.06976,0.0023441,-0.0064277,0.25532,0.096189,0.24851,0.19052,0.082863,0.12986,0.16534,-0.10316,0.33804,0.12471,0.26009,0.3744,0.34035,0.41939,0.39375,0.37237,0.47557,0.31014,0.21042,0.10226,0.19346,0.11467,0.15139,0.16653,0.12993,0.35363,0.25056,0.29412,0.36056,0.29388,0.20987,0.37262,0.1676,0.062547,0.1794,0.27678,0.084577,0.11514,0.21433,0.030554,0.045612,0.023746,0.18178,0.20593,0.22394,0.17508,0.15158,0.34748,0.26354,0.25084,0.25968,0.075122,0.091013,0.11625,0.1646,0.1577,0.087827,0.23841,0.35275,0.34335,0.44879,0.25962,0.3084,0.096611,0.18314,0.12523,0.16346,0.24232,0.048734,0.15654,0.078609,0.0064764,0.19519,0.13132,0.128,0.21657,0.084019,0.0054793,0.027285,0.06795,0.18444,0.11939,0.13895,0.14281,0.10211,0.17196,0.066457,0.15814,0.1609,0.18803,0.23718,0.097594,0.1643,0.15725,0.049934,0.1785,0.15169,0.099956,0.054192,0.10962,0.024806,0.034431,0.28774,0.18588,0.19781,0.058721,0.28354,0.34785,0.18897,1,0.18377,0.30223,0.31635,0.036804,0.17696,0.18285,0.070004,0.035665,0.049691,0.065483,0.10343,0.20452,0.15065,0.17947,0.22299,-0.045939,0.18568,-0.030472,0.18262,0.090072,0.098159,0.092838,0.2287,0.058756,0.039684,0.17258,0.22408,0.24037,0.23066,0.099504,0.16763,0.11609,0.01765,0.10295,0.08238,0.29989,0.20272,0.10894,0.018619,0.26821,0.25272,0.23382,0.20604,0.22769,0.16265,0.053571,0.20279,0.23449,0.19906,0.16161,0.2151,0.16562,0.11145,0.34256,0.15568,0.35236,0.093083,-0.015857,0.091964,0.17505,0.30581,0.047722,0.16452,0.058636,0.23057,0.23476,0.15397,0.10877,0.11262,0.068138,0.10693,0.090868,0.27346,0.20878,0.08403,0.08147,0.10152,0.28507
0.10434,-0.045322,-0.00045077,0.0017057,0.13491,0.12784,0.029399,0.11129,-0.025693,-0.03017,0.031419,0.029371,0.16827,0.062244,0.085051,0.054739,0.00088517,0.10761,0.052807,0.19929,0.15684,0.13611,0.20193,0.14489,0.17192,0.12508,0.091129,0.18817,0.13164,0.095636,0.029951,0.16371,0.092281,0.094268,0.14102,0.050637,0.12787,0.12995,0.12289,0.1293,0.1635,0.16201,0.12011,0.082455,0.11317,0.13225,0.12264,0.14555,0.022159,0.13163,0.051166,0.057113,0.016543,0.071808,0.17907,0.17098,0.078007,0.10819,0.077426,0.065762,0.11808,0.12237,0.037724,0.084939,0.15996,0.020136,0.015621,0.094363,0.09334,0.10931,0.11388,0.14039,0.06957,0.087312,0.057068,0.022155,0.046056,0.042015,0.11255,-0.029261,0.055601,0.10495,0.067139,-0.012803,0.046308,0.033199,0.038207,0.019924,-0.061326,-0.041467,0.023696,-0.0018121,0.13033,0.010466,-0.006981,0.053289,0.066644,0.10125,0.057215,0.050327,0.032173,0.010263,0.017818,0.03683,0.039216,-0.011557,0.039546,0.0016539,0.0044911,0.048121,0.05717,0.0036492,0.029637,0.0055722,0.077755,0.07144,0.018165,0.097298,0.049504,0.073799,0.058789,0.091157,0.12496,0.068603,0.094554,0.16598,0.044278,0.085673,-0.0092119,0.034792,0.017028,0.02322,0.060368,0.11361,0.070559,0.07582,-0.035914,0.060394,0.048873,0.10734,-0.020133,-0.04498,0.12892,0.15364,0.062615,0.076424,0.064803,0.13365,0.072773,0.052521,0.050676,0.09083,0.062637,0.1376,0.20153,0.084149,0.088846,0.15128,0.03883,0.14331,0.19663,0.13404,0.13882,0.074782,0.12381,-0.02065,0.031665,0.069479,0.093487,0.048468,0.16321,0.047486,0.048599,-0.0052912,0.13365,0.089647,0.13272,0.14742,0.094795,0.044173,0.027604,0.003526,-0.00043029,0.0036827,-0.033203,0.054044,0.051274,0.12043,0.047755,0.010938,0.025458,0.15366,0.14087,0.11658,0.010444,0.026201,0.085241,0.062922,-0.025636,0.16564,0.023496,0.12334,0.19321,0.1687,0.1975,0.19789,0.12058,0.19713,0.13343,0.090297,0.056405,0.11527,0.021512,0.066509,0.056922,0.071129,0.18223,0.1371,0.14648,0.15343,0.11519,0.04382,0.2083,0.080939,0.014153,0.13042,0.15019,0.0388,0.022889,0.059506,0.033362,-0.038485,-0.015733,0.11026,0.09553,0.080864,0.10845,0.058855,0.11723,0.11488,0.090596,0.038478,0.00097867,0.010398,0.02618,0.051262,0.054567,0.048232,0.14816,0.087212,0.11087,0.19772,0.10154,0.094942,0.023188,0.07745,0.074476,0.11455,0.1249,0.029633,0.091322,0.046468,-0.0098478,0.10632,0.082873,0.037961,0.10073,0.01658,0.00047109,-0.013131,0.0076925,0.11795,0.046425,0.053837,0.042962,0.056143,0.077451,0.043142,0.081972,0.076486,0.097311,0.13998,0.034714,0.12177,0.10587,-0.028366,0.073977,0.078545,0.032079,0.076216,0.064984,-0.038625,0.013512,0.16342,0.032924,0.1476,0.034215,0.07943,0.09511,0.072554,0.18377,1,0.11982,0.070465,0.0092419,0.14422,0.11481,0.052019,0.010212,0.11642,0.061109,0.03931,0.074098,0.070345,0.027842,0.092717,-0.033515,0.15151,0.030542,0.10745,-0.0045104,0.058147,0.094159,0.099274,0.046997,-0.01358,0.10383,0.10011,0.074138,0.11814,-0.020211,0.063999,0.079102,0.0082577,0.049932,0.024516,0.14781,0.077591,0.034193,-0.00075352,0.15118,0.14566,0.14197,0.10327,0.11776,0.052826,-0.0053245,0.088231,0.082389,0.058879,0.10995,0.12676,0.098358,0.068944,0.16177,0.070931,0.13709,0.027946,0.0019246,0.037254,0.086547,0.10917,0.058108,0.10329,0.056548,0.20387,0.05578,0.07558,0.08111,0.085046,0.040539,0.20714,0.060787,0.14462,0.11336,0.009872,0.073739,0.059632,0.14883
0.040896,0.04827,0.011584,0.084812,0.031623,0.10975,0.032881,0.049812,-0.012125,-0.047816,0.02917,0.0097714,0.18971,0.19432,0.17934,0.10413,0.047422,0.070622,0.10963,0.29412,0.20042,0.26991,0.31244,0.23066,0.29182,0.20553,0.34071,0.34522,0.2344,0.1864,0.02579,0.28295,0.14607,0.055171,0.21224,0.16845,0.25876,0.21763,0.26451,0.19632,0.19709,0.19263,0.19689,0.11637,0.089875,0.22266,0.10431,0.15441,0.065472,0.16413,0.043034,0.099017,0.11385,0.071821,0.29943,0.12601,0.11805,0.21952,0.17833,0.1061,0.14488,0.12641,0.13087,0.1371,0.13149,0.16786,0.17651,0.19957,0.21625,0.35189,0.2415,0.34788,0.20243,0.14665,0.22881,0.07862,0.026665,0.13944,0.090015,-0.0093158,0.012699,0.054454,0.019876,0.027779,-0.00094484,0.052731,0.12885,0.040488,0.040459,0.036335,0.08999,-0.0055392,0.066221,0.0061039,0.052632,0.040436,0.098814,0.18003,0.14758,0.11391,0.10712,0.0526,0.046923,0.020809,0.028145,0.045923,0.051718,0.047067,0.044183,-0.011664,0.055878,0.044223,0.028229,0.10483,0.15235,0.11999,0.02222,0.13249,0.24405,0.12145,0.16862,0.19113,0.18242,0.061645,0.067969,0.19788,0.054127,0.080672,0.074532,0.027919,0.049911,0.077407,0.039657,0.11713,0.1569,0.20966,0.017632,0.14449,0.076546,0.2149,0.067571,0.05985,0.22286,0.2178,0.026841,0.10265,0.14397,0.11747,0.08131,0.07582,0.1025,0.1151,0.096789,0.098513,0.14924,0.11541,0.21042,0.15206,0.1555,0.23255,0.22448,0.20736,0.088962,0.14548,0.24807,0.11677,0.084321,0.051424,0.15757,0.055147,0.21234,0.08116,0.084612,0.05644,0.21973,0.23015,0.26565,0.22763,0.13401,0.04678,0.11184,0.10081,0.0043075,-0.027126,0.0095462,0.10388,0.14514,0.036552,0.027047,0.016741,0.0074964,0.236,0.092636,0.23443,0.13597,0.02851,0.064383,0.10964,0.035782,0.27642,0.073977,0.27048,0.31263,0.28196,0.29493,0.25449,0.33614,0.34066,0.31087,0.13477,0.087915,0.22176,0.11169,0.065915,0.2082,0.18711,0.23437,0.21111,0.22541,0.27483,0.23401,0.116,0.30732,0.19221,0.061919,0.13574,0.22158,0.099843,0.093835,0.16014,0.022248,0.072265,0.048933,0.094956,0.18689,0.16519,0.16548,0.11965,0.26809,0.15726,0.13053,0.19069,0.04013,0.039023,0.16545,0.095118,0.18752,0.1402,0.21965,0.25831,0.23707,0.35001,0.13306,0.19579,0.075725,0.15058,0.076086,0.1015,0.16622,0.033463,0.096066,0.077979,0.07204,0.15145,0.068227,0.13111,0.10693,0.09051,0.032203,0.066049,0.10995,0.08693,0.15079,0.12838,0.10532,0.090237,0.08308,0.031166,0.15272,0.11806,0.13711,0.10161,0.01378,0.088904,0.04719,0.082648,0.067158,0.11364,0.085112,0.037141,0.074031,0.033187,0.065395,0.24224,0.13216,0.12244,0.042366,0.2436,0.24644,0.11652,0.30223,0.11982,1,0.24326,0.071996,0.13438,0.085844,0.048159,0.07534,-0.006966,0.010694,0.031149,0.091758,-0.01223,0.14428,0.12345,0.022148,0.087495,0.0047344,0.1114,0.055322,0.10245,0.13347,0.21881,0.021366,0.065848,0.10344,0.20142,0.18696,0.17455,0.12572,0.14337,0.075148,0.083743,0.11204,0.090285,0.30522,0.22609,0.081993,0.00050239,0.20036,0.18806,0.11246,0.10726,0.20717,0.10232,0.029824,0.11813,0.18517,0.12901,0.20372,0.11455,0.074195,0.047861,0.27034,0.16837,0.28793,0.099171,0.13549,0.072763,0.093066,0.20591,0.0033921,0.041521,0.032163,0.12288,0.15855,0.075719,0.078131,0.086288,0.077381,0.11884,0.16391,0.26114,0.15992,0.029518,0.10606,0.044769,0.13719
0.039061,0.043511,-0.039498,0.044995,0.010987,0.10771,0.0040713,0.033073,-0.031883,-0.029657,0.085481,0.036454,0.17665,0.1457,0.077988,0.11799,0.099759,0.10529,0.019803,0.25736,0.18696,0.19406,0.2412,0.18036,0.17952,0.1335,0.29514,0.29902,0.22807,0.12899,-0.012238,0.18589,0.1708,0.12058,0.029019,-0.012306,0.19302,0.080793,0.12251,0.13615,0.14659,0.14916,0.1838,0.22377,0.047013,0.185,0.10216,0.2187,0.030024,0.1365,0.063578,0.068241,0.08294,0.053918,0.25813,0.26086,0.23127,0.22006,0.1229,0.19322,0.41569,0.2176,0.23822,0.28259,0.22439,0.21574,0.034421,0.0848,0.11741,0.36554,0.33623,0.2945,0.29901,0.27891,0.26535,0.15138,0.034558,0.14374,0.17194,-0.058121,0.015399,0.081703,-0.014151,-0.046629,0.011743,-0.034187,0.058156,-0.015515,-0.056785,-0.075785,-0.036967,-0.060597,0.16921,0.00091136,-0.031258,0.024558,0.17574,0.13507,0.13358,0.06793,0.15333,0.026476,0.18004,0.071252,0.11689,-0.031352,-0.01313,-0.056995,0.007379,0.024309,0.075385,0.058369,0.016672,0.12421,0.29322,0.063347,-0.12675,0.20993,0.26273,0.19709,0.1237,0.22504,0.16817,0.25788,0.11129,0.23691,0.1213,0.1192,0.025959,0.024669,0.020259,0.18833,0.16837,0.1954,0.26677,0.28545,-0.058265,0.10193,0.073945,0.19103,0.058896,0.018483,0.20689,0.15499,0.041125,0.12731,0.10326,0.13726,0.067177,0.065249,0.046963,0.067344,0.07522,0.14544,0.15929,0.22401,0.13253,0.14336,0.20082,0.19186,0.23016,0.23712,0.12667,0.17185,0.16419,0.28878,0.25404,0.053538,0.077373,0.018076,0.17454,0.030996,0.021949,0.02204,0.1406,0.18863,0.13476,0.12004,0.10405,0.017223,0.061958,0.070773,0.011634,-0.041099,0.0014879,0.13848,0.13096,0.10651,0.011897,-0.019593,0.0042283,0.19407,0.064317,0.22937,0.12348,-0.025297,0.084004,0.14606,-0.053364,0.21684,0.22737,0.16358,0.24533,0.20898,0.23241,0.23425,0.26141,0.2978,0.25507,0.1942,-0.039296,0.10456,0.044557,0.076009,0.056487,0.07574,0.21141,0.10646,0.078687,0.21037,0.19882,0.21155,0.25454,0.12148,-0.083819,0.18843,0.16596,0.041394,0.033321,0.10248,0.038308,0.0036033,-0.014203,0.065447,0.11602,0.2692,0.15013,0.075635,0.27931,0.30519,0.378,0.25855,0.23701,0.18106,0.13043,0.27068,0.18523,0.081716,0.10809,0.2939,0.33625,0.26795,0.2527,0.36072,0.14367,0.16749,0.11232,0.18918,0.21741,-0.011969,0.025286,0.0090149,-0.048963,0.055597,0.049717,0.00037643,0.060034,-0.0090261,-0.11023,-0.042258,-0.045918,-0.019682,0.085817,0.020902,0.077755,-0.043059,0.23979,-0.016759,0.16395,0.083611,0.20405,0.059393,0.22262,0.0057749,0.078374,-0.052301,0.078783,0.035079,0.0040799,0.042451,0.070938,0.056878,-0.025307,0.21052,0.28219,0.049747,-0.076607,0.35286,0.3016,0.20941,0.31635,0.070465,0.24326,1,0.093927,0.1197,0.18718,0.12637,0.079408,0.030916,0.0031602,0.13019,0.22001,0.11884,0.29405,0.25516,-0.033515,0.084587,-0.0078915,0.11365,0.029963,0.06978,0.094319,0.20991,0.032762,0.027711,0.098154,0.098545,0.054585,0.11586,-0.022894,0.052076,0.0024997,0.021945,0.092861,0.18735,0.19575,0.13798,0.28393,0.1659,0.22849,0.17075,0.08944,0.056349,0.17875,0.30677,0.2701,0.0040529,0.088164,0.049916,0.082534,0.13513,0.077058,0.040709,0.20986,0.18428,0.18293,0.044434,0.013067,0.0017137,0.078427,0.25125,-0.017061,0.042106,-0.038714,0.19375,0.1063,0.10197,0.033161,-0.018679,0.024917,0.041478,0.06484,0.22299,0.072856,-0.0039434,0.075351,0.026241,0.16054
-0.046709,0.02706,0.079632,0.072314,-0.019292,-0.047048,0.064775,0.0315,0.014851,0.030034,0.054242,0.031151,0.057351,0.10795,0.095074,-0.020648,0.060481,-0.03076,0.048768,-0.0092868,0.03765,0.067814,0.0091675,-0.0082684,0.017493,-0.0026384,0.16626,0.10038,0.10709,0.082365,0.07315,0.043873,-0.089474,-0.1186,0.027071,0.062248,-0.0013561,0.019824,0.01796,0.043578,-0.029169,0.019708,0.07863,0.11018,0.031027,-0.019113,0.038017,0.0019142,-0.15834,-0.098912,-0.0066375,-0.12737,-0.027375,-0.15974,0.082444,0.030357,0.10181,0.013449,0.12614,0.085077,0.0096217,0.073826,0.16171,0.052985,-0.01421,0.077244,0.07147,0.041251,0.041606,0.14359,0.085762,0.16134,0.055452,0.062786,0.11125,0.092097,0.066712,0.11752,0.043365,-0.0072628,0.021491,-0.029589,0.0040497,0.036982,0.026885,-0.1318,-0.12534,-0.060134,-0.017653,-0.046921,-0.062122,0.015913,0.060331,-0.039375,-0.056939,-0.10239,0.11518,0.019538,0.061265,0.03884,0.035579,0.0184,0.094656,0.04971,0.08887,-0.034467,-0.050165,-0.0618,-0.079139,0.0087914,-0.075285,-0.059098,-0.027634,0.054199,0.09109,-0.10538,-0.033591,0.09543,0.17676,0.062125,0.031263,0.03927,0.094294,0.14112,0.060523,0.18117,0.06176,0.03929,0.14412,0.1173,0.060584,0.070222,0.018197,0.04129,0.093273,0.074546,0.077293,-0.026258,-0.042654,0.014632,-0.026373,0.059239,0.061993,0.026526,0.039147,-0.027259,0.010151,0.0045026,-0.10589,-0.056643,-0.12936,-0.10016,-0.10069,-0.041003,-0.058838,0.014141,0.039909,-0.077213,-0.05765,-0.041077,-0.060111,0.014642,0.013919,-0.036743,0.016469,0.16607,0.16532,-0.027194,-0.16415,-0.15449,-0.063538,0.0027012,0.025522,0.0051193,0.024395,0.0058491,-0.0005136,0.033417,-0.003998,-0.10363,-0.030958,0.058941,0.057875,0.017762,0.046455,0.08465,0.08297,0.048236,-0.005,0.012015,0.039379,0.13139,0.076384,0.09761,-0.083034,-0.011705,0.034915,0.035496,0.14991,0.033469,0.059388,0.041382,0.025332,0.044853,-0.026554,-0.0087851,0.1489,0.13347,0.12534,0.12624,-0.019266,0.077049,0.032655,-0.10205,0.014815,0.052996,-0.0065203,0.022098,-0.01035,0.029401,0.031985,0.0053963,0.030569,-0.023712,-0.011484,-0.046472,-0.064782,-0.0036343,-0.09253,-0.086807,0.015339,-0.054344,-0.026397,-0.1239,0.10314,0.05033,0.11612,0.041909,0.048125,0.076295,0.050842,0.22237,0.12439,-0.0026563,0.036434,0.07248,0.038467,0.083661,-0.029548,0.1659,0.11665,0.14499,0.10829,0.097442,0.15622,0.051326,0.072279,0.16982,0.1031,0.033958,0.006321,0.053197,-0.010793,-0.085545,-0.03161,-0.064743,-0.090629,-0.060869,-0.024581,-0.023009,-0.04335,-0.095586,-0.0034897,-0.07485,-0.042392,-0.084334,0.21334,-0.047108,0.077382,-0.048703,0.10259,-0.042855,0.12731,0.0041785,0.035783,-0.046056,-0.08259,-0.079757,-0.063489,-0.0035431,0.020488,-0.048391,-0.057533,0.059096,0.091749,-0.017399,0.019455,0.21679,0.19913,0.10109,0.036804,0.0092419,0.071996,0.093927,1,0.014812,0.072205,0.20804,0.1145,0.013935,-0.0025981,0.066528,0.12196,0.01975,0.14967,0.11549,0.08723,-0.043839,0.038886,0.0025563,0.016382,-0.016139,0.051942,0.020792,0.02405,0.0032414,-0.012173,0.023043,-0.10967,-0.085463,-0.067387,-0.00070621,-0.032348,0.092497,0.021566,0.13865,0.073946,0.029883,0.15439,0.11081,-0.0044532,0.0030843,-0.023862,-0.085085,0.045379,0.19254,0.19127,-0.081498,-0.15515,-0.12016,0.028934,0.0077247,-0.012347,-0.018093,0.0047358,0.072771,-0.017746,0.047622,0.070677,-0.1069,-0.059638,0.010827,-0.014336,-0.0025411,0.033757,0.20238,0.16273,0.02509,0.00679,-0.012248,0.0036179,0.09571,0.10647,0.10837,-0.036342,-0.08571,0.052837,0.074674,0.025435
0.15851,0.069402,0.18563,0.085993,0.16141,0.16877,0.13569,0.1498,-0.026902,-0.013357,0.086699,0.13789,0.35735,0.12888,0.24228,0.12875,0.12803,0.072255,0.066355,0.30955,0.39876,0.30981,0.37351,0.24284,0.34881,0.29535,0.36057,0.46259,0.19771,0.094446,0.13206,0.33794,-0.025008,-0.084771,0.30062,0.13523,0.24887,0.28987,0.26649,0.35556,0.29339,0.32147,0.21479,0.17446,0.19052,0.15237,0.29306,0.16299,-0.13849,0.11356,0.049253,0.018124,-0.042947,-0.084648,0.43356,0.30825,0.17931,0.27063,0.32561,0.26021,0.19116,0.25685,0.035689,0.14944,0.18358,0.13615,0.11085,0.26248,0.19443,0.40593,0.30545,0.42741,0.29101,0.33824,0.19121,0.12697,0.017796,-0.066889,0.14457,-0.020209,0.029858,0.086177,0.15233,0.099759,0.27344,-0.10411,-0.096483,0.12312,-0.10069,-0.11334,-0.054895,0.011139,0.24289,0.079353,0.028959,-0.0064382,0.18248,0.15425,0.20245,0.046016,0.053501,-0.033304,0.0071668,0.042436,0.016898,-0.12361,0.0065398,-0.14188,-0.24119,0.13653,0.21416,-0.11213,0.071611,-0.012412,0.21258,-0.089504,-0.1231,0.2356,0.25319,0.32014,0.21473,0.066314,0.32029,0.31159,0.24663,0.38681,0.083094,-0.011824,0.020594,0.0059365,-0.059009,-0.019872,-0.06896,0.2507,0.1828,0.10322,-0.075802,0.022382,0.087857,0.16926,-0.081032,0.0095508,0.40505,0.44117,0.18512,0.17406,-0.012726,0.22543,-0.06202,0.059987,0.047482,-0.039684,-0.015789,0.26177,0.29803,0.10969,0.18371,0.1828,0.020083,0.22308,0.27367,0.26149,0.013715,-0.069138,0.20568,0.13574,0.072873,-0.087515,0.057132,-0.12382,0.19981,0.20612,0.18672,0.046101,0.34078,0.10938,0.26798,0.34738,0.19279,-0.066552,-0.090563,0.036194,0.029845,0.21001,-0.039916,0.13136,0.24606,0.21838,-0.052541,-0.043984,0.039177,0.19977,0.34309,0.48259,-0.10354,-0.029299,0.15719,0.067067,0.011832,0.32911,0.034378,0.2437,0.40261,0.38789,0.38006,0.36734,0.41603,0.48183,0.21912,0.22458,0.29806,0.29094,-0.067292,-0.10606,0.14716,0.16188,0.39833,0.3134,0.24768,0.31744,0.13296,0.10529,0.33659,0.20715,0.21389,0.043397,0.35847,-0.079396,-0.086249,0.047935,0.038572,-0.072638,-0.0050159,0.16927,0.27641,0.11698,0.21033,0.26036,0.2269,0.27095,0.08659,0.1244,0.095153,0.038201,0.088719,0.12372,0.12842,0.16541,0.11642,0.37297,0.25446,0.4603,0.29321,0.22256,0.28116,0.034762,0.057876,0.261,0.22669,0.18316,0.19924,-0.001471,0.096069,0.15765,0.19954,0.11752,0.15958,0.11929,0.07382,0.13026,0.016311,0.040534,0.20368,0.30178,0.24386,0.076295,0.23508,0.12831,0.15251,0.11368,0.2032,0.13754,0.022197,0.060907,0.20386,0.010059,0.11711,0.0027645,0.13808,0.13746,0.12025,-0.12273,0.062981,0.19258,0.090898,0.28007,0.013953,0.25265,0.39793,0.26082,0.17696,0.14422,0.13438,0.1197,0.014812,1,0.2044,0.20981,0.058768,0.28208,0.073045,0.043978,0.18836,0.13965,0.11586,0.22892,0.1039,0.24522,0.17883,0.22946,0.10199,0.18753,0.32676,0.39503,0.26964,0.10484,0.38049,0.41517,0.19018,0.29417,0.066468,0.052955,0.13147,0.11659,0.005371,0.076551,0.14304,0.38851,0.24141,0.032791,0.2516,0.2564,0.011069,-0.028653,0.17046,0.16305,0.022531,0.027992,0.16773,0.085773,0.16819,0.21873,0.27634,0.1864,0.34892,0.17783,0.22876,0.15362,0.049822,0.11147,0.11212,0.20088,0.14701,0.21088,0.15425,0.14139,0.17387,0.1062,0.059703,0.11229,0.14963,0.32864,0.28087,0.53645,0.30047,-0.055143,0.39086,0.13724,0.16019
0.057885,-0.0090479,-0.03228,-0.00057394,0.11172,0.1436,0.1737,0.202,0.033482,-0.015481,0.19059,0.16893,0.29923,0.12084,0.16455,0.10036,0.12566,0.35572,0.13271,0.33714,0.1599,0.22328,0.30233,0.22598,0.26297,0.20294,0.11317,0.28755,0.31027,0.064298,0.2205,0.24204,0.14104,0.22434,0.11307,0.048914,0.13323,0.15395,0.13562,0.17983,0.26395,0.15828,0.26387,0.35205,0.35248,0.15691,0.21464,0.30845,-0.14551,0.026577,0.14181,-0.064958,0.043627,0.0098792,0.23248,0.33835,0.39912,0.15771,0.15732,0.16305,0.34122,0.34416,0.43099,0.33697,0.38992,0.1836,0.022611,0.22005,0.16839,0.21784,0.24134,0.244,0.22667,0.26537,0.20155,0.21617,0.11708,0.14235,0.35047,0.019257,0.17237,0.18187,0.15101,0.0022273,0.063547,-0.014721,-0.079855,-0.040145,-0.12546,-0.054834,-0.056287,0.11649,0.38141,0.074255,-0.0059473,0.036236,0.3727,0.1835,0.16058,0.074033,0.17522,0.098433,0.48144,0.22989,0.46585,-0.06555,-0.016462,0.02592,-0.059354,0.33854,0.1414,0.058192,0.042548,0.12302,0.35621,0.062741,0.030924,0.20154,0.1377,0.16859,0.14508,0.13075,0.16871,0.23268,0.21633,0.29084,0.31877,0.23327,-0.02829,0.25492,-0.0026156,0.15282,0.10699,0.18764,0.22811,0.24549,-0.12479,0.11784,0.017353,0.15138,-0.0062821,-0.10247,0.17642,0.10958,0.14422,0.1428,-0.050868,0.18026,0.07711,-0.036401,-0.085952,0.049368,0.038274,0.21274,0.21437,0.22966,0.089813,0.19707,0.01372,0.10914,0.32504,0.24145,0.29964,0.12804,0.13034,0.26638,0.37622,0.24078,-0.093948,-0.080064,0.21822,0.14647,0.088103,-0.01665,0.07412,0.019358,0.14929,0.18862,0.15323,0.078517,0.058764,0.1214,-0.0098623,0.072436,0.022065,0.12062,0.12198,0.36602,0.24743,0.057317,0.081679,0.18221,0.17601,0.20505,-0.15723,0.091262,0.12637,0.26508,0.10603,0.27339,0.12516,0.14092,0.27885,0.27973,0.27902,0.26291,0.13914,0.28747,0.2028,0.38598,0.10342,0.19506,0.051218,0.10133,0.064015,0.10102,0.27513,0.19983,0.13296,0.16343,0.12227,0.13289,0.27768,0.091677,0.034691,0.097318,0.20365,0.021109,-0.10798,-0.042856,0.15975,-0.17898,-0.10035,0.061265,0.063734,0.27292,0.32706,0.06671,0.12394,0.26048,0.31076,0.3451,0.36835,0.1983,0.11215,0.25777,0.12134,0.13855,0.13919,0.18534,0.27782,0.28997,0.28944,0.21606,0.23137,0.23963,0.20705,0.38668,0.42108,0.084664,0.27134,0.17768,0.015613,-0.0054713,0.073196,-0.023056,0.12442,-0.10197,-0.095584,-0.028475,-0.17068,0.14133,0.10255,0.034276,0.078063,0.0075995,0.48929,0.027464,0.091935,0.023818,0.23727,0.28766,0.46125,0.27823,0.56614,-0.090061,0.013316,0.069174,-2.5991e-05,0.31573,0.094262,-0.059206,-0.033875,0.25991,0.23287,0.16994,0.048779,0.26773,0.25905,0.16857,0.18285,0.11481,0.085844,0.18718,0.072205,0.2044,1,0.40524,0.054354,0.37383,0.083982,0.19038,0.30515,0.15149,0.26716,0.37578,-0.047898,0.14511,0.051299,0.17036,0.0067056,0.022204,0.11167,0.04882,0.083372,-0.019115,0.10394,0.15928,0.053735,0.019991,-0.16656,0.048791,0.054819,0.041876,-0.0082334,0.17673,0.13399,0.1086,0.18937,0.13478,0.18019,0.18593,0.26516,0.075261,0.13776,0.42768,0.35095,0.14342,-0.048448,-0.074138,0.13427,0.14035,0.17047,0.094522,0.14938,0.07845,0.15086,0.050064,-0.073557,-0.017325,0.084062,0.27119,0.074233,0.10433,0.061413,0.22203,0.078512,0.35681,0.15292,0.033452,0.080024,0.1337,0.14225,0.20628,0.062674,-0.02789,0.16511,0.35947,0.33953
0.06025,-0.03737,0.046076,0.040435,0.13508,0.093468,0.16457,0.16198,0.049439,0.022955,0.18207,0.15598,0.23914,0.092834,0.10589,0.059566,0.12754,0.19971,0.028526,0.21526,0.13385,0.16687,0.19662,0.10684,0.13361,0.1326,0.1261,0.24359,0.21117,0.033115,0.12852,0.18139,-0.020002,0.049127,0.082428,0.0078007,0.0022617,0.080334,0.01598,0.10474,0.12998,0.092922,0.23404,0.28058,0.2546,0.04988,0.20971,0.14108,-0.24766,-0.084268,0.068287,-0.14477,-0.053152,-0.11498,0.21065,0.31227,0.37578,0.083679,0.17714,0.16245,0.21655,0.27345,0.33851,0.24691,0.23269,0.095002,-0.013726,0.18362,0.050779,0.16054,0.15886,0.22183,0.13675,0.25903,0.051603,0.19488,0.066869,0.087705,0.24101,0.023717,0.11901,0.11272,0.15649,0.0019201,0.16044,-0.16701,-0.2083,-0.022194,-0.15664,-0.13889,-0.12373,0.068856,0.32419,0.006402,0.030053,-0.020058,0.26486,0.12242,0.11397,0.015353,0.11218,0.0083644,0.34508,0.16997,0.39897,-0.071041,-0.04274,-0.1213,-0.14261,0.33472,0.11371,-0.03066,0.045178,0.012339,0.25877,-0.13539,-0.11735,0.21649,0.082203,0.14398,0.14019,0.07499,0.17472,0.22981,0.20716,0.28607,0.25737,0.17924,-0.02321,0.22723,-0.026378,0.12715,0.042028,0.11348,0.084138,0.068359,-0.086691,0.01198,0.0090474,0.12541,-0.06312,-0.094201,0.16849,0.082691,0.14462,0.099865,-0.15433,0.04881,-0.052899,-0.074508,-0.1633,-0.097603,-0.086667,0.10612,0.083992,0.11483,-0.036123,0.031965,-0.11971,0.0079425,0.19514,0.15403,0.15503,-0.082606,0.023419,0.17011,0.33211,0.12353,-0.21519,-0.22319,0.11387,0.12653,0.070817,-0.021994,-0.00061143,-0.075038,0.063943,0.14015,0.064169,-0.067149,-0.058933,0.033893,0.062587,0.11463,0.075576,0.098795,0.10369,0.34593,0.12808,0.035598,0.044876,0.19178,0.25981,0.21512,-0.28015,0.036682,0.18201,0.16588,0.11898,0.19404,0.033593,0.080593,0.18468,0.20616,0.14162,0.16536,0.11252,0.21637,0.12065,0.22188,0.0075831,0.16985,-0.0041417,-0.044107,0.014638,0.065015,0.13595,0.12029,0.041789,0.060093,-0.054376,0.058562,0.23197,-0.046206,-0.056873,-0.036592,0.066667,-0.036689,-0.1858,-0.11657,0.11531,-0.18208,-0.092788,0.0010971,0.088635,0.18675,0.26436,0.077123,0.036686,0.24777,0.16465,0.20026,0.26103,0.12971,0.078045,0.1329,0.025804,0.10729,-0.032406,0.10626,0.12163,0.23422,0.20809,0.12329,0.15694,0.11748,0.18973,0.39433,0.31016,0.10991,0.20879,0.066481,0.033834,-0.046936,0.11242,-0.094961,0.036171,-0.1129,-0.10906,-0.015355,-0.14483,-0.018423,-0.0078038,-0.048306,0.049942,-0.051165,0.36655,0.0055984,0.061164,-0.076227,0.18936,0.10397,0.37876,0.089193,0.3789,-0.14699,-0.052965,-0.068765,-0.04949,0.28081,0.13938,-0.077293,0.00054238,0.13504,0.11146,0.13142,-0.02513,0.23796,0.23608,0.13588,0.070004,0.052019,0.048159,0.12637,0.20804,0.20981,0.40524,1,0.079714,0.32568,0.13697,0.10709,0.31196,0.07873,0.14441,0.2366,0.0075735,0.14611,0.10482,0.13745,0.033663,-0.011831,0.16264,0.0045038,0.12521,0.0086736,0.084747,0.06599,-0.048894,-0.0417,-0.19462,-0.0053484,0.0063893,0.033753,-0.020457,0.14574,0.018309,0.058751,0.16801,0.13556,0.12113,0.13749,0.095549,-0.086594,0.075573,0.32702,0.30716,-0.014066,-0.17985,-0.13981,0.13163,0.0545,0.13536,0.10161,0.065198,0.026331,0.040714,0.030378,-0.061351,-0.10657,0.06107,0.14311,0.079056,0.095111,0.11819,0.15013,0.044244,0.20047,0.086568,-0.024818,0.0055702,0.18413,0.21011,0.19681,0.0085105,-0.10248,0.16625,0.26658,0.29855
0.07175,0.010006,0.015788,0.039957,0.014734,0.068644,0.017304,0.021564,-0.0063142,-0.017245,0.060918,0.027232,0.067541,0.06623,0.061365,0.037559,0.015838,-0.018566,-0.022068,0.079413,0.039609,0.080134,0.084545,0.056054,0.080491,0.048076,0.05822,0.082384,0.099593,0.074117,-0.02209,0.099407,0.021156,0.010528,0.068036,0.049666,0.074864,0.041471,0.054638,0.029617,0.026266,0.027169,0.085224,0.045859,0.036785,0.044677,0.00077722,0.035229,-0.031711,-0.0085107,0.0033626,0.0062646,-0.015103,-0.029418,0.09793,0.071544,0.070438,0.063306,0.064821,0.056088,0.064971,0.083367,0.069233,0.061416,0.065315,0.040982,0.028039,0.035598,0.063142,0.080572,0.06527,0.082962,0.061378,0.06335,0.048692,0.040727,0.038667,0.033891,0.043416,0.050396,0.036629,0.024148,0.038945,0.00081509,-0.019518,-0.067853,-0.055585,-0.008443,-0.055395,-0.04254,0.041798,-0.046252,0.038312,-0.030922,-0.027262,-0.035367,0.062913,0.064645,0.034909,0.027865,0.056118,0.0061505,0.034105,-0.0047191,0.04078,-0.01387,0.041835,-0.049097,-0.014702,-0.0090989,0.05223,0.063783,0.11008,0.030774,0.081303,-0.017027,-0.085497,0.043349,0.03904,0.030229,0.043087,0.075928,0.072629,0.0075855,0.05088,0.079871,0.0356,0.04951,-0.0036958,0.01603,0.024693,0.022355,0.036492,0.026396,0.068136,0.061173,-0.0036084,0.058901,0.020303,0.06154,0.013017,-0.021802,0.071876,0.028781,0.040395,0.0020932,0.014841,0.00066318,0.0051759,0.028592,0.038355,0.0075119,0.014942,0.041821,0.012842,0.056503,0.021504,0.022948,0.014419,0.07176,0.070923,0.058474,0.061925,0.030098,0.067881,0.060511,0.077308,0.010371,0.001947,-0.024488,0.10059,0.021334,0.058013,-0.0085609,0.027265,0.043777,0.079278,0.069025,0.029355,-0.002797,-0.0049631,0.046586,0.036288,0.014329,0.072193,0.034646,0.038089,0.056998,-0.011492,-0.006718,-0.048382,0.068346,0.017898,0.06897,0.041027,-0.030178,0.04962,0.072056,0.028344,0.078914,0.019848,0.080576,0.094783,0.091225,0.071661,0.076986,0.068516,0.092909,0.071476,0.019145,-0.05461,0.084601,0.02546,0.0049568,0.052792,0.047587,0.075249,0.046005,0.087927,0.056471,0.033914,0.045426,0.088168,-0.016023,-0.073951,0.051071,0.015965,0.06455,0.032625,0.039472,-0.03258,0.008335,-0.046483,0.036782,0.061611,0.063896,0.071205,0.040289,0.023768,0.07477,0.055625,0.057462,0.0029761,0.02041,0.047923,0.030783,0.085892,0.026356,0.070085,0.031395,0.035678,0.087577,0.064341,0.062177,0.036022,0.04532,0.039841,0.090307,0.038933,0.052921,0.028401,-0.01818,-0.0027881,0.047633,0.064879,-0.0073238,0.0021557,0.0063917,-0.046952,-0.034921,0.014974,-0.037399,0.015321,-0.027218,0.057937,-0.035385,0.08315,-0.014222,0.095222,-0.011459,0.10378,-0.0046991,0.050595,0.0048419,0.007079,-0.043002,0.025726,0.033528,0.00052533,-0.033877,0.053834,0.003714,0.06621,0.088945,0.053957,0.046167,-0.079069,0.062001,0.088142,0.054595,0.035665,0.010212,0.07534,0.079408,0.1145,0.058768,0.054354,0.079714,1,0.047038,0.14624,0.027343,0.043386,0.041639,0.054781,0.061882,-0.021143,0.050695,-0.0074337,0.073955,0.049662,0.040941,0.057374,0.050577,0.015672,0.033107,0.018662,0.024078,0.016019,0.071773,0.014958,-0.011858,0.016706,-0.0018274,0.048988,0.075878,0.099941,0.0061934,0.019155,0.024181,0.087508,0.066572,0.032854,0.0053294,0.062539,0.061381,0.055422,-0.036263,-0.0090336,0.009483,0.048922,0.033009,0.038553,0.050419,0.037908,0.028953,0.082852,0.028492,0.025485,0.01727,0.023569,0.060302,0.045417,0.0018301,0.060719,0.085769,-0.0046283,0.057217,0.0064461,-0.044496,0.034252,0.012043,0.024432,0.081441,0.047421,0.016007,0.066702,0.051189,0.11691
0.087675,-0.043388,0.055894,0.025528,0.19813,0.12006,0.19992,0.24314,-0.018549,-0.02132,0.14848,0.14657,0.2945,0.069205,0.16607,0.086539,0.15616,0.25791,0.11251,0.24291,0.1916,0.18287,0.2108,0.11437,0.15196,0.14982,0.032255,0.24337,0.093867,0.0073515,0.10838,0.18109,0.049587,0.10034,0.10718,-0.032384,0.045619,0.095017,0.058775,0.15593,0.1791,0.15934,0.21975,0.24106,0.28134,0.078282,0.28109,0.1606,-0.16002,0.068902,0.12725,-0.061506,-0.017739,0.0018928,0.20864,0.32725,0.23293,0.11345,0.13853,0.18107,0.21843,0.25187,0.17453,0.18891,0.25249,0.062985,-0.064036,0.13716,0.024194,0.10707,0.15296,0.17013,0.15409,0.22551,0.028904,0.1499,0.072384,-0.019114,0.20365,0.043401,0.23719,0.28894,0.21364,0.0056682,0.27255,-0.013024,-0.12239,0.10878,-0.082235,-0.049045,-0.016766,0.20106,0.30648,0.08214,0.18816,0.15331,0.21734,0.15216,0.10536,0.10644,0.06201,0.055345,0.17891,0.21606,0.25804,-0.01572,0.034745,-0.016194,-0.073366,0.33087,0.18146,-0.0089028,0.14198,-0.049535,0.19968,-0.051832,-0.0074926,0.15064,0.026436,0.16412,0.13306,0.056818,0.1741,0.2051,0.22517,0.25182,0.18651,0.090423,-0.05459,0.2671,-0.046316,0.033878,-0.0082977,0.14805,0.072491,0.0089733,-0.12463,0.012485,0.034751,0.12328,-0.10783,-0.12555,0.19281,0.15879,0.15837,0.12118,-0.10981,0.12758,0.083833,0.021599,-0.015852,0.020166,0.021891,0.23108,0.23956,0.14732,-0.019873,0.12682,-0.067335,0.033298,0.27005,0.17621,0.14355,-0.043588,0.033434,0.066915,0.20096,0.16882,-0.012388,-0.089084,0.15275,0.10819,0.077661,0.0023019,0.082009,-0.041004,0.083768,0.17998,0.10386,-0.0044247,-0.051856,0.027868,0.023511,0.16109,0.013133,0.11711,0.07353,0.39316,0.1535,0.079732,0.059228,0.14327,0.27383,0.21453,-0.22122,0.084438,0.13884,0.15335,0.082924,0.20143,0.049525,0.083295,0.19427,0.18589,0.16435,0.18519,0.06252,0.19469,0.081866,0.22398,0.0883,0.15944,0.018033,0.070323,0.011797,0.045497,0.21886,0.14494,0.096324,0.082747,-0.022482,0.048993,0.27967,0.0040548,0.015961,0.022396,0.14806,-0.0084998,-0.064923,-0.017068,0.13068,-0.17494,-0.017852,0.12391,0.05626,0.15659,0.21382,0.081479,0.024226,0.19502,0.14344,0.074116,0.18205,0.11282,0.025373,0.14258,0.016891,0.056156,0.046529,0.077606,0.13119,0.21774,0.21377,0.12719,0.1636,0.097773,0.11856,0.32499,0.25952,0.1864,0.33219,0.18818,0.09121,0.064352,0.17801,0.065903,0.16346,-0.018721,-0.0029125,0.074545,-0.038205,0.19816,0.027042,0.065731,0.11554,0.12375,0.28657,0.16623,0.11012,0.10114,0.19701,0.24951,0.24406,0.22154,0.39137,-0.03491,0.069906,0.14181,0.097054,0.31176,0.18775,-0.068448,0.089337,0.20594,0.087483,0.26126,0.088612,0.088988,0.19603,0.15721,0.049691,0.11642,-0.006966,0.030916,0.013935,0.28208,0.37383,0.32568,0.047038,1,0.17665,0.098509,0.19653,0.13803,0.094516,0.21683,0.01877,0.20415,0.10811,0.17006,0.026718,-0.0081658,0.1637,0.0088424,0.18901,0.036337,0.13236,0.11641,0.090435,0.066441,-0.11877,0.074492,0.12419,0.052149,-0.018523,0.099038,0.019499,0.080397,0.15057,0.091272,0.16847,0.18697,0.17024,0.074604,0.069852,0.21668,0.17032,0.16548,0.017922,0.01203,0.10047,0.1078,0.17997,0.17709,0.10899,0.012912,0.052776,0.067702,-0.091851,0.061035,0.15201,0.13898,0.14502,0.21366,0.13793,0.12347,0.015641,0.35632,0.1745,0.13699,0.090091,0.18335,0.19902,0.16671,0.11182,-0.034966,0.21448,0.30437,0.26535
0.07425,0.0014858,0.021758,0.043172,0.064958,0.11987,0.016291,0.060538,0.0067812,-0.020828,0.04253,0.047853,0.081484,-0.0013089,-0.0041218,0.067465,0.074073,0.1022,0.0039397,0.10644,0.063311,0.038891,0.061055,0.025733,0.044432,0.022428,-0.03612,0.055373,-0.017101,-0.048176,-0.081372,0.049364,0.10397,0.12349,-0.010727,-0.064293,-0.00024064,-0.020295,-0.020616,-0.001295,0.062707,0.049422,0.13277,0.013056,0.1319,0.049315,0.023414,0.025027,0.096028,0.090241,0.071742,0.10578,0.073497,0.15499,0.051921,0.096236,0.089866,0.041488,-0.015387,0.0092729,0.07533,0.033241,0.033629,0.048747,0.085185,-0.02464,-0.071598,0.03492,-0.051605,-0.011922,-0.00072974,0.036965,0.032267,0.041763,-0.042079,0.025084,0.034736,0.022404,0.10197,0.081182,0.10551,0.082661,0.15141,0.031214,0.063904,0.066662,0.080289,0.13338,-0.011525,0.06933,0.12435,0.015317,0.054656,0.019796,0.073297,0.049513,-0.05656,-0.02585,-0.0928,-0.034089,-0.076058,-0.022137,0.048477,0.0014678,0.12577,0.065954,0.1334,0.040935,0.082611,0.12787,0.081559,0.11596,0.17129,-0.12076,-0.008858,0.012252,0.053698,0.013152,0.0015301,0.0022704,0.098095,0.047842,0.029885,-0.016976,0.059743,0.06489,-0.0092157,0.038309,-0.073355,0.039693,0.04163,0.036129,0.028284,0.042315,-0.026141,-0.080823,0.0048431,0.073576,0.053138,0.052732,-0.023774,-0.075701,0.048825,0.0081956,-0.0021681,0.092855,-0.04224,0.017235,0.14497,0.1205,0.13854,0.044021,0.077494,0.079719,0.069363,-0.018007,-0.048961,0.069536,0.0059634,0.067974,0.10302,0.01564,0.059085,0.013316,-0.044814,-0.045463,-0.020862,0.11189,0.11262,0.072668,0.084141,0.036911,-0.0072645,-0.0304,0.016516,-0.0075498,-0.0070528,0.028378,0.020707,0.15357,-0.0071499,-0.022803,0.019665,0.048441,-0.003823,0.008523,0.030696,0.085387,0.090837,-0.028481,-0.024227,0.056926,0.031966,0.031283,0.056668,0.084681,0.05719,0.12714,0.010124,0.03776,-0.015123,0.0050912,0.056456,0.031157,0.048798,0.0698,-0.0132,0.04156,-0.045746,-0.024361,-0.037598,0.014653,0.058078,0.14439,-0.021044,-0.083169,0.084408,0.027146,0.023854,0.048317,-0.037535,-0.011048,0.10104,-0.0013662,-0.044463,0.065017,0.061847,0.067745,0.13117,0.11653,0.10692,0.079093,0.087787,0.20329,-0.021528,0.060032,0.046398,0.032416,-0.013771,0.074028,-0.014493,-0.004128,-0.03537,0.0059126,-0.085745,-0.007817,-0.032024,-0.074579,-0.023625,-0.066522,-0.016862,0.043477,0.044346,-0.022206,-0.051376,0.041673,0.045211,0.089744,0.065836,0.18368,0.21613,-0.016269,0.072759,0.14591,0.12608,0.081409,0.14835,0.12869,0.011465,0.06481,0.043623,0.089589,-0.035543,0.0076875,0.061445,0.024873,-0.004554,-0.027004,-0.033297,0.030829,0.0097923,0.061473,0.062178,0.071611,0.13162,0.036504,0.14985,0.089893,0.11775,0.12285,0.11514,0.0094728,0.27001,0.049665,-0.066284,0.05033,-0.059188,-0.001236,0.026555,-0.0035379,0.065483,0.061109,0.010694,0.0031602,-0.0025981,0.073045,0.083982,0.13697,0.14624,0.17665,1,0.035898,0.089958,0.04437,-0.045221,-0.047369,-0.0341,0.11888,0.066632,0.10799,0.0055633,0.026842,0.036744,-0.037434,0.062192,-0.0051136,0.043443,-0.006538,0.095774,0.057434,0.06551,0.020849,0.020484,-0.022274,-0.05431,-0.059223,-0.035451,-0.014344,-0.02753,-0.059565,0.065457,0.050899,0.034087,0.020165,-0.037134,0.039042,0.019529,0.086834,0.077134,0.12719,0.012364,0.025966,0.045751,0.083834,0.052515,-0.047583,0.033093,-0.0060623,-0.081114,0.13278,0.12431,0.069778,0.096081,0.062141,0.066604,0.068967,-0.018413,0.11798,0.12145,-0.024299,0.0063293,0.010226,-0.0034019,0.0020202,0.10849,0.042449,0.023704,0.14716,0.22842
0.05289,-0.051279,-0.031493,0.013571,0.014697,0.067752,0.011714,0.037535,0.056198,0.036704,0.063029,0.049379,0.076643,0.0067209,0.0099758,0.026275,0.043766,0.13185,-0.025468,0.10637,0.022187,0.052461,0.079888,0.068153,0.039352,0.044538,-0.010053,0.039182,0.081079,-0.037903,0.018819,0.074094,0.093945,0.12562,-0.018694,-0.034994,0.010571,0.024437,0.0034552,0.014439,0.067634,0.030112,0.072127,0.084156,0.10411,0.038919,0.018876,0.088379,-0.0038313,0.030754,0.042384,-0.032649,0.050488,0.051574,0.075117,0.1542,0.12289,0.056119,0.001326,0.078075,0.16737,0.11943,0.15516,0.12515,0.12445,0.039372,-0.057816,0.030484,-0.023932,0.038028,0.059519,0.027869,0.064577,0.07342,0.01143,0.087506,0.010577,0.087738,0.16658,0.0083429,0.078217,0.074429,0.048445,-0.01951,-0.017974,-0.025846,-0.018445,-0.033806,-0.077939,-0.04514,-0.012602,-0.0027739,0.12909,0.014264,-0.057657,0.018451,0.072427,0.012561,-0.011145,-0.049147,-0.0037372,0.004398,0.15956,0.088238,0.18499,-0.066121,-0.0081311,0.031412,0.019223,0.11994,0.00020219,0.022067,-0.0012776,-0.0018607,0.074624,0.010074,-0.016791,0.086039,0.012726,0.004439,0.044972,0.01815,0.054851,0.10605,0.070042,0.058646,0.13348,0.11986,-0.020029,0.10158,0.031735,0.10295,0.068695,0.045118,0.031586,0.042335,-0.083528,0.041382,0.026265,0.047349,0.0063797,-0.079891,0.043008,0.031205,0.042947,0.024344,-0.026858,0.095781,0.019267,0.012549,0.011499,0.0029944,0.0065231,0.059973,0.064128,0.046281,-0.022352,0.051215,0.017804,0.0040424,0.09721,0.033751,0.10622,0.043589,-0.01711,0.10442,0.12075,0.09517,-0.012198,-0.0014324,0.079454,0.037785,0.025249,-0.014346,-0.034438,-0.026226,0.022692,0.027428,0.065491,0.030355,-0.004331,0.055374,0.018586,-0.023232,-0.0037326,0.082356,-0.012073,0.11165,0.063882,-0.019386,0.031198,0.035844,0.013224,0.043103,-0.016446,0.019417,0.058892,0.14574,0.016335,0.07995,0.029442,0.028706,0.069206,0.065917,0.090332,0.089931,-0.0051769,0.068277,0.0546,0.0511,-0.044743,0.056291,0.041686,0.096339,0.0062136,-0.01733,0.057761,0.063202,0.01991,0.026487,0.04004,0.04097,0.078615,-0.014004,-0.10144,0.095567,0.035744,0.00040654,0.0053218,0.00049548,0.019834,-0.037095,-0.056696,0.025829,-0.018342,0.16524,0.058083,-0.0028111,0.042344,0.10076,0.16418,0.096982,0.097625,0.055238,0.0034905,0.068018,-0.029244,0.035093,0.0018714,0.018355,0.10336,0.034799,0.054279,0.11006,0.01252,0.049399,0.019333,0.1381,0.11565,-0.027429,0.031846,-0.020638,-0.064251,-0.0050552,-0.0097364,-0.056069,-0.00075262,-0.068086,-0.10314,-0.073396,-0.065925,0.0077235,-0.0084431,-0.048239,-0.021383,-0.044948,0.12364,-0.062376,-0.020417,-0.02003,0.0085344,0.02861,0.17894,0.02245,0.15081,-0.093651,0.02864,0.0098158,-0.0098012,0.086687,0.037103,-0.017355,-0.022249,0.058005,0.056402,-0.016466,-0.086639,0.15877,0.062012,-0.022977,0.10343,0.03931,0.031149,0.13019,0.066528,0.043978,0.19038,0.10709,0.027343,0.098509,0.035898,1,0.15083,0.098545,0.059812,0.069115,-0.013382,0.047048,-0.023125,0.052077,0.040148,0.037913,0.029598,0.0085047,-0.021891,-0.042245,0.018016,0.017977,-0.036938,0.021114,-0.068191,-0.0019679,-0.0043432,0.024134,-0.0097223,0.00090946,-0.011324,0.0016394,0.072573,0.0003853,0.10407,0.039805,0.055018,0.020434,0.00099039,0.17199,0.11182,0.0061425,-0.039581,-0.039459,0.029149,0.048554,0.037698,0.00028145,0.042885,-0.024413,0.05015,-0.066591,-0.048183,-0.034604,0.05283,0.093345,0.020048,0.033279,0.0091355,0.092162,-0.010104,0.064844,0.030414,-0.023006,-0.0081904,0.0092439,0.016087,0.052638,0.015545,-0.026984,0.048384,0.063592,0.10492
0.04837,0.021314,-0.0017881,0.037899,0.082904,0.11349,0.039023,0.097932,-0.0031782,0.019256,0.11213,0.081861,0.17645,0.075197,0.070091,0.073075,0.10613,0.15023,0.028888,0.22151,0.14841,0.14815,0.19489,0.10239,0.14501,0.124,0.14564,0.24606,0.19807,0.046921,0.040873,0.17633,0.071682,0.08457,0.077461,-0.023258,0.067002,0.10039,0.055158,0.1062,0.14325,0.13746,0.17912,0.16312,0.18294,0.070125,0.13911,0.12347,-0.085054,0.037793,0.031556,-0.036068,-0.00655,0.012414,0.22194,0.24876,0.25483,0.14062,0.10758,0.1904,0.25601,0.24219,0.20798,0.16133,0.17804,0.095621,0.0014552,0.10765,0.05867,0.20198,0.18714,0.22404,0.20317,0.20029,0.14842,0.1281,0.065517,0.081301,0.20861,0.0069585,0.084809,0.10229,0.1019,0.021736,0.095433,-0.062622,-0.060547,0.019264,-0.090697,-0.083261,-0.02896,-0.015912,0.21921,-0.013243,0.020453,0.049247,0.16768,0.069799,0.047967,0.018834,0.056234,-0.026778,0.18507,0.09327,0.18991,-0.041809,0.027677,-0.047986,-0.025501,0.1666,0.077959,0.045214,0.038587,-0.036751,0.19602,-0.022209,-0.089391,0.18347,0.16438,0.15872,0.13155,0.10375,0.15367,0.20592,0.18378,0.23285,0.1301,0.13186,-0.036953,0.092194,-0.017743,0.16205,0.13606,0.1756,0.12277,0.098014,-0.078232,0.0051943,0.033048,0.11805,-0.0021686,-0.083703,0.22769,0.11479,0.074994,0.12098,-0.027511,0.084072,0.020707,0.031466,0.02634,0.025443,0.03979,0.16177,0.1502,0.10572,0.01049,0.12301,0.037368,0.068438,0.17583,0.14374,0.09873,0.008307,0.037648,0.18716,0.1913,0.087957,-0.023414,-0.057006,0.13669,0.080628,0.052889,-0.020006,0.064961,0.039957,0.09886,0.11704,0.12767,0.01113,-0.016274,0.057244,-0.0095926,0.048333,0.0026528,0.065219,0.13675,0.19791,0.056173,0.021441,0.05119,0.15592,0.13213,0.20614,-0.062042,0.021565,0.11249,0.13267,0.0037097,0.15099,0.070835,0.095384,0.18051,0.16438,0.16444,0.19339,0.13864,0.23987,0.13389,0.16876,-0.030899,0.11587,0.02006,0.020859,0.031536,0.0051029,0.16168,0.12625,0.051946,0.098364,0.019355,0.088032,0.22758,-0.014519,-0.1,0.046703,0.08992,0.0065439,-0.013481,0.013162,0.05668,-0.0685,-0.056608,0.081233,0.05399,0.16227,0.17372,0.034535,0.12021,0.21583,0.20165,0.19498,0.15551,0.060647,0.0035432,0.16171,0.029709,0.041801,0.026817,0.18887,0.21203,0.22775,0.22986,0.16812,0.13045,0.086975,0.10806,0.24645,0.22183,0.05458,0.15302,1.623e-05,-0.025281,0.060396,0.098872,-0.019563,0.10131,-0.042723,-0.081024,-0.029125,-0.035947,0.020171,-0.0067552,-0.032376,0.051212,0.0078425,0.25528,-0.012392,0.060605,0.012643,0.13362,0.10533,0.23612,0.06673,0.21734,-0.10785,0.080646,-0.0052585,0.027308,0.13588,0.11198,-0.0037325,0.0094326,0.11766,0.12025,0.12371,-0.043475,0.23443,0.2383,0.14799,0.20452,0.074098,0.091758,0.22001,0.12196,0.18836,0.30515,0.31196,0.043386,0.19653,0.089958,0.15083,1,0.18742,0.14045,0.1682,-0.0041737,0.16792,0.01406,0.12238,0.0075947,0.050361,0.13879,0.08377,0.098824,0.028174,0.07523,0.055135,0.047638,0.062782,-0.063606,0.037041,0.041748,0.0050526,-0.0032851,0.082304,0.048007,0.054746,0.14363,0.047554,0.12072,0.091389,0.088966,0.019375,0.040261,0.26751,0.15249,0.021072,-0.015795,0.01002,0.085981,0.092852,0.10769,0.11224,0.11956,0.040387,0.098714,-0.002035,-0.057855,-0.0069381,0.12112,0.16804,0.073835,0.13049,0.086364,0.15055,0.068094,0.16505,0.060916,0.0070565,-0.010087,0.12471,0.082999,0.18249,0.087517,-0.0065459,0.14309,0.13893,0.19735
0.073851,-0.013842,0.038202,-0.010446,0.084594,0.08984,-0.016518,0.056171,0.015897,-0.00098473,0.04562,0.042452,0.093016,-0.019842,0.049629,0.019858,-0.033017,0.074276,-0.0092035,0.098273,0.10478,0.031488,0.090223,0.031755,0.065439,0.082887,0.068763,0.13795,0.088711,0.0066826,0.011556,0.037459,0.025565,0.024462,-0.022646,-0.050675,0.067431,0.0058451,-0.0042066,0.045659,0.05509,0.074291,0.04941,0.063923,0.088619,0.030805,0.10319,0.090156,-0.024819,0.063352,-0.023621,0.027945,-0.03971,0.019138,0.093737,0.088426,0.087024,0.12067,0.069721,0.074075,0.14342,0.19989,0.069218,0.041641,0.095656,0.10013,0.0061853,0.027797,-0.0034262,0.17143,0.21287,0.13094,0.24155,0.11085,0.17107,0.10221,0.05056,0.0057,0.13312,-0.042042,0.019227,0.041838,0.074131,-9.8557e-05,0.047925,-0.01101,0.01696,0.00088896,-0.063607,-0.039903,-0.029764,-0.031164,0.12268,-0.00061911,-0.0082753,0.021898,0.10767,0.10178,0.084976,-0.032038,0.052461,-0.011035,0.079682,0.048238,0.058255,-0.047988,-0.010028,-0.007409,-0.053041,0.051486,0.091401,-0.0065976,0.042279,0.02138,0.1628,0.03448,-0.040839,0.063243,0.13042,0.16453,0.038744,0.025182,0.050698,0.18288,0.11202,0.093838,0.071888,0.070633,-0.040689,0.032096,-0.053891,0.075078,0.0057819,0.2031,0.2014,0.12077,-0.068604,-0.0019683,0.036369,0.042307,0.0020901,-0.045942,0.079455,0.12148,0.033922,0.095641,-0.0064,0.10433,0.038823,0.052423,0.048647,0.045452,0.040933,0.15781,0.14819,0.099149,0.013608,0.10179,0.090383,0.089042,0.085316,0.083129,0.044903,0.042428,0.031174,0.16835,0.087037,0.016434,0.047471,0.013345,0.022893,0.036299,0.063393,-0.031757,0.063793,0.029055,-0.0087433,0.040507,0.074579,-0.0021444,-0.01811,0.048132,-0.020349,0.038246,-0.050787,0.018897,0.084744,0.10866,0.027298,-0.0014824,0.018411,0.047821,0.056543,0.11678,0.0042125,0.0080776,0.0628,0.077789,-0.060301,0.057095,0.15009,-0.0011301,0.097054,0.067344,0.091409,0.1125,0.099954,0.18372,0.091305,0.17226,-0.0068558,0.001559,-0.041098,0.0029442,-0.074422,-0.0085512,0.12869,0.03516,0.034305,0.0339,0.016213,0.093593,0.10371,-0.021255,-0.043218,0.043167,0.085426,-0.013255,0.0049548,0.015628,-0.0039617,-0.031195,-0.06132,0.064337,0.046409,0.080704,0.072537,0.050405,0.12329,0.10552,0.14426,0.12052,0.12839,0.046049,0.011297,0.18648,0.053926,0.036705,0.021246,0.25005,0.27754,0.11875,0.28225,0.17122,0.24693,0.05114,0.017448,0.14145,0.084672,0.00050264,0.056086,-0.054468,-0.044904,0.03475,0.043945,-0.031234,0.11119,-0.056298,-0.072909,-0.051099,-0.039029,0.0246,-0.011032,0.0025465,0.046599,-0.041365,0.23819,-0.025789,0.077017,-0.013988,0.090127,0.11482,0.12655,0.0739,0.12307,-0.10163,0.060719,-0.010932,0.03134,0.08931,0.032092,-0.0016486,-0.0053137,0.057825,0.1665,0.079447,0.026812,0.14306,0.21867,0.20191,0.15065,0.070345,-0.01223,0.11884,0.01975,0.13965,0.15149,0.07873,0.041639,0.13803,0.04437,0.098545,0.18742,1,0.20852,0.19542,-0.022929,0.11099,0.01323,0.11208,0.050015,0.041088,0.090095,0.10519,0.050602,0.0574,0.10636,0.060399,0.0248,0.086539,-0.034737,-0.0080953,0.045664,-0.0093406,0.017627,0.069503,0.040265,0.056863,0.099191,0.056553,0.054785,0.059753,0.058113,-0.0051417,0.016018,0.17965,0.091044,-0.012252,-0.011808,0.0095329,-0.024714,0.070838,0.10362,0.10113,0.046168,0.046957,0.022395,-0.0077884,-0.041618,0.025065,0.08786,0.082455,0.055826,0.068379,0.032777,0.096212,0.10954,0.042906,0.055081,0.0024588,0.02809,0.054164,0.025633,0.13532,0.091876,0.032319,0.11551,0.040806,0.041643
-0.010545,0.046551,-0.0051774,0.016225,0.020605,0.088759,0.11965,0.11552,0.013626,0.0060328,0.080856,-0.0025243,0.2521,0.15058,0.14124,0.070222,0.052322,0.19727,0.13059,0.22045,0.19511,0.13269,0.2274,0.17473,0.21147,0.14437,0.25852,0.28981,0.21663,0.12492,0.051304,0.12725,0.069521,0.04882,-0.0068824,0.037881,0.22288,0.044836,0.10419,0.10383,0.16061,0.11506,0.15033,0.27213,0.10405,0.17581,0.15868,0.36066,-0.066814,0.054008,0.063381,0.028496,0.075056,-0.01764,0.23498,0.1445,0.25701,0.23125,0.19545,0.19222,0.43525,0.26775,0.34102,0.37996,0.3381,0.41404,0.19677,0.1604,0.21443,0.39414,0.42317,0.26232,0.39878,0.30285,0.39751,0.22017,0.092679,0.087003,0.12671,-0.029715,0.066988,0.091578,0.016607,0.0021853,-0.0077871,-0.0035466,0.015657,-0.037291,0.0075978,0.035037,-0.032833,0.045061,0.11522,-0.012994,-0.019828,0.018777,0.33921,0.16678,0.25598,0.12188,0.31641,0.18142,0.35714,0.17097,0.14508,-0.063014,-0.012027,0.021465,-0.02996,0.073908,0.068133,0.024056,0.027186,0.24467,0.48119,0.079601,-0.0066998,0.13173,0.25746,0.22919,0.11032,0.14726,0.1372,0.24022,0.11277,0.19484,0.18239,0.066171,0.041332,0.10328,0.028565,0.092019,0.021809,0.24935,0.52345,0.51527,-0.021373,0.057066,0.026275,0.16618,0.042299,-0.030303,0.16404,0.10048,0.029153,0.078001,0.018063,0.10445,0.023699,0.037958,0.015107,0.049914,0.067624,0.16105,0.17583,0.3988,0.16679,0.06584,0.21482,0.17586,0.14988,0.26688,0.19336,0.2106,0.14136,0.44109,0.39138,0.084441,0.0036698,-0.030687,-0.00064886,0.072749,0.066721,0.030848,0.18849,0.19025,0.056425,0.080553,0.082409,0.017829,0.12466,0.14443,0.0053116,0.03932,-0.001979,0.095477,0.12673,0.095007,0.096678,0.082521,0.045033,0.20376,0.12728,0.19255,-0.0004403,0.035792,0.058608,0.1515,0.031097,0.18709,0.50882,0.10701,0.21463,0.21771,0.19798,0.23104,0.28478,0.30899,0.28668,0.45117,0.030293,0.080556,0.067325,0.032495,-0.038237,0.2041,0.27128,0.10647,0.10786,0.18211,0.25067,0.36143,0.20337,0.043605,-0.034565,0.10344,0.13436,0.12708,-0.048315,0.0039489,0.060655,-0.06885,-0.067282,-0.012933,0.15684,0.22172,0.27933,0.13585,0.26988,0.24013,0.45502,0.37052,0.41496,0.25416,0.26522,0.55481,0.34903,0.19257,0.17109,0.41257,0.4861,0.27177,0.42851,0.39149,0.47399,0.2332,0.1379,0.2092,0.23807,0.024285,0.065115,0.099721,-0.046595,-0.0018057,-0.029121,-0.0031329,0.11046,-0.09577,-0.10238,-0.014287,-0.089082,0.054984,0.06437,-0.043377,0.014745,-0.037773,0.5947,-0.062431,0.25288,0.0044783,0.33623,0.22446,0.4041,0.20894,0.21852,-0.04813,-0.009824,0.018105,-0.02367,0.10228,0.035561,0.027801,-0.060718,0.27086,0.55231,0.086891,0.10868,0.31755,0.35719,0.29018,0.17947,0.027842,0.14428,0.29405,0.14967,0.11586,0.26716,0.14441,0.054781,0.094516,-0.045221,0.059812,0.14045,0.20852,1,0.66482,0.053587,0.043228,-0.0060851,0.084984,0.064502,0.036355,0.08911,0.13993,0.02135,0.078774,0.037777,0.13577,0.035777,0.052584,-0.066921,0.089305,0.046348,0.14779,0.19131,0.49006,0.3056,0.15963,0.42969,0.39797,0.12281,0.1471,0.24766,0.1059,0.25267,0.50504,0.49049,0.087901,-0.0039054,-0.016499,0.027309,0.11256,0.075153,0.028306,0.18219,0.26519,0.10672,0.10098,0.11584,-0.021384,0.061428,0.2783,-0.0013087,0.053986,0.0093248,0.16684,0.18402,0.096219,0.089226,0.027249,0.080049,0.10731,0.093134,0.1998,0.056106,0.031472,0.10211,0.1215,0.082996
0.048475,0.031138,0.011094,0.031906,0.07146,0.14805,0.13468,0.13628,-0.021008,-0.025763,0.13201,0.071719,0.35386,0.17916,0.18977,0.10821,0.063909,0.27044,0.15637,0.33343,0.28743,0.27298,0.33334,0.24901,0.32498,0.24427,0.24627,0.33857,0.39553,0.2653,0.10951,0.27609,0.080775,0.095142,0.16658,0.1376,0.26803,0.20622,0.21349,0.21109,0.25785,0.23296,0.1967,0.41044,0.12116,0.22536,0.22867,0.49643,-0.15467,0.075483,0.023351,-0.067964,0.010519,-0.10545,0.29884,0.27002,0.36943,0.23501,0.20657,0.20447,0.46068,0.37445,0.43297,0.52279,0.53235,0.41194,0.25109,0.32673,0.40794,0.38683,0.40349,0.29714,0.37983,0.34044,0.38676,0.23413,0.10675,0.1068,0.21566,-0.058105,0.022747,0.14818,0.039811,-0.024977,0.090966,-0.054542,-0.08184,-0.2007,-0.10454,-0.12342,-0.083275,0.063704,0.22809,-0.079114,-0.046839,0.059293,0.50651,0.33922,0.45285,0.20876,0.48002,0.24235,0.4371,0.24531,0.18717,-0.16611,-0.032012,-0.067547,-0.15573,0.16083,0.10277,-0.055039,-0.0095739,0.37826,0.66073,0.1181,-0.080447,0.15559,0.20476,0.25546,0.12929,0.17914,0.15214,0.2664,0.18745,0.29225,0.27242,0.12767,0.024503,0.13977,0.0060762,0.11812,0.050339,0.26604,0.53525,0.61203,-0.070308,0.078479,0.063842,0.21926,0.035255,-0.090088,0.19709,0.14609,0.11427,0.15008,-0.056746,0.066377,-0.053554,-0.012339,-0.079719,0.13829,0.028719,0.26115,0.29666,0.6133,0.24016,0.13197,0.22848,0.27817,0.34283,0.51537,0.357,0.28435,0.35378,0.39099,0.51405,0.13892,-0.051603,-0.080408,0.19265,0.12986,0.14202,0.067256,0.21477,0.20691,0.20402,0.27376,0.13782,-0.060034,0.12368,0.15555,0.0034044,0.098376,-0.0046524,0.12977,0.16155,0.24719,0.11924,0.1127,0.082495,0.19211,0.18313,0.27754,-0.11496,-0.014829,0.11605,0.16213,-0.023512,0.28671,0.46379,0.21337,0.33233,0.33877,0.31292,0.3247,0.26463,0.34206,0.39469,0.56723,0.047423,0.22048,0.023305,0.02626,0.069279,0.41177,0.38173,0.24493,0.16895,0.25572,0.23327,0.45872,0.26409,0.066331,-0.023525,0.10388,0.1758,0.14567,-0.13306,-0.049535,0.024142,-0.15332,-0.10798,-0.028336,0.13163,0.28501,0.38143,0.11614,0.23915,0.25806,0.49832,0.36714,0.47902,0.35996,0.45041,0.54987,0.42372,0.31227,0.39477,0.3737,0.41244,0.3066,0.42646,0.37648,0.40666,0.2379,0.20944,0.30973,0.32608,0.00047271,0.069297,0.17931,-0.10083,-0.029763,0.06786,-0.040383,0.14136,-0.22601,-0.11639,-0.034401,-0.095509,0.15911,0.059974,-0.02586,0.04796,0.034458,0.69641,0.074474,0.42098,0.087727,0.49458,0.37659,0.45818,0.33277,0.31088,-0.10607,-0.062444,0.075684,-0.038482,0.18325,0.091089,-0.015588,-0.093181,0.51035,0.67113,0.28596,0.18928,0.27442,0.32984,0.25424,0.22299,0.092717,0.12345,0.25516,0.11549,0.22892,0.37578,0.2366,0.061882,0.21683,-0.047369,0.069115,0.1682,0.19542,0.66482,1,0.026801,0.12668,0.019902,0.16678,0.11661,0.033026,0.12082,0.1208,0.10323,0.10505,0.088612,0.13813,0.038318,0.064385,-0.15204,0.16522,0.097571,0.11383,0.2248,0.64405,0.43366,0.17293,0.45135,0.5227,0.26042,0.34184,0.42514,0.24518,0.45669,0.46712,0.56505,0.15526,-0.024957,-0.018322,0.12236,0.17623,0.15752,0.10662,0.25426,0.3456,0.21619,0.23616,0.058853,-0.052559,0.10343,0.32576,0.062431,0.13797,0.057423,0.21797,0.14597,0.18257,0.12613,0.13294,0.053985,0.15313,0.14467,0.24697,0.048914,0.010889,0.15043,0.16352,0.1388
-0.033083,0.056841,0.2569,0.10911,0.063477,-0.059706,0.12282,0.023513,-0.016926,0.0060025,0.0045709,-0.028602,0.1189,0.087416,0.11574,0.033035,0.077474,-0.080621,0.05681,0.0081605,0.10561,0.088723,0.033738,0.014823,0.073165,0.011853,0.17223,0.11495,-0.012187,0.028681,0.073957,0.067886,-0.059439,-0.18271,0.10045,0.064218,0.054307,0.082755,0.094099,0.14809,0.016328,0.079378,0.035127,-0.0023051,0.039727,0.00029393,0.092514,-0.043474,-0.059889,0.046968,0.014396,0.0073589,0.041454,-0.098382,0.12316,-0.016299,-0.010481,0.031589,0.16605,0.10484,-0.048967,-0.0403,-0.091717,-0.056045,-0.077248,0.034462,0.11536,0.10284,0.044415,0.13704,0.084901,0.12404,0.044322,0.080675,0.017112,0.011336,0.018999,-0.037753,-0.089339,0.074601,-0.020395,-0.07722,0.032659,0.13016,0.15089,-0.061719,-0.058461,0.10966,0.062117,0.058369,0.019406,0.019357,-0.064611,0.045058,0.037373,-0.066459,-0.015771,0.016924,0.096197,0.02811,-0.017207,-0.031607,-0.13627,-0.066648,-0.14014,-0.041416,0.030845,-0.083999,-0.12535,-0.010302,-0.0014114,-0.059173,0.02828,-0.023979,0.0002618,-0.10718,-0.016641,0.045442,0.061153,0.12612,0.040234,-0.028346,0.11274,0.11229,0.060732,0.10091,-0.056846,-0.1584,0.10423,-0.073688,0.0023931,-0.10177,-0.12187,0.0091865,0.041767,-0.019555,0.072975,-0.048468,-0.031842,0.076373,-0.023124,0.073283,0.11114,0.055455,0.044396,-0.033613,-0.0042411,-0.0021219,-0.12443,0.02844,0.014433,-0.11283,-0.038316,0.040832,-0.0028069,-0.038542,0.078358,-0.082024,-0.0727,0.022545,-0.033252,0.038029,-0.11122,-0.10687,0.031321,0.027391,-0.042776,-0.15684,0.0031612,-0.10101,-0.055916,0.029637,0.064629,0.059394,0.14022,0.033903,0.080406,0.10222,0.0080785,-0.056878,-0.05463,-0.027556,0.046259,0.15124,0.0018467,0.044341,0.086968,-0.045364,-0.11009,-0.021336,0.027294,0.073691,0.13229,0.10945,-0.092647,-0.013691,0.041449,-0.11959,0.099649,0.059757,0.035158,0.08266,0.04645,0.077417,0.021994,0.051952,0.17243,0.12796,0.028416,0.04833,0.16138,0.10146,0.032303,-0.08699,0.075538,0.086387,0.074442,0.07599,0.043076,0.083554,-0.0011934,-0.046868,0.017893,0.057823,0.1765,-0.090445,0.049972,-0.056613,-0.018743,0.014412,0.055792,0.014703,0.10166,0.036632,0.12572,-0.054147,0.062026,0.11902,0.090252,0.031843,-0.057045,0.035525,-0.014663,-0.051001,0.027013,0.030588,0.060393,0.067098,-0.023919,0.13689,0.069589,0.12203,0.07018,0.04342,0.10398,-0.029154,0.071491,0.029003,0.046486,0.13757,0.094356,0.072776,0.1637,0.090469,0.047464,0.11667,0.012482,0.12332,0.14663,0.18365,0.11843,-0.038844,0.068741,0.12872,0.048377,0.063825,0.040233,0.038891,0.045227,0.027342,0.010773,-0.047659,-0.12944,-0.0022189,-0.036207,0.10147,0.047217,-0.081392,0.058197,-0.012839,0.029484,-0.047032,0.043195,-0.0043124,-0.032499,0.0454,0.066434,0.032756,0.15027,0.07062,-0.045939,-0.033515,0.022148,-0.033515,0.08723,0.1039,-0.047898,0.0075735,-0.021143,0.01877,-0.0341,-0.013382,-0.0041737,-0.022929,0.053587,0.026801,1,0.028068,0.17262,-0.0028587,0.13558,0.015346,0.068172,0.084914,0.13803,0.052264,0.050545,0.13422,0.036317,0.080324,0.12492,0.019771,0.074458,0.16215,0.026858,0.024168,0.061956,0.17205,0.12655,0.023659,0.02478,0.065999,-0.086856,-0.06843,0.038469,-0.014112,-0.025114,0.0071261,0.063267,0.061594,0.087286,0.029739,0.056466,0.035783,0.092154,0.10899,0.05733,0.1137,0.13453,0.023687,0.019672,0.012514,0.011055,0.035253,0.082936,0.0065754,0.12903,-0.025237,-0.019202,0.082622,0.11718,0.12493,0.1716,0.13493,0.068561,-0.016782,0.12866,0.063228,0.0065686
0.1544,0.0033964,0.13209,0.07112,0.14937,0.13328,0.067563,0.14563,-0.056882,-0.054512,0.088859,0.093195,0.25214,0.067512,0.093947,0.13662,0.09395,0.13785,0.07933,0.28343,0.24181,0.16492,0.2431,0.13825,0.2067,0.19419,0.09772,0.26144,0.069118,0.016171,-0.058264,0.20974,0.13713,0.13142,0.17506,0.050943,0.13451,0.14292,0.12725,0.15027,0.19179,0.20278,0.16852,0.073424,0.13652,0.17416,0.15139,0.15193,0.037963,0.2388,0.12426,0.097414,0.097981,0.16471,0.26413,0.272,0.15695,0.19461,0.10569,0.098976,0.20381,0.20105,0.020363,0.1416,0.20696,0.071637,0.01248,0.18181,0.081686,0.16559,0.22049,0.19415,0.19857,0.18694,0.063873,0.047084,0.056742,-0.022886,0.13596,0.026221,0.1154,0.14167,0.21476,0.086991,0.17768,0.071427,0.079614,0.11705,-0.050609,-0.0066008,0.14281,-0.029704,0.11774,-0.0081739,0.10276,0.14398,0.03679,0.065368,0.030144,0.017791,-0.04324,-0.04316,0.01239,0.015348,0.038529,0.017101,0.13443,0.055715,-0.017291,0.13616,0.11187,0.037219,0.13014,-0.10128,0.1342,0.066782,-0.003175,0.12599,0.10968,0.14654,0.14066,0.097842,0.13399,0.16039,0.15752,0.19105,0.04823,0.030921,-0.064301,0.0046962,-0.053555,0.022518,0.06722,0.17845,0.085639,0.0084504,-0.062386,0.11748,0.11622,0.18862,-0.014345,-0.11997,0.20992,0.17718,0.11746,0.17503,-0.01151,0.089046,0.11708,0.16252,0.18236,0.12178,0.15742,0.26189,0.24658,0.11151,0.071402,0.186,0.063147,0.18425,0.27099,0.18726,0.062822,0.059846,0.10047,0.018081,-0.024228,0.063106,0.211,0.14706,0.23028,0.14489,0.12044,0.015743,0.17781,0.10436,0.15886,0.20776,0.14254,0.10898,0.025384,0.080064,0.035122,0.086248,0.0018155,0.051056,0.13437,0.1266,0.092914,-0.013918,0.029907,0.14437,0.14841,0.22404,0.020031,0.099525,0.12039,0.13443,-0.032136,0.1917,0.075106,0.12652,0.23632,0.19685,0.24235,0.27115,0.12772,0.25132,0.10602,0.10321,0.061581,0.14597,0.10057,0.15318,0.059492,0.042875,0.28444,0.18018,0.17715,0.13895,0.050792,0.10904,0.28966,0.031244,0.01438,0.15061,0.21569,0.088227,0.14571,0.20514,0.071751,0.042495,0.072484,0.27254,0.091011,0.13517,0.17955,0.068589,0.1581,0.15983,0.15363,0.032464,0.018993,0.046144,-0.011153,0.13763,0.066582,0.021969,0.10509,0.14221,0.17336,0.24226,0.21302,0.11817,0.05302,0.099246,0.057626,0.18212,0.15892,0.17244,0.23564,0.014277,0.066427,0.20889,0.23335,0.16667,0.27778,0.091861,0.016332,0.11425,0.1475,0.19794,0.028457,0.098393,0.13881,0.11111,0.1282,0.095968,0.08114,0.14285,0.13526,0.21975,0.079132,0.13987,0.21508,0.0059321,0.16611,0.1491,0.14719,0.16066,0.14656,-0.015503,0.092016,0.14397,0.050644,0.29066,0.052895,0.0938,0.15688,0.1035,0.18568,0.15151,0.087495,0.084587,-0.043839,0.24522,0.14511,0.14611,0.050695,0.20415,0.11888,0.047048,0.16792,0.11099,0.043228,0.12668,0.028068,1,0.16447,0.25557,0.043786,0.074329,0.15455,0.096496,0.2683,0.076561,0.17652,0.10951,0.20069,0.21781,0.056803,0.13837,0.14438,0.0097118,0.015533,0.0067621,0.10397,0.12052,0.12167,0.0016025,0.22503,0.21083,0.16476,0.15139,0.094844,0.10558,-0.010602,0.1629,0.17967,0.22795,0.099362,0.14561,0.20528,0.22123,0.2004,0.053473,0.15224,0.061831,-0.083295,0.16824,0.27723,0.16435,0.1781,0.19731,0.11347,0.13506,0.01414,0.16731,0.19989,0.098261,0.10314,0.12838,0.087448,0.18279,0.24804,0.038366,0.13355,0.14737,0.22096
0.0466,0.040328,0.6221,0.10123,0.074062,0.016154,0.10228,0.060251,0.01997,-0.033584,0.021366,0.030353,0.13608,0.073312,0.13416,0.045765,0.067661,0.020772,0.079584,0.03674,0.1108,0.086933,0.089089,0.061426,0.11812,0.070135,0.13824,0.13913,-0.01958,-0.022809,0.054878,0.080411,-0.00067186,-0.026848,0.099446,0.063757,0.056195,0.072333,0.043871,0.15205,0.060978,0.067886,0.061055,0.027695,0.08569,-0.0023887,0.10283,0.0015304,-0.0087692,0.090712,0.086116,0.03908,0.037915,0.023572,0.15371,0.08412,0.031722,0.10184,0.17228,0.080962,0.024287,0.026574,-0.040727,0.015442,0.0050858,0.047589,0.088075,0.080345,0.021922,0.13689,0.13302,0.13725,0.092996,0.13316,0.031706,0.052096,-0.0058652,-0.054399,-0.05,0.1154,0.032011,-0.021611,0.11911,0.11714,0.16232,0.0078263,0.018043,0.15484,0.063306,0.070844,0.065177,0.04249,-0.012205,0.016173,0.018499,-0.016664,-0.0023627,-0.030582,0.039855,-0.020728,-0.058387,-0.029581,-0.047193,-0.030292,-0.03324,-0.0069424,0.049967,-0.018087,-0.072045,0.047173,0.065516,-0.053787,0.066777,-0.030947,0.012566,-0.095133,0.052253,0.071691,0.064617,0.1542,0.074999,0.0011417,0.11587,0.13342,0.12227,0.1096,-0.025019,-0.089813,0.055014,-0.0092931,0.0055989,-0.07762,-0.070287,0.10104,0.071547,-0.048468,0.0055764,-0.012348,0.0081819,0.018843,-0.047766,0.034443,0.13148,0.10637,0.079345,0.018319,-0.04478,0.0356,-0.028868,0.079603,0.049481,-0.036551,0.0059889,0.071525,0.052017,-0.037175,0.10062,0.0047895,-0.068784,0.016481,0.03978,0.0059852,-0.06883,-0.039804,0.0071293,0.031016,-0.037012,-0.053551,0.065296,0.0035959,0.010673,0.052116,0.0493,0.040068,0.077145,0.051651,0.093722,0.088601,0.011343,0.022705,-0.021908,-0.0035524,0.067567,0.1308,-0.0062074,0.05747,0.080088,0.019006,-0.023281,-0.017427,0.070278,0.096288,0.1906,0.14016,-0.059479,0.031666,0.065824,-0.032187,0.12119,0.066843,0.062659,0.063309,0.073859,0.11096,0.074565,0.062882,0.13384,0.14143,-0.0070563,0.0033767,0.10015,0.11954,0.059025,0.051365,0.043612,0.037363,0.073303,0.050851,0.064091,0.074439,-0.032357,-0.034211,0.072764,0.040176,0.14359,-0.043163,0.079871,-0.014163,0.074999,0.050529,0.087841,0.066523,0.088434,0.12395,0.099717,0.013049,0.052233,0.14606,0.054213,0.089484,-0.005813,0.033319,0.0076358,-0.024358,-0.01141,0.067247,0.017011,0.081803,-0.0095661,0.13379,0.1144,0.12247,0.12893,0.071979,0.11906,0.035299,0.03102,0.11367,0.068135,0.19367,0.19917,0.039135,0.1581,0.10369,0.088335,0.10924,0.090075,0.13539,0.134,0.18207,0.10324,0.032213,0.024113,0.11917,0.083755,0.033674,0.021417,0.042513,0.005142,0.0017193,0.008694,0.026367,-0.042456,0.039692,0.093315,0.075039,0.069055,-0.040933,0.10902,0.11472,0.085226,-0.024491,0.1001,-0.020167,-0.054429,0.10987,0.055731,0.025072,0.12141,0.1199,-0.030472,0.030542,0.0047344,-0.0078915,0.038886,0.17883,0.051299,0.10482,-0.0074337,0.10811,0.066632,-0.023125,0.01406,0.01323,-0.0060851,0.019902,0.17262,0.16447,1,0.093383,0.091457,-0.024345,0.1536,0.085895,0.18346,0.053005,0.12382,0.12456,0.060955,0.11728,0.14226,0.044713,0.095132,0.11619,-0.030478,-0.042431,0.015742,0.13288,0.10224,-0.0023792,0.078774,0.043198,-0.052551,-0.020987,-0.031341,0.035895,-0.041331,0.041695,0.091094,0.10093,0.05799,0.034241,0.088659,0.094601,0.10224,0.087442,0.05531,0.08149,0.067739,0.1324,0.079047,0.024682,0.068447,0.071921,0.086787,0.017532,0.098767,0.0090707,0.10072,0.056095,0.13814,0.12612,0.14691,0.14656,0.12355,-0.034914,0.10223,0.13838,0.086345
0.16202,-0.0011833,0.12763,0.11396,0.10451,0.13416,0.044453,0.064239,-0.025757,-0.055469,0.031107,0.053925,0.24186,0.086803,0.17814,0.10529,0.081229,0.13973,0.035574,0.35711,0.25694,0.29314,0.34877,0.20335,0.2814,0.25669,0.16698,0.27971,0.20791,0.11172,0.018676,0.33573,0.15757,0.14734,0.23429,0.073233,0.20019,0.19219,0.19206,0.1906,0.15239,0.21625,0.19757,0.16551,0.12197,0.22007,0.1833,0.22387,0.050855,0.21294,0.11364,0.082937,0.053638,0.066584,0.23469,0.24535,0.18471,0.18576,0.13744,0.076028,0.21414,0.21354,0.10275,0.20659,0.21456,0.14287,0.048073,0.26102,0.13647,0.23122,0.23032,0.25376,0.17673,0.18605,0.13614,0.12709,0.056438,0.050189,0.18222,-0.023222,0.062803,0.13484,0.16989,0.050753,0.17349,0.034931,0.058978,0.05814,-0.048833,-0.045796,0.070357,0.025488,0.13243,-0.036426,0.064989,0.086389,0.12287,0.10556,0.096578,0.056729,0.044605,0.041295,0.084843,0.076587,0.079742,-0.0069256,0.057365,-0.028575,-0.055402,0.15654,0.13873,0.015694,0.10479,0.02007,0.21139,0.065136,-0.016267,0.14365,0.13017,0.1363,0.1278,0.12487,0.1723,0.16106,0.18356,0.2043,0.068904,0.046324,-0.020814,0.029644,0.021628,0.049725,0.045366,0.16928,0.13647,0.09875,-0.033567,0.13641,0.096767,0.25643,0.020464,-0.094052,0.19206,0.18033,0.14781,0.1818,-0.019096,0.11702,0.080553,0.1088,0.071119,0.11271,0.054404,0.2407,0.22695,0.12528,0.12389,0.19268,0.10839,0.24443,0.35078,0.25423,0.12554,0.085614,0.19615,0.087563,0.10136,0.097292,0.17472,0.083394,0.32571,0.1785,0.14901,0.048775,0.2017,0.13544,0.24441,0.3143,0.18471,0.07955,0.049076,0.1064,0.023111,0.055542,0.01323,0.12828,0.13942,0.14482,0.10148,-0.0051045,0.070536,0.14326,0.16878,0.23883,0.0073097,0.03103,0.10171,0.12861,-0.037023,0.32521,0.083042,0.282,0.38731,0.31618,0.30846,0.30581,0.16735,0.27522,0.22141,0.14591,0.042199,0.30148,0.076202,0.10134,0.17189,0.10859,0.2721,0.28907,0.22159,0.23654,0.11202,0.16155,0.27308,0.079442,0.0031843,0.13506,0.19216,0.048504,0.088703,0.21649,0.072175,0.077756,0.0362,0.20624,0.13012,0.15616,0.229,0.067146,0.10673,0.16644,0.13139,0.10518,0.060053,0.089477,0.065041,0.13684,0.12019,0.16562,0.18186,0.16074,0.15841,0.25313,0.18146,0.13723,0.12334,0.13856,0.099793,0.23227,0.17438,0.15036,0.17091,0.043509,0.067101,0.18666,0.21161,0.091701,0.17577,0.058888,-0.0029153,0.080622,0.056646,0.14776,0.018627,0.076099,0.12454,0.074236,0.17134,0.062132,0.12003,0.081296,0.15128,0.16484,0.08925,0.13225,0.18254,-0.013029,0.11554,0.078506,0.11577,0.14481,0.14789,0.024723,0.06735,0.18406,0.094945,0.23515,0.024431,0.17079,0.20091,0.13516,0.18262,0.10745,0.1114,0.11365,0.0025563,0.22946,0.17036,0.13745,0.073955,0.17006,0.10799,0.052077,0.12238,0.11208,0.084984,0.16678,-0.0028587,0.25557,0.093383,1,0.068247,0.072974,0.13636,0.096861,0.24161,0.090471,0.14892,0.10263,0.14386,0.19044,0.039226,0.095702,0.055037,0.029758,0.063285,0.040363,0.16982,0.092262,0.13906,0.030613,0.32383,0.29653,0.11495,0.09088,0.15233,0.1482,0.061455,0.10507,0.1201,0.15781,0.21423,0.2132,0.22054,0.2164,0.29391,0.10217,0.28545,0.16954,0.050329,0.10118,0.17158,0.16422,0.15091,0.16028,0.08812,0.13425,0.049925,0.13552,0.18097,0.068927,0.073259,0.17689,0.10253,0.22061,0.21202,0.0056735,0.12886,0.11895,0.24501
0.10531,0.068938,0.14428,0.12192,0.030164,0.03284,0.018075,0.0039634,0.015459,-0.028326,-0.020466,-0.020071,0.086082,0.048729,0.12015,0.048781,0.037716,0.027136,0.087887,0.090285,0.14709,0.080257,0.090531,0.056826,0.1034,0.10509,0.16775,0.14792,0.05952,0.077296,0.05079,0.089522,-0.029489,-0.058976,0.09702,0.067863,0.11301,0.07033,0.10631,0.12325,0.038808,0.1255,0.051669,0.056602,-0.011654,0.10763,0.11809,0.067972,0.024028,0.078377,-0.026039,0.035804,0.0018163,-0.018547,0.12385,-0.0061589,0.0062073,0.12284,0.1119,0.048984,0.018297,0.0051171,-0.019803,0.038203,0.019277,0.054057,0.083168,0.10398,0.10179,0.18269,0.11954,0.1729,0.10504,0.055955,0.094812,0.037003,0.035852,-0.012429,-0.035536,0.0012799,-0.0080009,0.071073,0.066157,0.062312,0.089054,0.058793,0.058781,0.069433,0.11951,0.07616,0.03948,0.074347,-0.022104,0.021148,0.077456,0.060059,0.063703,0.11734,0.16844,0.1453,0.10036,0.11105,-0.037684,0.033804,-0.051911,0.03386,0.027862,-0.051541,-0.049061,0.016155,0.064338,0.027438,0.04122,0.06879,0.087775,0.081101,0.014859,0.0060675,0.13286,0.067367,0.061393,0.039827,0.096895,0.057778,0.067368,0.077788,-0.023319,-0.046813,0.085469,0.0022142,0.033627,-0.07468,-0.033892,0.053876,0.1242,0.096728,0.052604,0.044253,0.06697,0.099535,0.089907,0.066514,0.068841,0.14454,0.029646,0.040183,0.074181,0.098776,0.027171,0.096575,0.10884,0.099788,0.053613,0.10147,0.087393,0.10511,0.10884,0.10101,0.10914,0.16572,0.060782,0.16146,0.025609,0.079937,0.14306,0.013344,0.011796,-0.0050754,0.11337,0.032148,0.041371,0.040483,0.054327,0.043593,0.14896,0.11735,0.11019,0.14032,0.047194,-0.043058,-0.0075849,-0.035989,0.023367,0.049938,-0.00080387,0.042824,0.083426,0.019605,-0.015954,0.099734,0.0808,0.042356,0.062231,0.14507,0.074853,-0.016721,0.04379,0.007573,-0.0028829,0.088268,0.056395,0.071344,0.12245,0.094977,0.108,0.12061,0.19399,0.15382,0.1013,0.08198,0.13203,0.054483,0.0023968,-0.019686,0.070213,0.097264,0.15315,0.089518,0.045685,0.12999,0.072439,0.0755,0.086418,0.14711,0.12146,0.04348,0.20451,0.029255,0.02856,0.064639,0.01417,0.029781,0.017119,0.0084488,0.10936,0.034429,0.055765,0.069337,0.11354,0.063013,-0.015337,0.061194,0.036393,0.02279,0.099724,0.061096,0.13328,0.076119,0.070848,0.16416,0.11942,0.14469,0.087314,0.10009,0.091948,0.051665,0.01745,0.01708,0.020011,0.055129,0.030938,0.10128,0.08007,0.060215,0.087151,0.14332,0.060891,0.058429,0.13667,0.1121,0.1048,0.10074,0.16802,0.1923,0.16032,0.14073,0.058466,0.12925,0.11322,0.12793,0.14867,0.11722,-0.029806,0.079594,-0.003258,0.1322,0.024093,0.0491,0.083703,0.035094,0.085771,0.062444,0.09351,0.11589,0.079775,0.086586,0.091197,0.077568,0.13366,0.090389,0.090072,-0.0045104,0.055322,0.029963,0.016382,0.10199,0.0067056,0.033663,0.049662,0.026718,0.0055633,0.040148,0.0075947,0.050015,0.064502,0.11661,0.13558,0.043786,0.091457,0.068247,1,0.10385,0.052822,0.21979,0.12646,0.072045,0.1942,0.20112,0.18585,0.26644,0.11157,0.1275,0.098293,0.10974,0.02985,0.079503,0.12429,0.21014,0.10862,0.041337,0.083242,0.13768,0.063219,0.070357,0.10824,0.029965,0.033777,0.10654,0.17958,0.1085,0.047698,0.085532,0.058971,0.077264,0.14359,0.10428,0.10686,0.10289,0.10379,0.026394,0.063038,0.1238,0.015612,0.047988,0.053805,0.063749,0.092419,0.076276,0.028904,0.17189,0.11548,0.04877,0.071855,0.15832,0.13529,0.049679,0.10991,0.036303,0.025125
0.063651,0.030337,0.013106,0.043925,-0.018384,0.052488,0.018829,0.016862,-0.021477,-0.014051,-0.029845,-0.0090735,0.11052,0.049272,0.098607,0.076104,-0.012666,-0.016424,0.086355,0.14911,0.22191,0.17151,0.15629,0.081799,0.15322,0.13959,0.17513,0.1595,0.13295,0.14319,0.03279,0.20203,0.019497,-0.081982,0.18998,0.11903,0.19689,0.156,0.17882,0.12891,0.083183,0.19761,0.042164,0.027276,0.038592,0.155,0.070707,0.033911,0.039611,0.07279,-0.036074,0.086044,-0.020723,-0.023612,0.17762,0.022405,-0.02412,0.12848,0.070891,0.037637,0.022836,0.055143,-0.06224,0.00052508,-0.0085916,0.077903,0.14617,0.1538,0.15064,0.18604,0.14719,0.15802,0.14821,0.054719,0.14349,-0.028851,-0.00069645,0.03203,0.022345,-0.090129,-0.055344,0.031044,-0.041437,0.0063635,-0.036045,-0.0028803,0.071667,0.067872,0.011701,-0.032514,0.012944,-0.062565,0.044327,0.12784,0.043344,0.033509,0.038651,0.095871,0.069389,0.06026,0.025523,0.0010334,-0.065922,-0.0049756,-0.055442,-0.046481,0.017561,-0.046661,-0.056166,-0.043316,0.057123,-0.015374,-0.0062832,0.023312,0.03682,0.043218,-0.064736,0.034576,0.086129,0.057758,0.10131,0.04684,0.09347,0.018867,0.043279,0.083939,-0.0018594,0.016284,0.025409,-0.040682,0.012026,0.0040387,0.013396,0.079934,0.12541,0.13338,0.038379,0.050007,0.090186,0.15663,0.052202,0.14092,0.10719,0.21553,-0.025083,0.081678,0.13913,0.14107,0.023283,0.13927,0.12405,0.035416,0.018382,0.12203,0.14624,0.021901,0.18039,0.13,0.13791,0.21938,0.05673,0.10558,-0.048837,0.041316,0.17018,0.024569,-0.070121,-0.1,0.12528,0.0047498,0.1402,0.079058,0.066471,0.047919,0.23218,0.18932,0.19769,0.18346,0.07949,-0.018017,0.006053,-0.0037174,0.015955,-0.015738,-0.01652,0.015212,0.095445,0.047398,-0.042992,-0.033779,0.058643,0.049804,0.031507,0.21064,0.1572,-0.086882,0.041634,0.060312,-0.043199,0.13455,-0.022571,0.16959,0.2102,0.16578,0.18416,0.16604,0.20266,0.19291,0.18477,0.10439,0.20901,0.13725,-0.013881,-0.1126,0.16706,0.096181,0.19153,0.18177,0.15501,0.19914,0.16028,0.092287,0.14132,0.21401,0.14422,0.10686,0.30273,-0.0067795,0.06611,0.096856,-0.095673,0.073877,0.03235,0.081479,0.10768,-0.0024073,0.002336,0.094629,0.14815,0.03235,0.014321,0.11189,-0.03461,-0.045204,0.081147,0.056572,0.12496,0.11685,0.11525,0.18675,0.12264,0.18407,0.072615,0.08055,0.047866,-0.025409,-0.071206,-0.0058656,0.067376,-0.064068,-0.01265,0.013974,0.039195,0.1216,0.11188,0.15655,0.051965,0.14556,0.066448,0.068885,0.084113,0.09394,0.28492,0.29068,0.21126,0.15945,0.052756,0.10799,0.086634,0.20504,0.069376,0.040212,-0.11741,0.020494,-0.026493,0.10931,0.097362,0.13149,0.089604,-0.034207,0.030252,0.051894,0.10341,0.097058,0.017389,0.072592,-0.037067,0.11655,0.10635,0.047952,0.098159,0.058147,0.10245,0.06978,-0.016139,0.18753,0.022204,-0.011831,0.040941,-0.0081658,0.026842,0.037913,0.050361,0.041088,0.036355,0.033026,0.015346,0.074329,-0.024345,0.072974,0.10385,1,0.069827,0.34959,0.048399,0.0783,0.29716,0.28269,0.23181,0.35551,0.21085,0.064332,0.018963,0.060461,0.019249,-0.042915,0.12401,0.29047,0.031204,-0.1201,0.076179,0.10018,-0.0010566,0.016974,0.10396,0.03369,-0.111,0.0051754,0.25659,0.13365,0.1272,0.10208,0.091606,0.032854,0.23607,0.12985,0.19738,0.091031,0.073486,0.056101,0.028832,0.14634,0.019637,0.016884,0.020768,0.10233,0.049123,0.10052,0.015797,0.09047,0.15756,0.074956,0.02742,0.26055,0.25811,0.015331,0.16648,-0.037477,-0.023919
0.098793,0.044449,0.14465,0.07029,0.12949,0.099303,0.10334,0.098687,0.033754,-0.012829,0.090873,0.11939,0.16956,0.08369,0.1759,0.048187,0.084479,0.022487,-0.0025382,0.13943,0.23255,0.1906,0.20783,0.098888,0.17259,0.16108,0.2769,0.30287,0.10645,0.067926,0.10316,0.20779,-0.02661,-0.061,0.16814,0.05457,0.139,0.15449,0.12727,0.18787,0.13808,0.17191,0.17543,0.15155,0.091786,0.079428,0.20852,0.056055,-0.148,0.025967,0.041353,-0.023188,-0.032953,-0.07967,0.28088,0.1787,0.12844,0.16213,0.26035,0.1153,0.11926,0.16863,0.069463,0.059543,0.037094,0.12108,0.086929,0.14097,0.059478,0.25737,0.22092,0.30809,0.17192,0.26116,0.11135,0.093771,0.035218,-0.018289,0.085226,0.031116,0.044812,0.074349,0.094761,0.045803,0.17543,-0.065734,-0.11617,0.033893,-0.0055589,-0.092486,-0.063029,0.0547,0.18157,0.05391,0.0076104,-0.0066795,0.15228,0.10596,0.12331,0.054773,0.0095499,0.0085346,0.0016477,0.042287,0.010387,-0.081482,-0.042121,-0.10311,-0.1695,0.12836,0.15447,-0.086972,0.075839,-0.017247,0.11182,-0.080661,-0.076593,0.19841,0.21353,0.21009,0.14871,0.031663,0.24913,0.24097,0.20677,0.26833,0.10833,-0.029617,0.087336,0.054881,-0.0021046,-0.0089548,-0.076532,0.16904,0.091596,0.01821,-0.01529,0.01448,0.020851,0.089783,-0.12149,0.060016,0.36168,0.33779,0.1168,0.045772,-0.051379,0.15741,-0.037991,-0.0085302,-0.031182,-0.035595,-0.06363,0.13417,0.14388,0.020708,0.07827,0.089923,-0.010301,0.096166,0.10809,0.084668,0.0082831,-0.068524,0.082549,0.099809,0.070113,-0.017238,-0.01508,-0.10496,0.068167,0.13372,0.091437,-0.0075711,0.15725,0.062988,0.13609,0.19222,0.057028,-0.055304,-0.059586,0.027844,-0.0016592,0.10553,0.020199,0.16748,0.1692,0.15856,-0.0056259,0.019573,0.031728,0.21459,0.34848,0.38284,-0.094421,0.005219,0.14064,0.033966,0.093087,0.17919,0.041578,0.14245,0.23639,0.23195,0.17792,0.1562,0.30156,0.35255,0.12211,0.12498,0.11364,0.20718,-0.044695,-0.090288,0.080073,0.093636,0.19389,0.20577,0.13178,0.16645,0.023265,0.027033,0.28722,0.082097,0.070187,0.0079498,0.17567,-0.030255,-0.088883,-0.015577,0.038935,-0.043431,0.036719,0.040959,0.25123,0.055251,0.14588,0.19474,0.11843,0.19423,0.024313,0.074052,0.052689,0.0075408,0.045261,0.061697,0.040776,0.098508,0.063212,0.24661,0.15219,0.31985,0.18149,0.17373,0.18067,0.034537,0.0070745,0.20265,0.12832,0.12886,0.067987,-0.045566,0.035096,0.073498,0.055409,0.00029865,0.051075,-0.0068855,-0.0072987,0.041185,-0.016498,-0.048108,0.067247,0.09414,0.073547,-0.026564,0.12237,0.016986,0.073241,-0.003616,0.072868,0.032787,0.0090774,0.011971,0.089603,-0.085092,0.014639,-0.067704,0.032685,0.077073,0.052189,-0.064958,-0.0010376,0.095135,0.029074,0.12761,0.044315,0.213,0.29881,0.25251,0.092838,0.094159,0.13347,0.094319,0.051942,0.32676,0.11167,0.16264,0.057374,0.1637,0.036744,0.029598,0.13879,0.090095,0.08911,0.12082,0.068172,0.15455,0.1536,0.13636,0.052822,0.069827,1,0.26301,0.18076,0.082407,0.19793,0.27148,0.064816,0.1131,-0.033836,0.029294,0.060793,0.091055,0.021506,0.04385,0.086899,0.22698,0.17929,0.045252,0.10949,0.13853,-0.023313,-0.045019,0.098892,0.11199,0.0036091,-0.048992,-0.012529,-0.0043978,0.1212,0.096986,0.15771,0.14326,0.17415,0.11872,0.11561,0.13476,0.062229,0.053936,0.032736,0.097035,0.061315,0.095947,0.091718,0.078237,0.1271,0.025602,0.051668,0.010423,0.08879,0.2997,0.31976,0.47033,0.14614,-0.087911,0.22285,0.073898,0.078042
0.13786,0.14233,0.14367,0.071669,0.040397,0.067933,0.019398,0.032089,-0.0027786,-0.020289,-0.047618,-0.0096426,0.19497,0.051324,0.16467,0.081618,0.051002,-0.091709,0.098805,0.18739,0.39462,0.26739,0.25248,0.15587,0.24318,0.20743,0.51304,0.41832,0.23376,0.18915,0.15986,0.27694,-0.087358,-0.23201,0.23729,0.13772,0.31511,0.22079,0.26233,0.29114,0.17538,0.34651,0.076639,0.079203,0.071454,0.19985,0.2293,0.033772,-0.049183,0.073195,-0.072702,0.059275,-0.049821,-0.10034,0.38438,0.045889,-0.036649,0.25299,0.26915,0.13978,0.044628,0.13665,-0.071106,-0.012541,-0.052615,0.10387,0.19493,0.1803,0.19641,0.50586,0.30333,0.45961,0.30283,0.19543,0.30562,0.024359,0.0036903,-0.0052463,0.023827,-0.071426,-0.077186,0.025393,-0.044245,0.037112,0.019828,-0.026594,0.040677,0.12082,0.10292,-0.040735,-0.037766,-0.033535,0.088957,0.19249,0.032976,0.0069211,0.10889,0.17172,0.23605,0.14371,0.059422,0.051815,-0.11547,0.0020228,-0.12943,-0.039411,-0.0069873,-0.089842,-0.16319,-0.085299,0.093935,-0.051819,0.032521,0.023522,0.098186,0.061579,-0.10457,0.16952,0.32676,0.22276,0.17702,0.058108,0.23165,0.14225,0.1668,0.26134,0.0051438,-0.029659,0.15912,-0.041943,0.010943,0.0079912,0.0018275,0.22196,0.2098,0.17581,0.026274,0.068262,0.090654,0.21004,0.0088717,0.21187,0.34771,0.53834,0.028514,0.082561,0.22447,0.35778,-0.0069464,0.12557,0.16047,0.034181,0.021161,0.14251,0.21272,0.025818,0.28521,0.2318,0.1844,0.32446,0.074912,0.17677,-0.072523,0.05881,0.25898,0.10455,-0.054504,-0.17606,0.13252,-0.057442,0.10232,0.094291,0.11243,0.05163,0.41017,0.26312,0.24047,0.26867,0.1123,-0.12706,-0.047823,-0.00087153,0.0056145,0.061532,-0.018407,0.1227,0.24184,0.068394,-0.10647,0.051683,0.074356,0.17943,0.17992,0.50633,0.21248,-0.12147,0.12206,-0.013764,-0.017749,0.22669,-0.011314,0.276,0.31976,0.26115,0.28219,0.27755,0.50933,0.47222,0.30169,0.21788,0.40411,0.21513,-0.065114,-0.23127,0.1777,0.085095,0.37154,0.23858,0.19048,0.33696,0.1988,0.084915,0.26228,0.41891,0.32201,0.12874,0.53914,-0.050518,-0.017834,0.058189,-0.08701,0.038447,-0.0021975,0.039907,0.3044,0.021794,0.040308,0.18083,0.31977,0.18399,-0.047403,0.24958,0.0238,-0.10481,0.10232,0.038796,0.18532,0.12194,0.124,0.46781,0.28273,0.44372,0.17346,0.23247,0.22901,0.019329,-0.035894,0.039088,0.12338,-0.0071494,0.0025332,0.023269,0.052876,0.078421,0.050863,0.17634,0.020844,0.19246,0.14868,0.088248,0.038706,0.029533,0.51808,0.48608,0.33074,0.158,0.15289,0.15178,0.21189,0.24408,0.2221,0.10192,-0.16646,0.0014844,-0.044943,0.15563,0.10523,0.049359,0.10405,-0.086094,0.04972,0.037694,0.10252,0.19369,0.05824,0.12502,0.0076226,0.31673,0.39111,0.19477,0.2287,0.099274,0.21881,0.20991,0.020792,0.39503,0.04882,0.0045038,0.050577,0.0088424,-0.037434,0.0085047,0.08377,0.10519,0.13993,0.1208,0.084914,0.096496,0.085895,0.096861,0.21979,0.34959,0.26301,1,0.12305,0.081736,0.57316,0.63761,0.34388,0.48801,0.21218,0.14402,0.061997,0.11853,0.089998,0.034307,0.22042,0.62342,0.20613,-0.082274,0.14631,0.14612,-0.025802,-0.016184,0.15363,0.11963,-0.058756,-0.012304,0.34318,0.092803,0.16195,0.14451,0.12071,0.070592,0.39584,0.19782,0.24844,0.16699,0.15614,0.056085,-0.0040828,0.23589,-0.01076,0.046179,0.021067,0.092932,0.21932,0.044757,-0.07401,0.18922,0.16514,0.21161,0.14851,0.66316,0.36157,-0.033364,0.37541,-0.048377,-0.031987
0.078664,0.01711,0.17035,0.1041,0.13673,0.084853,0.12042,0.076015,-0.042081,-0.037129,0.052886,0.026111,0.23317,0.060224,0.15735,0.078121,0.1308,0.065851,0.05713,0.18427,0.22251,0.15604,0.20213,0.10666,0.19347,0.14214,0.22012,0.27249,0.070781,0.054252,0.075847,0.15401,-0.019044,-0.071945,0.17255,0.069252,0.13887,0.12033,0.13244,0.20448,0.15278,0.17448,0.13395,0.12419,0.1185,0.11744,0.24874,0.1153,-0.027123,0.1934,0.085799,0.073894,0.044645,0.0085644,0.25131,0.18166,0.11124,0.13669,0.20593,0.1467,0.10826,0.091762,-0.014603,0.086056,0.07653,0.058508,0.07313,0.17976,0.062878,0.22713,0.17938,0.24735,0.14922,0.20229,0.096201,0.10281,0.023249,-0.07544,0.011285,0.039512,0.045739,0.072479,0.1844,0.10513,0.27482,0.0029145,0.023079,0.17084,0.035224,0.0073792,0.025743,0.081094,0.10287,0.035141,0.091016,0.038451,0.063856,0.088738,0.14658,0.057956,-0.048262,0.0048151,-0.037231,0.0062569,-0.030051,-0.019515,0.058948,-0.089137,-0.15013,0.14177,0.12578,-0.041112,0.10351,-0.082519,0.10195,-0.054048,-0.021058,0.13127,0.12338,0.20041,0.17409,0.051603,0.22104,0.19132,0.2005,0.22542,0.011705,-0.12478,0.051263,0.012645,-0.013599,-0.066924,-0.090999,0.10692,0.094091,-0.017584,-0.00011328,0.027371,0.025715,0.18004,-0.051494,-0.010924,0.21647,0.19119,0.10915,0.13853,-0.074838,0.093393,0.00026742,0.081955,0.064167,-0.01834,-0.010463,0.2006,0.16737,0.08292,0.12469,0.11637,0.0042372,0.16728,0.21837,0.21368,-0.032288,-0.065345,0.11511,0.038532,0.00060061,-0.029867,0.14231,-0.0098996,0.099959,0.12073,0.18363,0.083254,0.17495,0.049854,0.16307,0.24149,0.12949,0.0015272,0.0009263,0.021123,0.053102,0.20747,-0.0079309,0.083602,0.15961,0.1472,0.012319,-0.0032339,0.04709,0.13251,0.25882,0.26541,-0.043796,0.016002,0.11496,-0.0075722,0.039506,0.17557,0.073238,0.10447,0.22464,0.19478,0.18255,0.19417,0.21275,0.23087,0.073743,0.11733,0.15894,0.17406,0.021276,0.0061362,0.073279,0.09223,0.23552,0.17277,0.096545,0.15397,0.020526,0.067354,0.19252,0.072704,0.13211,0.027886,0.198,-0.043007,0.027463,0.17068,0.072421,0.026296,0.084715,0.16217,0.13401,0.049143,0.15109,0.11023,0.063746,0.17743,0.02874,0.034184,0.014455,0.063184,0.021663,0.122,0.068827,0.093827,0.048158,0.18651,0.10565,0.23289,0.15413,0.099229,0.14928,0.062018,0.08697,0.1782,0.10876,0.22187,0.22512,0.031058,0.18341,0.18366,0.1491,0.13085,0.17097,0.11582,0.080952,0.16759,0.084996,0.0346,0.046736,0.16437,0.13933,0.050222,0.083952,0.093135,0.098172,0.098121,0.1215,0.062938,-0.021771,0.030524,0.11771,0.032375,0.098597,-0.0040154,0.12902,0.12655,0.094442,-0.057523,0.061097,0.095497,0.0046747,0.21951,0.038028,0.11308,0.233,0.16886,0.058756,0.046997,0.021366,0.032762,0.02405,0.26964,0.083372,0.12521,0.015672,0.18901,0.062192,-0.021891,0.098824,0.050602,0.02135,0.10323,0.13803,0.2683,0.18346,0.24161,0.12646,0.048399,0.18076,0.12305,1,0.14863,0.18326,0.19994,0.12602,0.18315,0.089503,0.061651,0.1022,0.11856,-0.015927,0.019673,0.074983,0.20248,0.21684,0.089002,0.22086,0.2727,-0.056813,-0.031159,0.10888,0.088111,-0.0056178,0.04568,0.13205,0.16289,0.058427,0.14361,0.18429,0.29116,0.20192,0.12566,0.14475,0.15057,0.13648,0.13823,0.20313,0.11743,0.11585,0.17919,0.093036,0.054816,0.07343,0.07522,0.10782,0.081998,0.096849,0.19018,0.19933,0.23693,0.22642,-0.054634,0.1932,0.094894,0.14553
0.069358,0.021485,0.090301,0.054353,0.049224,0.041086,0.049254,0.020539,0.015947,-0.030597,0.034964,-0.0102,0.085974,0.014021,0.055382,0.054561,0.049624,-0.0050781,0.071237,0.056664,0.10495,0.062343,0.076519,0.032057,0.094873,0.064324,0.1066,0.1095,0.0092049,0.048326,0.049114,0.056341,-0.024845,-0.053496,0.070917,0.046486,0.099574,0.049454,0.079788,0.08371,0.028656,0.059719,0.0084748,0.010387,0.038282,0.070608,0.10569,0.058055,-0.011349,0.089205,-0.019762,0.02236,0.023287,-0.026625,0.10215,0.026011,0.039416,0.080223,0.065029,0.064551,0.05037,0.030883,-0.027951,0.057669,0.014056,0.067507,0.046472,0.083187,0.067725,0.090858,0.078338,0.11271,0.072477,0.077849,0.058419,0.055561,0.023981,-0.0021727,-0.060716,-0.02097,0.031085,0.019045,0.07165,0.07353,0.093236,-0.010751,0.033042,0.084695,0.037778,0.010678,0.04091,-0.0042488,-0.019479,0.0058039,0.039684,-0.0015773,0.0018265,0.085673,0.10891,0.069821,0.074316,0.02207,-0.048319,-0.03936,-0.06973,0.012252,0.060443,-0.052461,-0.067784,-0.022363,0.032075,0.013304,0.051792,0.031888,0.082549,0.012506,-0.0082115,0.031681,0.091892,0.079494,0.10503,-0.00011138,0.076145,0.071308,0.051596,0.09021,-0.035438,-0.084975,0.043168,-0.037596,-0.0081129,-0.051941,-0.10297,0.023992,0.054694,0.014893,0.034481,0.043119,0.0024306,0.096393,-0.0071406,0.018745,0.067205,0.09232,0.024481,0.10177,0.035031,0.02853,-0.016411,0.087393,0.053568,0.023692,0.016046,0.10512,0.070087,0.10699,0.061287,0.05688,0.052058,0.11903,0.087739,0.16151,-0.0317,-0.012808,0.1002,0.0021372,-0.023984,-0.070687,0.07347,-0.00075411,0.038678,0.12084,0.078865,0.095161,0.11781,0.040931,0.060968,0.12776,0.085928,-0.035326,0.051003,0.012108,0.039612,0.071318,0.031448,-0.0022649,0.051154,0.025854,-0.024035,0.029949,0.032017,0.040806,0.089292,0.11446,0.0014765,-0.029043,0.0075465,-0.0078026,0.015373,0.075088,0.085744,0.061899,0.10368,0.10242,0.09001,0.091879,0.15607,0.11136,0.091732,0.082799,0.090965,0.060864,0.010384,-0.0070428,0.020272,0.1003,0.12786,0.080117,0.078998,0.076651,0.059069,0.086208,0.060775,0.071154,0.094018,0.066057,0.090815,0.086,0.021108,0.097564,-0.020908,0.021494,0.060758,0.065324,0.10066,0.031293,0.087226,0.1022,0.056967,0.011937,0.018001,0.015702,0.031,0.072179,0.091138,0.097055,0.10923,0.055082,0.062489,0.12044,0.060543,0.1106,0.072814,0.1001,0.084081,0.018023,0.01998,0.052228,0.031034,0.066828,0.071433,0.032115,0.081242,0.11555,0.094673,0.10653,0.11306,0.07635,0.067791,0.095548,0.085115,0.033854,0.058584,0.097462,0.081661,0.03962,0.05225,0.097229,0.15428,0.075033,0.12642,0.029755,-0.011229,0.015061,0.01381,0.063564,0.044478,0.015639,0.058256,0.010516,0.059362,-0.034529,0.06491,0.07942,0.10499,0.1178,0.093097,0.024569,0.12763,0.11134,0.039684,-0.01358,0.065848,0.027711,0.0032414,0.10484,-0.019115,0.0086736,0.033107,0.036337,-0.0051136,-0.042245,0.028174,0.0574,0.078774,0.10505,0.052264,0.076561,0.053005,0.090471,0.072045,0.0783,0.082407,0.081736,0.14863,1,0.080572,0.09486,0.11803,0.13174,0.077663,0.084843,0.064734,0.1008,0.097654,0.11552,0.16482,0.12352,0.13121,0.12608,0.14488,0.21005,0.01749,0.042906,0.13933,0.0015342,0.017688,0.02994,0.099078,0.095498,0.034203,0.055275,0.098598,0.26741,0.12265,0.079823,0.080767,0.11246,0.15135,0.038934,0.090822,0.10268,0.061814,0.081694,0.033915,0.030932,0.076541,0.048753,0.021753,0.073346,0.051516,0.069574,0.059208,0.1095,0.12305,-0.0018804,0.087404,0.020878,0.020336
0.18695,0.083529,0.16124,0.053137,0.10787,0.097718,0.048996,0.0061149,-0.011224,-0.023555,-0.00036469,0.070086,0.22571,0.029133,0.13788,0.076312,0.059486,-0.042676,0.12665,0.18174,0.33708,0.18892,0.21041,0.13095,0.20182,0.17088,0.33737,0.34914,0.13216,0.060374,0.12524,0.20304,-0.064011,-0.16291,0.18187,0.051561,0.2129,0.14382,0.16186,0.25568,0.17391,0.28917,0.11615,0.053968,0.15327,0.15211,0.2488,0.046445,-0.041088,0.12858,-0.021686,0.066363,-0.020007,-0.04048,0.31602,0.1108,0.0032592,0.23118,0.23115,0.15156,0.085442,0.11881,-0.082939,-0.0027233,-0.0070215,0.060239,0.12,0.15501,0.089343,0.36935,0.2647,0.35439,0.25496,0.24081,0.17702,0.025842,-0.014181,-0.036352,0.039859,-0.014687,-0.0666,0.033726,0.058414,0.063164,0.12833,-0.020042,0.024184,0.18807,0.039221,-0.021343,-0.0055617,-0.022558,0.080631,0.18955,0.078001,0.01262,0.028337,0.09444,0.12095,0.084995,-0.042693,-0.037526,-0.13019,-0.062887,-0.092129,-0.0091792,0.04317,-0.11963,-0.14715,-0.02936,0.14791,-0.057986,0.083542,-0.06529,0.075044,0.022187,-0.097617,0.12039,0.2096,0.21128,0.18148,0.035871,0.21866,0.16186,0.18037,0.24024,-0.018984,-0.052702,0.054595,-0.059538,-0.019378,-0.027091,-0.041961,0.18589,0.16261,0.06338,-0.0098374,0.025481,0.070321,0.18975,-0.010671,0.09106,0.27631,0.39114,0.066214,0.11949,0.12355,0.29699,0.05418,0.17529,0.16136,0.016879,0.036323,0.19175,0.23656,0.018682,0.21264,0.19856,0.11152,0.26039,0.13167,0.15201,-0.10321,-0.01312,0.14815,0.047599,-0.098958,-0.15575,0.17714,-0.034678,0.10462,0.1027,0.10621,0.043407,0.30728,0.18103,0.17474,0.22752,0.12567,-0.041339,-0.071014,0.010574,0.01038,0.14087,-0.042651,0.11178,0.20768,0.10959,-0.090542,-0.027735,0.071367,0.13775,0.17768,0.39075,0.12478,-0.071332,0.095658,-0.0068681,-0.043611,0.17758,-0.017417,0.17499,0.26708,0.2113,0.22365,0.27492,0.36185,0.38986,0.17331,0.15796,0.44075,0.14536,-0.05743,-0.11975,0.086278,0.0022842,0.31499,0.17121,0.12015,0.25484,0.095112,0.039289,0.23546,0.37004,0.36385,0.099545,0.4995,-0.02577,0.048183,0.099049,-0.0017046,0.047928,0.037984,0.1736,0.19773,0.022773,0.069826,0.19968,0.20937,0.15889,-0.038969,0.13216,0.015612,-0.045066,-0.0048122,0.041663,0.063605,0.064285,0.043476,0.35334,0.21394,0.36161,0.17408,0.1854,0.16211,0.040375,0.0073617,0.10111,0.12967,0.083015,0.11268,0.050357,0.10242,0.1381,0.14025,0.25612,0.12458,0.26407,0.21559,0.1767,0.04609,0.11035,0.42468,0.49387,0.36769,0.19059,0.1281,0.19014,0.14546,0.24682,0.16017,0.11608,-0.10103,0.033151,0.092494,0.22687,0.18975,0.067393,0.17051,-0.00044487,0.081744,-0.010532,0.17748,0.13403,-0.020757,0.1879,0.024482,0.19508,0.30515,0.17802,0.17258,0.10383,0.10344,0.098154,-0.012173,0.38049,0.10394,0.084747,0.018662,0.13236,0.043443,0.018016,0.07523,0.10636,0.037777,0.088612,0.050545,0.17652,0.12382,0.14892,0.1942,0.29716,0.19793,0.57316,0.18326,0.080572,1,0.56451,0.39955,0.48175,0.2266,0.14103,0.1187,0.11906,-0.016355,-0.020701,0.10107,0.47249,0.19083,-0.067309,0.14029,0.15258,-0.025991,-0.0024214,0.086212,0.10228,-0.050223,0.074484,0.38402,0.17371,0.081433,0.17528,0.14959,0.11609,0.3081,0.135,0.17529,0.12856,0.097224,0.16511,0.082541,0.18763,0.089957,0.096458,0.059222,0.10614,0.15563,0.089697,-0.014036,0.16639,0.22972,0.17864,0.13385,0.4528,0.496,0.027521,0.30011,0.056967,0.057184
0.077007,0.11798,0.15986,0.042121,0.081603,0.057293,0.13019,0.089037,0.0079909,0.0010489,0.014154,0.051351,0.31477,0.14725,0.22917,0.090406,0.10349,-0.012822,0.24954,0.2219,0.38965,0.26869,0.27333,0.18369,0.30645,0.21172,0.51784,0.49316,0.17683,0.10891,0.29868,0.257,-0.068231,-0.19647,0.25709,0.18522,0.32973,0.24006,0.30753,0.37376,0.26807,0.34984,0.16342,0.13684,0.26352,0.21774,0.27783,0.074937,-0.089953,0.091792,0.057326,0.062395,-0.014298,-0.086019,0.43214,0.11818,0.01776,0.26844,0.34227,0.18942,0.048658,0.10873,-0.047921,0.013298,0.01609,0.13069,0.19784,0.22375,0.18839,0.51157,0.32911,0.52135,0.30198,0.26262,0.2599,0.073905,0.018536,-0.023343,0.0074559,0.011354,-0.032932,0.025945,0.050854,0.095385,0.14865,-0.017624,-0.012071,0.22709,0.11392,0.076361,0.0022465,0.077807,0.14334,0.35338,0.12455,-0.044522,0.10131,0.17681,0.22448,0.18639,0.0084245,0.016446,-0.1221,-0.033562,-0.030192,0.040844,0.040356,-0.1155,-0.16567,-0.025566,0.1466,-0.063838,0.083203,0.015524,0.082143,-0.0010443,-0.041864,0.17404,0.32757,0.27051,0.20191,0.10348,0.31206,0.17698,0.17776,0.28921,0.011401,-0.11874,0.15511,-9.3005e-06,-0.0083333,-0.080696,-0.098618,0.19172,0.2062,0.13375,0.017219,0.020842,0.022102,0.18771,-0.04368,0.19847,0.36601,0.5112,0.12307,0.10096,0.18386,0.43723,0.064033,0.1475,0.12168,-0.033803,-0.0021641,0.15861,0.22608,0.033892,0.32002,0.25312,0.11327,0.28622,0.14584,0.2147,-0.059063,-0.0010548,0.25426,0.07923,-0.046955,-0.14923,0.14751,-0.10296,0.096012,0.14357,0.13416,0.099836,0.39174,0.22337,0.26621,0.31316,0.10997,-0.022194,-0.0067733,0.020324,0.023316,0.18261,-0.022796,0.10319,0.27213,0.1313,-0.072098,0.0025558,0.077178,0.26343,0.28378,0.46252,0.093666,-0.058409,0.10595,-0.0013309,0.05115,0.2584,0.041437,0.2348,0.31715,0.3011,0.29919,0.30507,0.55522,0.55135,0.25477,0.2364,0.66297,0.21897,-0.022529,-0.18477,0.1702,0.14482,0.40951,0.26899,0.23997,0.37207,0.24149,0.052552,0.27125,0.53201,0.57233,0.082385,0.60037,-0.069351,-0.045039,0.038065,0.014001,0.0050946,0.062454,0.071659,0.34674,0.018028,0.14118,0.27248,0.29346,0.19156,-0.044326,0.21139,0.026121,-0.091589,0.0751,0.072185,0.16512,0.11549,0.089074,0.47118,0.29946,0.53909,0.22855,0.23411,0.26003,0.080988,0.04253,0.15462,0.20274,0.11517,0.16394,0.12015,0.20235,0.15092,0.070986,0.29278,0.071083,0.35197,0.30368,0.22073,0.02875,0.08913,0.57008,0.65926,0.41551,0.20374,0.15468,0.22112,0.16827,0.26182,0.209,0.087239,-0.15171,0.048064,0.17977,0.32217,0.17518,0.06674,0.1671,-0.013031,0.072972,-0.014411,0.15035,0.18492,-0.014591,0.16009,0.061931,0.27358,0.41746,0.24374,0.22408,0.10011,0.20142,0.098545,0.023043,0.41517,0.15928,0.06599,0.024078,0.11641,-0.006538,0.017977,0.055135,0.060399,0.13577,0.13813,0.13422,0.10951,0.12456,0.10263,0.20112,0.28269,0.27148,0.63761,0.19994,0.09486,0.56451,1,0.45228,0.45448,0.25786,0.11817,0.18996,0.22163,0.061557,0.047871,0.22856,0.69597,0.23978,-0.05391,0.14658,0.20002,-0.061555,-0.051383,0.15167,0.1206,-0.024902,0.1006,0.40874,0.097715,0.15603,0.18266,0.19231,0.097111,0.39567,0.22783,0.26518,0.22192,0.20965,0.18571,0.0064642,0.25091,0.0099974,0.10011,0.072013,0.086598,0.27213,0.11326,-0.042432,0.21112,0.32928,0.27882,0.26465,0.5771,0.41686,-0.023484,0.3746,0.12697,0.070881
0.12077,0.12134,0.10506,0.12575,0.043455,0.098867,0.14625,0.055213,0.0035439,-0.049024,-0.021835,0.024756,0.25443,0.13378,0.16087,0.14958,0.095347,0.12551,0.42689,0.30498,0.20807,0.19094,0.24641,0.22068,0.24887,0.13929,0.25511,0.33497,0.064041,0.034227,0.022383,0.15366,0.17978,0.021418,0.15065,0.089547,0.23266,0.1294,0.15974,0.16217,0.2151,0.19617,0.16262,-0.021357,0.16608,0.28895,0.15875,0.10399,0.22572,0.33166,0.13159,0.26219,0.19148,0.24207,0.26435,0.075569,-0.046867,0.21725,0.13046,0.048121,0.080964,-0.0071856,-0.14568,-0.0016059,0.045188,0.101,0.13156,0.13642,0.10734,0.3035,0.27634,0.2888,0.26674,0.097466,0.15144,0.00584,0.00026796,0.015729,0.01796,-0.019548,-0.0080477,0.087157,0.069534,0.091932,0.076681,0.28184,0.27226,0.35814,0.2838,0.32792,0.25019,0.12022,-0.057505,0.19208,0.34058,0.21483,-0.087646,0.094893,0.085239,0.20761,0.006776,0.016443,-0.19879,-0.13974,-0.098999,0.30785,0.27997,0.071101,0.19109,-0.090888,0.16577,0.17562,0.17213,-0.050678,-0.023731,0.2021,0.11768,0.054469,0.17139,0.15523,0.14681,0.14923,0.14672,0.012927,0.075509,0.12877,-0.15705,-0.10466,0.047029,-0.11956,0.042345,-0.075986,0.016003,0.1169,0.14973,0.055382,0.01358,0.14551,0.12851,0.22271,0.083514,0.057652,0.16651,0.24377,-0.050003,0.14018,0.22673,0.22529,0.34604,0.33354,0.41571,0.2897,0.2711,0.22688,0.24026,0.067375,0.23227,0.26987,0.23878,0.31407,0.21725,0.20021,-0.031026,0.14582,0.19681,-0.063366,-0.1905,0.033193,0.48633,0.24439,0.18183,0.12079,0.097454,0.07367,0.21807,0.2408,0.21864,0.17081,0.089809,0.24129,0.1138,0.014203,0.019222,0.092317,-0.076376,0.065583,0.12461,-0.033956,0.012974,0.089956,0.044509,0.18481,0.092878,0.21584,0.31095,0.1401,0.053424,0.044719,-0.062676,0.2061,0.030997,0.1596,0.23786,0.18539,0.25152,0.27449,0.26391,0.30564,0.18861,0.067941,0.39999,0.055597,0.11856,0.16138,0.11166,0.026717,0.29477,0.1542,0.1683,0.21377,0.20307,0.088277,0.25884,0.39507,0.37379,0.21001,0.53948,0.19252,0.35854,0.34416,0.17568,0.2278,0.23429,0.37059,0.13462,0.056012,0.11998,0.092854,0.23947,0.10689,-0.050999,0.086178,-0.072138,-0.045561,0.025197,0.073619,0.13009,-0.06048,0.13967,0.25669,0.21736,0.30635,0.18824,0.12101,0.053921,0.16374,0.068023,-0.00057921,0.076009,0.19721,0.32402,0.35362,0.3258,0.36441,0.29125,0.67639,0.39595,0.50744,0.47008,0.47187,0.40356,0.4823,0.46015,0.57288,0.50631,0.51328,0.015061,0.41317,0.19107,0.45687,0.25086,0.30155,-0.12816,0.23225,0.092227,0.61105,0.37534,0.51035,0.42952,0.053493,0.19895,0.21457,0.30948,0.20792,0.0069734,0.34842,0.21091,0.081221,0.17911,0.090377,0.24037,0.074138,0.18696,0.054585,-0.10967,0.19018,0.053735,-0.048894,0.016019,0.090435,0.095774,-0.036938,0.047638,0.0248,0.035777,0.038318,0.036317,0.20069,0.060955,0.14386,0.18585,0.23181,0.064816,0.34388,0.12602,0.11803,0.39955,0.45228,1,0.53961,0.4978,0.46281,0.30968,0.15681,0.13813,0.042873,0.28233,0.41447,0.050039,-0.11035,0.19601,0.21812,0.17376,0.30057,0.15635,-0.027113,-0.064064,0.52636,0.74403,0.55668,0.089972,0.14811,0.12142,0.13687,0.28754,0.10371,0.23086,0.12851,0.1234,0.37961,0.29586,0.23581,0.10945,0.1454,0.11342,0.094261,0.10336,0.30294,0.20373,0.44036,0.27882,0.094352,0.085287,0.23738,0.52511,0.20182,0.16887,0.14093,0.14672
0.20241,0.12696,0.1827,0.18765,0.08559,0.081911,0.072197,0.035988,-0.025063,-0.0626,-0.026271,-0.041111,0.24925,0.107,0.19005,0.13956,0.068633,0.0077245,0.22342,0.24244,0.30524,0.22463,0.24707,0.14774,0.24159,0.20152,0.30873,0.33494,0.098687,0.12256,-0.013416,0.23078,0.089861,-0.1128,0.21133,0.098634,0.26371,0.15808,0.19102,0.20559,0.13957,0.27611,0.10391,-0.057841,0.09742,0.24075,0.17389,0.017281,0.16941,0.28995,0.016799,0.21681,0.088693,0.10915,0.31276,0.074746,-0.092524,0.27661,0.14161,0.084754,0.10484,0.069704,-0.19809,-0.013379,-0.015025,0.0831,0.1818,0.17132,0.15235,0.34205,0.26796,0.30915,0.24742,0.15379,0.19972,0.018191,0.0028413,-0.002688,0.020414,-0.0044872,-0.037941,0.036243,0.070216,0.071792,0.083105,0.11313,0.19525,0.31492,0.12347,0.14307,0.15737,-0.058376,-0.052452,0.13948,0.16693,0.11352,-0.042227,0.08064,0.10834,0.079812,-0.054538,-0.031637,-0.24238,-0.12375,-0.19749,0.075058,0.19319,-0.0059908,0.034416,-0.11097,0.14513,0.067157,0.078653,-0.060131,0.03832,0.11067,-0.024497,0.044623,0.18762,0.17039,0.15623,0.09408,0.17292,0.10597,0.13142,0.16735,-0.098209,-0.088141,0.050016,-0.15127,0.037913,-0.088965,0.0090875,0.17902,0.21208,0.10392,0.035222,0.15455,0.17415,0.21799,0.12076,0.10675,0.2087,0.33441,0.048952,0.17227,0.21942,0.23477,0.10863,0.38742,0.39396,0.16185,0.21045,0.27514,0.2564,0.045544,0.25006,0.21166,0.21082,0.33791,0.14791,0.18225,-0.12078,0.065449,0.2149,-0.040735,-0.20032,-0.16664,0.40265,0.14892,0.19033,0.10765,0.14028,0.14897,0.30484,0.26471,0.24891,0.22743,0.13112,0.065743,-0.017776,-0.0043551,0.058952,0.073803,-0.10054,0.044858,0.14845,-0.018481,-0.097805,-0.054067,0.052014,0.13537,0.087988,0.31172,0.29647,-0.022136,0.06347,0.037771,-0.086146,0.18682,0.027252,0.20551,0.26804,0.20219,0.26038,0.30558,0.32071,0.35286,0.23542,0.11359,0.37511,0.13684,0.056107,0.0013525,0.15311,0.052274,0.33655,0.20576,0.19791,0.24153,0.15071,0.12171,0.25914,0.35683,0.31065,0.17794,0.53681,0.068933,0.27984,0.28915,0.0078621,0.24383,0.12623,0.32381,0.17992,0.050432,0.050834,0.17207,0.25003,0.15221,0.0065104,0.1308,-0.076611,-0.070593,0.036629,0.11415,0.15867,0.078266,0.15184,0.32283,0.25593,0.33001,0.20995,0.19026,0.11763,0.056266,-0.037877,0.019787,0.13342,0.14226,0.17806,0.12839,0.22018,0.33062,0.29142,0.44142,0.27307,0.42798,0.29951,0.32585,0.31887,0.25353,0.43779,0.53908,0.44303,0.37154,0.038318,0.23165,0.1685,0.36613,0.14918,0.16521,-0.20436,0.089353,0.021593,0.36354,0.34983,0.2592,0.34534,0.016811,0.13618,0.11236,0.27148,0.16487,0.014027,0.24882,0.04505,0.10224,0.23901,0.11486,0.23066,0.11814,0.17455,0.11586,-0.085463,0.29417,0.019991,-0.0417,0.071773,0.066441,0.057434,0.021114,0.062782,0.086539,0.052584,0.064385,0.080324,0.21781,0.11728,0.19044,0.26644,0.35551,0.1131,0.48801,0.18315,0.13174,0.48175,0.45448,0.53961,1,0.4811,0.25727,0.19542,0.12465,0.093426,-0.094645,0.19732,0.46662,0.12586,-0.17349,0.19409,0.18615,0.025708,0.12554,0.10068,0.011504,-0.18661,0.20469,0.60341,0.44598,0.12305,0.16803,0.16339,0.1643,0.34835,0.16214,0.26793,0.13804,0.080339,0.26923,0.21276,0.21494,0.09436,0.14135,0.098116,0.13912,0.10304,0.14752,0.076711,0.27351,0.33138,0.13914,0.062859,0.34333,0.55774,0.10748,0.28388,0.075212,0.082692
0.024291,0.10102,0.23231,0.17322,0.018397,-0.026564,0.096963,-0.02186,0.041451,-0.028766,-0.073425,-0.08003,0.083842,0.081483,0.12317,0.11153,0.02467,-0.05033,0.33877,0.049316,0.10942,0.050093,0.047453,0.055703,0.0984,0.0037156,0.16816,0.11023,-0.10368,0.022644,-0.15973,0.0040176,0.11803,-0.10301,0.080389,0.14266,0.12612,0.03852,0.079901,0.095789,0.029674,0.10855,-0.0043276,-0.23308,-0.042345,0.14523,-0.056667,-0.076852,0.38326,0.3243,0.084539,0.37094,0.20075,0.24417,0.085843,-0.16479,-0.24338,0.10705,0.015623,-0.079282,-0.10649,-0.16164,-0.32121,-0.15724,-0.18843,0.0045047,0.1884,0.050688,0.035648,0.126,0.088666,0.1057,0.055085,-0.048931,0.075448,-0.08118,-0.041702,-0.037332,-0.17279,0.056182,-0.063549,-0.1546,0.019363,0.17341,0.031024,0.20563,0.32979,0.39143,0.27378,0.37993,0.31182,-0.039963,-0.34402,0.028639,0.17897,0.075165,-0.26707,-0.12073,-0.10163,-0.029972,-0.18691,-0.049139,-0.35109,-0.25129,-0.32187,0.20145,0.29482,0.13063,0.17844,-0.22882,0.049805,0.1214,0.12211,-0.089283,-0.18248,0.067002,0.14671,-0.058317,0.064428,0.0065386,0.040127,0.053077,0.03637,-0.07155,-0.057674,-0.020191,-0.24723,-0.18255,0.040539,-0.25565,0.09161,-0.14952,-0.062638,-0.0017802,0.087068,-0.023289,0.1155,0.080751,0.10069,0.10567,0.066895,0.093889,0.05168,0.077616,-0.061208,0.017269,0.17174,0.019673,0.13118,0.345,0.42176,0.12303,0.23269,0.068364,0.084778,-0.13426,0.23902,0.01992,0.1459,0.19133,-0.030629,-0.030212,-0.21488,0.07275,0.063911,-0.1072,-0.35969,-0.16717,0.49511,0.27235,0.032783,0.024832,0.044421,0.099455,0.15463,0.23898,0.13044,0.04886,0.018031,0.21506,0.055049,-0.016343,0.052077,0.049036,-0.053491,-0.050443,0.058013,-0.31763,-0.17291,-0.060719,-0.016693,0.065655,-0.028304,0.065653,0.33835,0.077353,-0.037465,-0.11055,0.019822,0.016632,-0.0058073,0.073156,0.045595,0.01035,0.065096,0.088504,0.15705,0.10772,0.054841,-0.097366,0.25854,-0.041901,0.14876,0.12807,0.10002,-0.013854,0.074073,0.042948,0.11903,0.11546,0.099499,0.0030806,0.051271,0.26383,0.32661,0.06021,0.28559,0.071368,0.50354,0.38795,0.13513,0.46249,0.33012,0.41934,0.066808,-0.11918,-0.08415,0.094376,0.11786,-0.018478,-0.15907,-0.0067527,-0.24774,-0.2131,-0.098637,-0.014073,0.060281,-0.026258,0.062227,0.11253,0.08838,0.11292,0.020991,-0.0085637,-0.01524,0.014819,-0.024707,-0.15087,-0.078082,0.23499,0.23251,0.13622,0.38754,0.45603,0.25654,0.57475,0.32028,0.6213,0.47507,0.51649,0.55247,0.23657,0.23632,0.42285,0.30141,0.33904,-0.20088,0.13667,-0.0135,0.26192,-0.06118,0.038518,-0.3456,0.073413,-0.12648,0.525,0.42138,0.28895,0.47465,-0.020633,0.10944,0.21026,0.2844,-0.031272,-0.15225,0.12402,0.084313,-0.036439,0.042093,-0.0055862,0.099504,-0.020211,0.12572,-0.022894,-0.067387,0.066468,-0.16656,-0.19462,0.014958,-0.11877,0.06551,-0.068191,-0.063606,-0.034737,-0.066921,-0.15204,0.12492,0.056803,0.14226,0.039226,0.11157,0.21085,-0.033836,0.21218,0.089503,0.077663,0.2266,0.25786,0.4978,0.4811,1,0.28323,0.25051,0.17676,0.022723,-0.1909,0.13456,0.25224,-0.039393,-0.24709,0.04257,-0.013603,-0.10985,0.093219,-0.049601,-0.15579,-0.26794,0.27706,0.64647,0.60477,0.010274,0.077105,-0.014221,0.022221,0.18054,0.12446,0.15273,0.090516,0.17398,0.41981,0.21567,0.058834,0.087217,0.05441,0.12268,-0.025463,0.13129,0.032949,0.14647,0.21901,0.27516,0.0038798,0.021298,0.055264,0.49604,0.20346,0.056419,0.075454,0.041227
0.079571,0.051323,0.066599,0.082008,-0.0091351,0.082252,0.15965,0.08662,-0.0044616,-0.0091623,0.021169,-0.0083029,0.17271,0.076146,0.1094,0.1445,0.082702,0.21521,0.46861,0.19245,0.1257,0.10153,0.1374,0.14202,0.11865,0.063538,0.11628,0.21707,0.043492,0.036097,-0.022367,0.084697,0.14802,0.007947,0.051205,0.042669,0.1218,0.051821,0.052767,0.019485,0.0926,0.11865,0.10313,-0.010446,-0.046793,0.12098,0.046819,0.16196,0.16736,0.24386,0.048332,0.1374,0.22489,0.18302,0.13142,0.010242,-0.024973,0.088264,0.077931,-0.01128,0.055973,0.0063938,-0.07584,0.01177,0.085469,0.087146,0.0517,0.081282,0.075787,0.16542,0.19491,0.16497,0.16746,0.049663,0.11616,0.0093765,0.064415,0.02883,-0.032095,-0.088464,-0.025587,0.11106,-0.015551,0.038102,0.080992,0.3203,0.16957,-0.011663,0.32636,0.22669,0.14514,0.13822,-0.1298,-0.091668,0.22061,0.33437,0.026794,0.045802,0.17445,0.21139,0.15547,0.23223,-0.058716,0.037859,-0.15391,0.15893,0.13585,0.14564,0.1214,-0.069261,0.048044,0.1897,0.013454,0.038697,0.034985,0.32766,0.16673,0.031206,0.12897,0.06625,0.052531,0.12685,0.063752,0.0025964,0.048604,0.087419,-0.13345,-0.056249,0.05169,-0.08459,0.042676,-0.021634,0.047345,0.078554,0.076534,0.043836,-0.0022252,0.12372,0.072217,0.15266,0.058125,-0.013552,0.10886,0.088428,-0.022086,0.080152,0.091835,0.022489,0.11032,0.099991,0.21528,0.4167,0.24633,0.18139,0.20097,0.14558,0.10138,0.17404,0.21289,0.22689,0.11726,0.14459,0.1507,0.29533,0.14517,-0.046755,-0.07428,0.15873,0.27899,0.30001,0.082879,0.10307,0.066347,0.034238,0.096375,0.16126,0.11173,0.10059,0.037733,0.15881,0.13467,0.067108,0.0005913,0.039774,-0.071364,0.067058,0.057571,-0.087722,0.11645,0.3342,0.016762,0.13145,0.073936,0.12827,0.14667,0.17161,0.045018,0.0064129,-0.066607,0.10609,0.058816,0.12906,0.12321,0.087142,0.11926,0.18115,0.12405,0.15869,0.16803,0.151,0.11525,0.0059657,0.090099,0.15269,0.034053,0.052022,0.19943,0.09377,0.065885,0.10953,0.10237,0.084097,0.19254,0.17033,0.097542,0.090854,0.25124,0.30183,0.32511,0.24127,0.15632,0.18275,0.24417,0.22348,0.048634,0.043492,0.12266,0.031042,0.11945,0.012828,-0.037715,0.10549,0.0043265,-0.034698,0.022714,0.078559,0.10219,-0.069628,0.30564,0.1516,0.16248,0.1555,0.15834,0.097698,0.036341,0.14505,0.1355,-0.02262,0.011475,0.10324,0.1591,0.4369,0.12376,0.22547,0.23895,0.46461,0.38805,0.091947,0.39506,0.41766,0.45672,0.55117,0.17436,0.19823,0.25411,0.53498,0.18531,0.43847,0.41909,0.36833,0.38674,0.52041,0.0093895,0.47119,0.0023566,0.34938,0.16719,0.46124,0.31821,0.099234,0.18725,0.23448,0.082177,0.28902,0.11042,0.5161,0.51568,0.083454,0.11049,0.060852,0.16763,0.063999,0.14337,0.052076,-0.00070621,0.052955,0.048791,-0.0053484,-0.011858,0.074492,0.020849,-0.0019679,0.037041,-0.0080953,0.089305,0.16522,0.019771,0.13837,0.044713,0.095702,0.1275,0.064332,0.029294,0.14402,0.061651,0.084843,0.14103,0.11817,0.46281,0.25727,0.28323,1,0.29753,0.078143,0.22824,0.25378,0.36027,0.17619,0.076836,-0.0066397,0.13404,0.12778,0.43959,0.64089,0.27478,0.057716,0.13025,0.63386,0.40986,0.57576,0.037473,0.14388,0.010187,0.11275,0.19134,0.075807,0.13407,0.075416,0.088505,0.19641,0.25127,0.16537,0.10606,0.16612,0.10952,0.1278,0.048939,0.26352,0.3253,0.66385,0.1146,0.034455,0.076644,0.1257,0.26015,0.22805,0.035835,0.09429,0.058698
0.078785,0.062781,0.13837,0.092111,0.054036,0.066331,0.11675,0.10942,0.0096743,-0.024733,0.041854,0.044487,0.20061,0.12298,0.15973,0.072192,0.043585,0.16431,0.29025,0.17187,0.13664,0.10556,0.15934,0.13578,0.1753,0.09596,0.11698,0.20263,-0.0094275,0.026139,0.0068026,0.088789,0.096954,0.054949,0.10419,0.1443,0.13746,0.10574,0.109,0.15958,0.17981,0.12384,0.066551,0.015797,0.06492,0.095689,0.091607,0.13537,0.092274,0.18272,0.15667,0.13238,0.1504,0.14744,0.16777,0.053346,-0.029165,0.11155,0.083607,0.044824,0.060954,0.034769,-0.062636,0.046413,0.11849,0.088028,0.076825,0.096562,0.098839,0.14603,0.13961,0.15935,0.12959,0.062822,0.091524,0.055041,0.038567,-0.042611,-0.038462,0.0072623,0.064003,0.031399,0.099783,0.081082,0.13001,0.13839,0.085261,0.14029,0.15336,0.24303,0.18491,0.116,-0.056285,0.026856,0.16022,0.14809,-0.0068407,0.032766,0.061549,0.059793,0.038113,0.031465,-0.065323,-0.016805,-0.056246,0.18555,0.1591,0.12817,0.10512,0.015697,0.093899,0.077137,0.12932,0.030724,0.058284,0.086279,0.13514,0.023265,0.10886,0.14079,0.028532,0.093787,0.11297,0.082374,0.061687,0.10415,-0.087349,-0.026558,0.0011578,-0.077656,0.022062,-0.074966,-0.019065,0.10431,0.06365,0.026558,0.0088888,0.02948,0.048744,0.059918,0.014199,-0.03548,0.10197,0.070225,0.073928,0.06534,0.063475,0.075529,0.1408,0.15165,0.21561,0.16427,0.22571,0.15088,0.18074,0.071863,0.15974,0.10553,0.087108,0.11655,0.15733,0.1145,0.048857,0.10466,0.096592,-0.016527,-0.059106,0.071026,0.2086,0.15058,0.11381,0.090256,0.08731,0.068258,0.14405,0.1326,0.13448,0.1398,0.0656,0.14815,0.059618,0.050337,-0.017746,0.10635,-0.056636,-0.017656,0.06511,-0.058381,0.01497,0.11545,0.052911,0.11621,0.099029,0.088493,0.027042,0.14567,-0.011297,-0.0075605,0.023408,0.13526,0.056927,0.091512,0.13079,0.13696,0.19098,0.1652,0.14826,0.19208,0.055151,0.072232,0.17578,0.052069,0.10837,0.14243,0.053808,0.067183,0.17689,0.11085,0.16541,0.1459,0.1056,0.03655,0.14105,0.13908,0.19445,0.0051828,0.1721,0.115,0.15486,0.13256,0.1458,0.072669,0.18146,0.22848,0.09499,0.015964,0.12146,0.11641,0.11207,0.062875,-0.0034806,0.0019181,0.0011959,-0.056374,0.0090337,0.091875,0.065896,0.0093875,0.10412,0.16401,0.13525,0.17816,0.15329,0.073658,0.075493,0.10695,0.092617,0.046295,0.04856,0.17379,0.22702,0.23903,0.17638,0.19501,0.14857,0.31933,0.2348,0.21201,0.33648,0.30568,0.29126,0.28142,0.10581,0.22065,0.17942,0.27883,0.072642,0.21231,0.091352,0.1287,0.11775,0.25541,-0.030876,0.25201,0.10856,0.28764,0.20295,0.20804,0.27786,0.12122,0.15342,0.095598,0.076708,0.10479,0.042178,0.22222,0.26935,0.023609,0.11292,0.096178,0.11609,0.079102,0.075148,0.0024997,-0.032348,0.13147,0.054819,0.0063893,0.016706,0.12419,0.020484,-0.0043432,0.041748,0.045664,0.046348,0.097571,0.074458,0.14438,0.095132,0.055037,0.098293,0.018963,0.060793,0.061997,0.1022,0.064734,0.1187,0.18996,0.30968,0.19542,0.25051,0.29753,1,0.13693,0.098112,0.086038,0.17818,0.1718,0.053039,-0.0074539,0.12395,0.088926,0.16583,0.22632,0.083136,0.013652,0.016796,0.36441,0.30747,0.27775,0.053651,0.10793,0.12145,0.082686,0.14797,0.10238,0.13636,0.086014,0.074865,0.25593,0.15411,0.12245,0.072962,0.15884,0.11876,0.078946,0.11078,0.085761,0.1875,0.32978,0.19747,0.068293,0.1012,0.099086,0.20157,0.21644,0.053367,0.12854,0.14427
-0.008565,0.034751,0.12253,0.091741,0.031279,0.011745,0.15393,0.10548,-0.00072987,0.041027,0.0086567,0.014736,0.15417,0.13746,0.1527,0.052449,0.094766,0.062921,0.19262,0.09436,0.14827,0.13273,0.11709,0.10353,0.15221,0.088489,0.23137,0.1685,0.049146,0.059448,0.089484,0.099456,-0.015103,-0.10842,0.1205,0.1103,0.10018,0.11593,0.14078,0.18287,0.11489,0.10648,0.050365,0.076544,0.12646,0.069429,0.13106,0.087734,0.008498,0.039417,0.097133,0.028273,0.061119,-0.028744,0.16072,0.003831,0.050645,0.09648,0.19172,0.10005,0.041305,0.019853,0.022679,0.04787,0.0053535,0.10331,0.14901,0.13088,0.076781,0.20477,0.14675,0.20345,0.10914,0.11258,0.11065,0.09337,0.02297,0.037707,-0.041557,0.058254,-0.005782,-0.014401,0.066583,0.093549,0.11857,0.022663,0.024311,0.14028,0.16671,0.15896,0.0029622,0.11109,0.0065506,0.094195,0.070823,-0.014237,0.065773,0.05804,0.13967,0.10705,0.059592,0.059645,-0.0074776,0.0041872,0.007258,0.072828,0.013883,-0.014799,-0.047633,0.041188,0.04627,-0.007015,0.064714,0.044681,0.067138,-0.024578,0.074645,0.058343,0.11681,0.13203,0.077091,-0.0041649,0.15957,0.1017,0.074435,0.10961,0.0081571,-0.10846,0.099401,0.034651,0.055526,-0.12113,-0.13102,0.047462,0.13644,0.091393,0.01671,-0.030184,-0.0045166,0.10056,-0.025942,0.082506,0.13132,0.085358,0.063495,-0.0030139,-0.0041265,0.091861,0.0035917,0.043474,0.044725,-0.040652,-0.014961,0.062587,0.046057,0.033697,0.16901,-0.0097452,0.037612,0.088199,0.043884,0.12033,-0.02478,0.0015177,0.10272,0.069425,0.033947,-0.054253,0.066762,-0.058467,-0.0040451,0.069604,0.090561,0.073696,0.1581,0.09951,0.12918,0.12784,0.013411,0.02577,0.062091,0.040513,0.071553,0.14346,0.01341,0.085502,0.10534,-0.0066201,-0.015533,0.041367,0.046903,0.092876,0.2094,0.16868,-0.020217,0.026228,0.0095026,-0.031378,0.13004,0.14231,0.1168,0.12146,0.13031,0.14751,0.10466,0.11934,0.24261,0.19322,0.076817,0.098082,0.20127,0.11291,0.045511,-0.046341,0.082306,0.1013,0.13091,0.099193,0.088511,0.14785,0.1284,0.040464,0.07258,0.13611,0.22528,-0.021567,0.15477,-0.014411,0.0092245,0.031533,0.13599,0.058743,0.095115,0.025133,0.14202,0.0066526,0.10925,0.13443,0.1472,0.069605,-0.0053807,0.11607,0.061533,-0.0027999,0.084344,0.11419,0.12311,0.10284,0.038064,0.19782,0.14116,0.18561,0.11656,0.12195,0.16787,0.062299,0.06137,0.062167,0.085122,0.12325,0.14277,0.13237,0.22942,0.1143,0.042651,0.20148,0.090023,0.16589,0.2184,0.22138,0.097953,0.043574,0.15536,0.20605,0.13263,0.11613,0.11019,0.10311,0.077542,0.088342,0.10538,0.038263,-0.022148,0.056693,0.078992,0.23504,0.08006,0.039681,0.11585,0.089673,0.048179,0.0063929,0.076343,0.064522,0.041657,0.065693,0.086389,0.14258,0.1894,0.11442,0.01765,0.0082577,0.083743,0.021945,0.092497,0.11659,0.041876,0.033753,-0.0018274,0.052149,-0.022274,0.024134,0.0050526,-0.0093406,0.14779,0.11383,0.16215,0.0097118,0.11619,0.029758,0.10974,0.060461,0.091055,0.11853,0.11856,0.1008,0.11906,0.22163,0.15681,0.12465,0.17676,0.078143,0.13693,1,0.089354,0.10119,0.13994,0.22817,0.18878,0.061752,0.073118,0.11428,-0.051692,-0.020747,0.088761,0.055998,0.074438,0.10992,0.16122,0.093008,0.06115,0.040719,0.066577,0.0027273,0.16442,0.14705,0.10467,0.13082,0.18602,0.10112,0.062103,0.13606,-0.010423,0.04859,0.091953,0.012379,0.16424,0.056051,0.024123,0.13056,0.1865,0.097586,0.15693,0.15417,0.13203,-0.016978,0.1497,0.14078,0.039145
0.018857,0.019471,-0.015819,0.0062203,0.033462,0.01182,0.079526,0.020504,-0.035213,-0.010457,-0.004985,-0.010039,0.078891,0.056588,0.066538,0.052949,-0.018423,0.031694,0.16343,0.10779,0.050241,0.10645,0.12906,0.11165,0.10808,0.05176,0.11743,0.1371,0.10227,0.097879,0.013325,0.098954,0.06746,-0.0065927,0.054578,0.07184,0.12513,0.080902,0.10625,0.0581,0.04999,0.069354,0.060744,0.038116,-0.045497,0.11224,0.0050697,0.15796,-0.0064841,0.093002,-0.021798,0.041703,0.071488,-0.038373,0.10423,0.065266,0.062594,0.089701,0.05954,0.038725,0.11147,0.014189,0.054407,0.15428,0.12703,0.15689,0.090984,0.098659,0.14458,0.15868,0.14397,0.1218,0.12103,0.055303,0.11336,0.057563,0.038613,0.11633,0.027259,-0.05509,-0.015342,-0.016331,-0.075959,0.018001,-0.039814,-0.0036184,0.037695,-0.042979,0.021772,0.0039741,0.00042927,-0.073969,-0.0088417,-0.015696,0.01484,-0.032146,0.056806,0.1226,0.12952,0.064182,0.19279,-0.011354,0.026553,-0.043656,-0.023728,0.029048,-0.011501,-0.035289,0.0008593,-0.12578,0.0065919,0.033091,-0.037023,0.13785,0.13057,0.056574,-0.036415,0.075327,0.10365,0.052197,-0.011265,0.069794,0.022292,0.010121,0.0047002,0.082146,0.012061,0.0072694,0.066536,-0.04489,-0.011262,0.0030057,0.05736,0.062623,0.12219,0.15693,0.017088,0.041041,0.0038995,0.058632,0.044457,0.016245,0.083224,0.057302,-0.018375,0.026973,0.11057,0.0090867,-0.0080779,0.040918,0.017789,0.073815,0.049658,0.055729,0.10125,0.18693,0.12415,0.069969,0.097696,0.12039,0.1246,0.19247,0.053078,0.099189,0.16825,0.054595,0.070661,-0.030896,0.05299,0.0076584,0.12276,0.040277,0.075205,0.030671,0.10493,0.12536,0.11338,0.092194,0.033005,-0.01279,0.095449,0.060344,-0.0003634,-0.00035834,-0.018975,0.034244,0.012277,-0.0046967,-0.020476,0.027833,0.012054,0.12572,0.051099,0.040434,0.058829,-0.031231,0.019635,0.010455,-0.017372,0.1119,0.16581,0.11383,0.14054,0.12434,0.12598,0.097726,0.11149,0.11215,0.19131,0.1394,0.018157,0.094019,0.066949,0.0096414,0.049477,0.1755,0.15531,0.06441,0.11581,0.11701,0.161,0.18153,0.061024,0.045177,0.007894,0.1151,0.1095,0.19246,0.027934,0.092403,0.0025971,0.064493,0.039911,-0.011617,0.043298,0.074477,0.14964,0.048504,0.11353,0.0037044,0.14835,0.075494,0.095792,0.13723,0.22278,0.18262,0.16706,0.076917,0.21048,0.14159,0.15194,0.10552,0.12916,0.10226,0.060676,0.1218,0.078862,0.027632,0.077805,-0.00060055,0.0086002,0.13228,0.071183,0.079343,0.098229,0.10811,0.15286,0.0082239,0.010503,0.069014,0.15777,0.0739,0.1008,0.066566,0.14792,0.068832,0.13811,0.13444,0.27058,0.12298,0.29085,0.12208,0.10457,0.077702,0.021045,0.087448,0.051392,0.10576,-0.010106,0.0010537,0.022852,0.041364,-0.0037149,0.19838,0.25338,0.18128,0.12199,0.07861,0.082804,0.054281,0.10295,0.049932,0.11204,0.092861,0.021566,0.005371,-0.0082334,-0.020457,0.048988,-0.018523,-0.05431,-0.0097223,-0.0032851,0.017627,0.19131,0.2248,0.026858,0.015533,-0.030478,0.063285,0.02985,0.019249,0.021506,0.089998,-0.015927,0.097654,-0.016355,0.061557,0.13813,0.093426,0.022723,0.22824,0.098112,0.089354,1,0.29654,0.35408,0.091735,0.060519,0.20964,0.1412,0.20252,0.17984,0.2013,0.26645,0.065665,0.17318,0.096378,0.091408,0.11976,0.076563,0.062921,0.050504,0.05689,0.10233,0.1138,0.12564,0.11643,0.046043,-0.029328,0.068537,0.12189,-0.0013068,0.083253,0.043936,0.10887,0.085129,0.059545,0.068372,0.1505,-0.013983,0.030817,0.028393,0.091047,0.07857,0.055962,0.053962,0.025352,0.010355
-0.015844,0.0092478,-0.050456,-0.070752,-0.028783,0.096599,0.095432,0.053088,-0.020161,0.0096639,0.068276,0.028197,0.17831,0.074827,0.039699,0.027127,0.037962,0.10721,0.1733,0.090092,0.078241,0.077904,0.096013,0.10997,0.09827,0.048877,0.12922,0.14845,0.21722,0.11577,0.11339,0.071571,-0.056793,-0.0033504,-0.011752,0.022402,0.11002,0.035778,0.054874,0.033197,0.090586,0.058991,0.0762,0.33855,0.016799,0.13358,0.12033,0.41447,-0.20042,-0.037482,-0.062846,-0.11681,-0.055532,-0.17911,0.11095,0.13046,0.29259,0.065482,0.11279,0.1181,0.29747,0.16199,0.36926,0.44514,0.40795,0.26493,0.062347,0.14723,0.23251,0.19959,0.1774,0.13306,0.18863,0.20926,0.15742,0.174,0.079361,0.14452,0.099241,-0.088765,-0.043839,0.03721,-0.094926,-0.079028,0.029219,-0.096201,-0.12478,-0.18395,-0.04567,-0.074041,-0.16777,-0.01301,0.14463,-0.03176,-0.018594,-0.038355,0.33653,0.2399,0.35749,0.21081,0.49984,0.11987,0.32786,0.088965,0.14014,-0.050031,-0.057017,-0.13714,-0.083605,-0.0019894,0.03982,0.011415,-0.024317,0.2839,0.47584,0.05188,-0.10654,0.077347,0.11552,0.073561,0.018241,0.093387,0.051115,0.11414,0.081551,0.15169,0.13963,0.078624,0.066736,0.051572,-0.0054312,0.075835,0.043397,0.10457,0.27751,0.39252,-0.0376,-0.011688,-0.046622,0.086535,0.0085017,-0.063386,0.045884,0.033751,0.04419,0.0078083,-0.03678,-0.012064,-0.05353,-0.090123,-0.11331,0.053568,-0.041981,0.099283,0.10768,0.59106,0.077527,0.065212,0.20282,0.15404,0.16779,0.42228,0.23334,0.1725,0.21582,0.22805,0.47974,0.057527,-0.14812,-0.14397,0.039187,0.02277,0.010661,-0.014198,0.059752,0.087383,0.019807,0.09209,0.0054238,-0.11879,0.13795,0.056538,-0.032576,0.043656,0.031565,0.099691,0.035455,0.13251,0.012021,0.15368,0.027307,0.093533,0.079965,0.10286,-0.08914,-0.077779,0.036834,0.057609,-0.062018,0.078757,0.36534,0.047567,0.10997,0.11347,0.095089,0.0975,0.124,0.11108,0.21993,0.37765,0.0039583,0.017914,-0.039737,-0.0020117,-0.058296,0.29675,0.18404,0.028247,-0.011659,0.088264,0.14869,0.36702,0.06237,0.018036,-0.046416,0.099755,0.053923,0.25336,-0.12547,-0.095844,-0.01028,-0.13283,-0.10245,-0.13748,0.056424,0.19348,0.30351,-0.026693,0.11057,0.10541,0.34424,0.1822,0.43207,0.37256,0.37689,0.32922,0.23948,0.085144,0.25183,0.18415,0.15409,0.10378,0.19455,0.24106,0.20672,0.22126,0.21819,0.17005,0.12043,-0.046415,-0.014134,0.21013,-0.09465,-0.094186,0.015017,0.035228,0.12806,-0.17909,-0.028279,0.0053754,-0.060497,0.070814,0.12274,-0.014178,0.13084,0.021947,0.5723,0.18407,0.47271,0.083129,0.63899,0.25507,0.4499,0.19944,0.14743,0.016275,-0.098909,0.069254,-0.11893,0.07109,0.07049,-0.0031718,-0.084552,0.37977,0.59662,0.25875,0.23378,0.16523,0.13914,0.16344,0.08238,0.024516,0.090285,0.18735,0.13865,0.076551,0.17673,0.14574,0.075878,0.099038,-0.059223,0.00090946,0.082304,0.069503,0.49006,0.64405,0.024168,0.0067621,-0.042431,0.040363,0.079503,-0.042915,0.04385,0.034307,0.019673,0.11552,-0.020701,0.047871,0.042873,-0.094645,-0.1909,0.25378,0.086038,0.10119,0.29654,1,0.44338,0.10244,0.35004,0.6689,0.13973,0.2707,0.36552,0.23455,0.43223,0.32245,0.73172,0.14118,-0.053728,-0.031854,-0.0097215,0.074717,0.02734,0.066693,0.042157,0.20683,0.012605,0.13217,0.040883,-0.10623,0.068255,0.18026,-0.0049721,0.10265,0.030349,0.11707,0.061124,0.13623,0.073237,0.20751,-0.0070399,0.035876,0.062321,0.11021,-0.066103,-0.012379,0.028303,0.073283,0.031911
0.06557,0.052057,0.058106,0.08919,0.050927,0.12101,0.15475,0.13035,-0.008923,-0.033782,0.092213,0.031736,0.27873,0.24931,0.24479,0.15178,0.10055,0.20061,0.3057,0.40842,0.32085,0.44654,0.44263,0.36105,0.4754,0.33098,0.38682,0.4024,0.41852,0.40424,0.094246,0.44892,0.21147,0.10805,0.42192,0.42925,0.47968,0.46208,0.48096,0.39478,0.31624,0.34119,0.17368,0.2398,0.072295,0.35074,0.10182,0.38543,0.037846,0.23493,0.098404,0.091195,0.16368,0.041626,0.32004,0.13615,0.17931,0.21394,0.21342,0.085207,0.21165,0.18208,0.18071,0.30283,0.34421,0.32733,0.39608,0.42969,0.54464,0.42018,0.34834,0.38331,0.32156,0.17623,0.33574,0.10302,0.097784,0.17335,0.11365,-0.057136,-0.0038407,0.049966,0.0042281,0.075991,0.083342,0.043441,0.10543,-0.073598,0.055438,0.077154,0.132,0.017801,0.043624,-0.062404,0.061207,0.042118,0.25849,0.34652,0.39694,0.24645,0.37758,0.14259,0.072805,0.030274,0.032769,0.046973,0.068541,0.022725,-0.016022,-0.052142,0.059206,0.040544,0.015993,0.38838,0.35345,0.19189,0.01688,0.13275,0.25147,0.15806,0.10702,0.22652,0.14347,0.063409,0.087718,0.22146,0.058874,0.036525,0.15151,0.018972,0.11328,0.037285,0.082522,0.15864,0.35878,0.46377,0.015782,0.1779,0.073717,0.29736,0.058323,0.012943,0.18965,0.19805,0.088924,0.10671,0.15978,0.097269,0.040674,0.056126,0.055545,0.24449,0.11026,0.21018,0.32682,0.38906,0.50059,0.20438,0.27246,0.42625,0.40807,0.53167,0.24823,0.36923,0.58964,0.13799,0.20662,0.07771,0.16093,0.070674,0.40934,0.15264,0.19193,0.10087,0.37055,0.44538,0.52563,0.49633,0.15914,0.046736,0.23565,0.20566,0.020423,0.017182,-0.027112,0.10076,0.16384,0.071068,0.070162,0.10861,0.063588,0.26822,0.14537,0.25363,0.12661,0.018532,0.051188,0.11331,0.011123,0.4149,0.29629,0.45049,0.46096,0.45483,0.46362,0.43157,0.37674,0.38142,0.49912,0.36474,0.11239,0.3895,0.15939,0.10856,0.37239,0.56214,0.48946,0.43581,0.45205,0.49228,0.49964,0.3838,0.26999,0.24728,0.12226,0.18736,0.26259,0.19445,0.087695,0.18304,0.062537,0.073787,0.085588,0.11025,0.21428,0.21016,0.31401,0.11539,0.32581,0.13209,0.25817,0.24703,0.12757,0.16846,0.47519,0.27087,0.47817,0.3278,0.6178,0.36293,0.30941,0.37927,0.22407,0.24264,0.14399,0.23784,0.142,0.14309,0.18932,0.073983,0.092815,0.20168,0.1054,0.18472,0.14674,0.204,0.19186,0.048135,0.11293,0.16705,0.18698,0.21195,0.1818,0.16599,0.18233,0.16456,0.26737,0.12749,0.42698,0.21851,0.41822,0.25978,0.069988,0.27201,0.10995,0.15936,0.070487,0.20536,0.12632,0.075364,0.14981,0.081415,0.040175,0.52489,0.39407,0.28465,0.20418,0.22189,0.24775,0.1591,0.29989,0.14781,0.30522,0.19575,0.073946,0.14304,0.13399,0.018309,0.099941,0.019499,-0.035451,-0.011324,0.048007,0.040265,0.3056,0.43366,0.061956,0.10397,0.015742,0.16982,0.12429,0.12401,0.086899,0.22042,0.074983,0.16482,0.10107,0.22856,0.28233,0.19732,0.13456,0.36027,0.17818,0.13994,0.35408,0.44338,1,0.27192,0.2503,0.24592,0.38745,0.49246,0.32636,0.34206,0.60387,0.13801,0.18324,0.26418,0.24445,0.23344,0.33605,0.22689,0.16328,0.059329,0.46421,0.5011,0.55789,0.41031,0.24664,0.092776,0.15855,0.37715,0.015336,0.12484,0.076372,0.1899,0.21511,0.11541,0.21153,0.25783,0.10655,0.1319,0.15958,0.28136,0.19719,0.098519,0.08783,0.12092,0.16781
0.091003,0.11513,0.15294,0.09153,0.05772,0.059402,0.17841,0.089469,-0.017764,0.0089643,0.011858,0.016066,0.31505,0.1596,0.23239,0.097135,0.12764,-0.00027121,0.27591,0.24693,0.46509,0.29273,0.28296,0.21589,0.35038,0.22296,0.54371,0.49517,0.19085,0.16348,0.29067,0.28809,-0.079925,-0.27125,0.28231,0.23909,0.35131,0.2741,0.32695,0.4147,0.27508,0.41303,0.14125,0.14233,0.2092,0.20919,0.26745,0.081553,-0.082322,0.073415,0.0015263,0.064119,0.0028891,-0.095543,0.46798,0.13021,-0.010366,0.26616,0.33931,0.19482,0.088783,0.086233,-0.079296,0.036474,0.013871,0.15883,0.2671,0.28161,0.23718,0.52916,0.33389,0.52409,0.30928,0.29645,0.26469,0.060438,0.023229,-0.035862,-0.022571,-0.020014,-0.059817,0.0073772,0.013594,0.080532,0.14186,-0.017423,-0.036476,0.19184,0.15049,0.068982,-0.011766,0.058872,0.07061,0.25776,0.13949,-0.0072342,0.10324,0.16616,0.27339,0.18971,0.068746,0.034493,-0.14877,-0.0061079,-0.1095,0.00024699,0.012263,-0.09685,-0.20821,-0.026362,0.14168,-0.029604,0.053193,0.023452,0.13342,0.012971,-0.050636,0.17363,0.29004,0.25868,0.22933,0.10644,0.28364,0.16971,0.15992,0.28696,-0.013777,-0.14175,0.15333,-0.046149,0.0045249,-0.09701,-0.09049,0.1839,0.25799,0.19609,0.018915,0.044315,0.040389,0.19909,0.0059791,0.17487,0.35725,0.46912,0.087514,0.092183,0.14142,0.33927,-0.032031,0.1378,0.13138,-0.041046,0.0049104,0.17494,0.26291,0.068545,0.37095,0.23284,0.13889,0.3168,0.1206,0.23821,-0.093641,0.0097075,0.28165,0.082387,-0.029096,-0.2062,0.11887,-0.12726,0.094217,0.13317,0.13593,0.13049,0.45856,0.31023,0.31796,0.35328,0.094468,-0.067879,-0.038018,0.029149,0.039275,0.15895,-0.030204,0.11499,0.24038,0.099673,-0.11184,0.030317,0.073045,0.24133,0.2536,0.4915,0.074822,-0.083558,0.098894,0.0072109,0.024834,0.27226,0.065472,0.27359,0.33094,0.30419,0.3323,0.33101,0.56706,0.50357,0.27795,0.24848,0.62605,0.23165,-0.059016,-0.23832,0.22072,0.19172,0.43488,0.29418,0.25747,0.40028,0.24701,0.1031,0.24835,0.50664,0.56239,0.057755,0.5902,-0.080751,-0.028383,0.045917,0.012651,-0.00023852,0.062004,0.083551,0.33589,0.040406,0.12462,0.26623,0.34809,0.198,-0.034894,0.23544,0.015758,-0.10986,0.10022,0.096968,0.23816,0.17408,0.14347,0.45539,0.28467,0.50681,0.22571,0.25724,0.26407,0.090399,0.057595,0.11091,0.19073,0.076383,0.15891,0.16714,0.20341,0.1538,0.09411,0.30653,0.055584,0.28185,0.33449,0.2991,0.074402,0.11824,0.58232,0.6354,0.42733,0.30376,0.19631,0.26484,0.24687,0.32746,0.27772,0.14285,-0.1959,0.080084,0.10025,0.33374,0.14471,0.081356,0.18351,-0.027794,0.089591,-0.0017763,0.15614,0.21528,0.026085,0.18859,0.1174,0.26002,0.40066,0.2402,0.20272,0.077591,0.22609,0.13798,0.029883,0.38851,0.1086,0.058751,0.0061934,0.080397,-0.014344,0.0016394,0.054746,0.056863,0.15963,0.17293,0.17205,0.12052,0.13288,0.092262,0.21014,0.29047,0.22698,0.62342,0.20248,0.12352,0.47249,0.69597,0.41447,0.46662,0.25224,0.17619,0.1718,0.22817,0.091735,0.10244,0.27192,1,0.29557,-0.058503,0.14116,0.20392,-0.019331,-0.017171,0.19573,0.10917,-0.0044908,0.11057,0.41551,0.13358,0.19712,0.17498,0.17593,0.096771,0.45636,0.29524,0.28942,0.23594,0.20096,0.13728,-0.0082899,0.29553,-0.024751,0.095738,0.093496,0.081378,0.26005,0.12805,-0.049317,0.29883,0.26996,0.25042,0.24841,0.56286,0.36322,-0.042994,0.3563,0.12434,0.057127
0.012116,0.047286,0.10046,0.082539,0.039518,0.088352,0.13097,0.051194,-0.018426,2.4297e-06,0.10006,0.045176,0.27837,0.12625,0.20113,0.040865,0.11958,0.17113,0.1132,0.18271,0.4119,0.23894,0.21958,0.1365,0.23309,0.13899,0.36097,0.30622,0.20278,0.16021,0.10859,0.22439,0.0010199,-0.032908,0.17216,0.061255,0.23413,0.16072,0.21326,0.26743,0.13581,0.30827,0.13242,0.38669,0.12542,0.23092,0.34216,0.29241,-0.092052,0.075898,0.076958,0.0022575,0.026692,-0.083622,0.2842,0.19885,0.2404,0.19286,0.29264,0.238,0.38587,0.19581,0.21733,0.32762,0.20687,0.35196,0.20646,0.22361,0.17546,0.40994,0.4032,0.32928,0.33755,0.37854,0.25816,0.1937,0.054216,0.022242,0.062598,-0.025479,0.032252,0.10636,0.098601,0.019285,0.18504,-0.051094,-0.022038,0.073895,0.076868,0.0094665,-0.070295,0.12846,0.17211,0.05102,0.042463,0.032734,0.28144,0.19432,0.27689,0.1821,0.21632,0.14906,0.1722,0.14245,0.070717,-0.038162,-0.072044,-0.10153,-0.12191,0.14099,0.088594,-0.071667,0.059003,0.12546,0.38792,0.0044654,-0.06698,0.1687,0.21958,0.28187,0.14009,0.1277,0.24619,0.33678,0.2126,0.25817,0.11858,-0.037319,0.14556,0.11789,0.034499,0.028252,-0.034343,0.20325,0.36871,0.33612,-0.072618,0.011303,0.01449,0.16806,-0.022553,0.00638,0.21877,0.2243,0.13896,0.068533,-0.0016838,0.18131,-0.0052706,0.016478,-0.03757,-0.016193,-0.045546,0.18959,0.21895,0.31982,0.27502,0.1361,0.26484,0.23766,0.19327,0.3247,0.077838,0.097374,0.21801,0.32972,0.33249,0.0023738,0.020595,-0.0969,0.076869,0.10235,0.086581,0.071148,0.34189,0.29547,0.17734,0.30735,0.068789,-0.03717,0.044475,0.043666,0.047404,0.12875,-0.0054042,0.19801,0.20279,0.17115,0.031295,0.052161,0.052817,0.18118,0.22664,0.36806,-0.032319,-0.035827,0.094552,0.05458,0.072555,0.19249,0.43616,0.22989,0.25918,0.25787,0.21887,0.25876,0.35255,0.29473,0.24857,0.33959,0.13169,0.20668,0.025172,-0.00024883,0.086648,0.23768,0.32138,0.18852,0.12695,0.28827,0.14661,0.34592,0.19729,0.17158,0.1108,0.10656,0.2194,-0.0086708,-0.09757,-0.031118,0.079527,-0.12189,-0.013431,0.012827,0.20166,0.19707,0.23255,0.14039,0.246,0.26705,0.35215,0.23383,0.31381,0.25225,0.25067,0.40276,0.27135,0.23644,0.174,0.35678,0.34609,0.26621,0.31222,0.354,0.33589,0.158,0.11096,0.26272,0.18631,0.11346,0.10628,0.057262,0.062323,-0.0060668,-0.039802,0.035147,0.038274,-0.018756,0.022807,0.076544,-0.09808,-0.016813,0.10806,0.099797,0.07406,0.012913,0.36552,0.015966,0.25913,0.092853,0.28948,0.10941,0.22157,0.089362,0.15118,0.0078122,-0.000432,-0.0222,0.045363,0.11154,0.082815,-0.011235,-0.037176,0.29351,0.33123,0.090396,0.028817,0.30758,0.3518,0.27199,0.10894,0.034193,0.081993,0.28393,0.15439,0.24141,0.18937,0.16801,0.019155,0.15057,-0.02753,0.072573,0.14363,0.099191,0.42969,0.45135,0.12655,0.12167,0.10224,0.13906,0.10862,0.031204,0.17929,0.20613,0.21684,0.13121,0.19083,0.23978,0.050039,0.12586,-0.039393,0.076836,0.053039,0.18878,0.060519,0.35004,0.2503,0.29557,1,0.37879,0.2469,0.29034,0.051192,0.023479,0.25499,0.34965,0.33773,0.026218,0.093636,-0.012061,0.13227,0.19991,0.12318,0.11127,0.35685,0.39942,0.16826,0.29703,0.20438,0.038001,0.060064,0.24493,0.01475,0.10258,0.033561,0.1269,0.19379,0.055903,0.076399,0.066016,0.12325,0.19989,0.22019,0.27571,0.090309,-0.060957,0.18572,0.10624,0.11528
-0.048711,-0.027494,-0.051137,-0.062793,0.01043,0.026972,0.021527,-0.028048,-0.013189,-0.022737,0.011824,0.0057761,0.092001,0.027427,0.041043,-0.012693,0.011293,0.031911,0.010968,-0.02718,-0.020326,-0.028417,0.018564,0.019001,0.020926,0.012551,0.049279,0.048633,0.097957,0.0091461,0.091799,-0.022818,-0.045791,0.079504,-0.076242,-0.097338,0.013054,-0.06594,-0.029723,0.010451,0.02191,-0.029858,0.0027488,0.33228,-0.038487,0.096896,0.15474,0.3947,-0.14856,0.021469,-0.0091872,-0.10701,-0.066322,-0.16852,0.047901,0.15579,0.33015,0.048896,0.067532,0.096041,0.3215,0.087337,0.37022,0.50462,0.37614,0.18972,-0.056586,0.071556,0.10868,0.087888,0.054785,0.064054,0.043901,0.16848,0.040551,0.18358,0.064687,0.08374,0.063985,-0.066431,-0.01301,-0.029196,-0.0043963,-0.083947,0.063183,-0.13422,-0.041964,-0.13045,-0.12709,-0.1073,-0.17644,-0.067112,0.13845,-0.019771,-0.12873,-0.16049,0.22694,0.15951,0.20956,0.021465,0.36886,-0.013119,0.35208,-0.0081144,0.11764,-0.079851,-0.10395,-0.1815,-0.091987,0.019549,0.027942,-0.063293,-0.014751,0.21401,0.46953,-0.045722,-0.071237,0.051428,0.075409,0.044887,-0.020405,0.045085,0.035773,0.11854,0.098666,0.087748,0.16535,0.037203,0.036816,0.032489,-0.031142,0.040888,0.0084664,0.044815,0.16976,0.25788,-0.049756,-0.085001,-0.065813,0.0061815,-0.042427,-0.072266,-0.0062107,-0.00084769,0.036891,0.019921,-0.06665,0.0069034,-0.058865,-0.11484,-0.19031,-0.046253,-0.097321,0.073673,0.027716,0.57782,-0.0039367,0.016365,0.1685,0.070378,0.1911,0.44759,0.12146,0.019198,0.12912,0.21754,0.413,0.030101,-0.11481,-0.11073,0.01611,-0.02582,-0.0067928,0.013952,-0.033428,-0.064225,-0.075821,0.018259,-0.0079044,-0.084131,0.17014,-0.013643,0.0044502,0.069284,0.020182,0.10833,0.022467,0.10167,-0.01006,-0.030575,0.037127,0.033665,0.056021,0.0092894,-0.13406,-0.083843,-0.0042632,0.032195,-0.040262,0.0035677,0.38972,-0.05664,0.027909,0.054885,0.025402,0.015259,0.034743,0.007331,0.06246,0.19758,-0.09721,-0.0053581,-0.049674,0.097773,-0.1462,0.21494,0.061258,-0.066889,-0.072207,0.0026669,0.040376,0.37529,-0.037211,-0.084226,-0.084043,0.11596,-0.029294,0.20733,-0.18216,-0.077005,-0.022966,-0.15639,-0.10756,-0.14628,0.0041219,0.18537,0.26844,-0.018642,-0.0045075,0.12088,0.37488,0.078596,0.49819,0.56414,0.38415,0.2681,0.12686,0.069218,0.071049,0.08977,0.048599,0.019965,0.10461,0.16942,0.1566,0.15528,0.16009,0.20155,0.11221,-0.0074081,-0.025945,0.088782,-0.032471,-0.15977,-0.047412,-0.098637,0.14816,-0.19619,-0.13289,-0.11154,-0.12338,-0.084772,-0.038065,-0.11821,0.0033594,-0.15728,0.37549,0.017719,0.27632,-0.055807,0.41392,0.096489,0.50573,0.03593,0.20978,-0.094567,-0.16671,-0.081215,-0.16066,0.14579,0.042479,-0.072167,-0.13272,0.22737,0.58119,0.14439,0.083136,0.12647,0.12967,0.092019,0.018619,-0.00075352,0.00050239,0.1659,0.11081,0.032791,0.13478,0.13556,0.024181,0.091272,-0.059565,0.0003853,0.047554,0.056553,0.39797,0.5227,0.023659,0.0016025,-0.0023792,0.030613,0.041337,-0.1201,0.045252,-0.082274,0.089002,0.12608,-0.067309,-0.05391,-0.11035,-0.17349,-0.24709,-0.0066397,-0.0074539,0.061752,0.20964,0.6689,0.24592,-0.058503,0.37879,1,0.18835,0.37704,0.17529,0.059393,0.34461,0.23534,0.61591,0.011329,-0.12501,-0.093676,-0.081703,0.04102,0.029374,0.068532,-0.032871,0.076154,-0.084623,0.14875,0.057852,-0.1263,0.085416,0.06012,-0.034022,0.073842,-0.043427,0.037835,0.06012,0.0065409,0.05762,-0.012796,-0.042159,0.053404,0.072668,-0.012704,-0.12074,-0.097139,0.014002,0.060811,-0.0070568
0.14789,0.038742,0.053533,0.1199,0.0975,0.16772,0.056283,0.10095,-0.035903,-0.053553,0.046842,0.078133,0.32044,0.19336,0.19892,0.17073,0.12042,0.25281,0.08871,0.5123,0.31654,0.47482,0.51265,0.35085,0.45534,0.3715,0.2937,0.37371,0.32525,0.22135,0.02878,0.48594,0.28478,0.27613,0.39977,0.18259,0.35575,0.34965,0.38612,0.34042,0.2746,0.30709,0.2546,0.26983,0.13617,0.39811,0.25139,0.42053,0.12857,0.39819,0.19966,0.14635,0.15692,0.15862,0.35584,0.34183,0.30455,0.21917,0.19591,0.14204,0.2982,0.17298,0.16147,0.35505,0.39338,0.20589,0.12841,0.41654,0.31735,0.3527,0.311,0.3264,0.25499,0.21145,0.17361,0.1325,0.074998,0.069315,0.19244,-0.0058321,0.11498,0.15112,0.21594,0.084785,0.17494,0.075012,0.17891,0.080109,-0.011711,0.0050918,0.15197,0.053134,0.15304,-0.035319,0.039108,0.098151,0.17588,0.25826,0.24145,0.11273,0.17679,0.093619,0.13721,0.058762,0.10278,0.016039,0.092721,0.03201,0.028925,0.14086,0.13798,0.034744,0.10456,0.13017,0.31828,0.15531,0.039384,0.17471,0.15319,0.21319,0.16705,0.23463,0.22567,0.16711,0.20192,0.28697,0.073465,0.0852,0.043037,0.017466,0.05639,0.081032,0.087063,0.1763,0.15901,0.22018,-0.053857,0.18578,0.12504,0.41747,0.034768,-0.070825,0.2553,0.21923,0.13671,0.23834,0.049919,0.18067,0.12984,0.11005,0.095781,0.1947,0.14018,0.26807,0.31439,0.32149,0.28328,0.24939,0.21349,0.38319,0.60857,0.55599,0.23934,0.24872,0.4336,0.10967,0.1548,0.17812,0.27292,0.18689,0.52194,0.20881,0.25912,0.12808,0.30622,0.22882,0.48281,0.47987,0.26121,0.12355,0.19861,0.10098,-0.013126,0.059452,-0.0079054,0.15091,0.18603,0.14451,0.1536,0.01474,0.013096,0.23473,0.19339,0.28985,0.090618,0.068439,0.13523,0.14009,0.006934,0.50278,0.15205,0.45368,0.53256,0.48553,0.47318,0.47776,0.26305,0.28771,0.3546,0.19774,0.031199,0.43611,0.16139,0.28068,0.32083,0.34662,0.40492,0.43031,0.36127,0.39958,0.25364,0.28022,0.33278,0.15868,0.016142,0.29871,0.25075,0.16254,0.11798,0.31628,0.10775,0.038681,0.030559,0.22126,0.12261,0.24979,0.30179,0.10089,0.20055,0.25625,0.26508,0.12206,0.12509,0.31657,0.37986,0.16916,0.24528,0.28775,0.36106,0.17974,0.21231,0.31075,0.16644,0.17405,0.061766,0.15584,0.15683,0.23696,0.22829,0.15912,0.19176,0.070682,0.12227,0.20379,0.18571,0.11913,0.24827,0.051208,-0.030284,0.075762,0.11343,0.13766,0.057713,0.090123,0.098211,0.027472,0.13387,0.031589,0.2503,0.14959,0.22983,0.20592,0.13374,0.13261,0.22014,0.0026813,0.1023,0.11038,0.15728,0.16769,0.22806,-0.026392,0.038357,0.39803,0.24029,0.27064,0.032718,0.18065,0.23477,0.092176,0.26821,0.15118,0.20036,0.22849,-0.0044532,0.2516,0.18019,0.12113,0.087508,0.16847,0.065457,0.10407,0.12072,0.054785,0.12281,0.26042,0.02478,0.22503,0.078774,0.32383,0.083242,0.076179,0.10949,0.14631,0.22086,0.14488,0.14029,0.14658,0.19601,0.19409,0.04257,0.13404,0.12395,0.073118,0.1412,0.13973,0.38745,0.14116,0.2469,0.18835,1,0.64343,0.21283,0.21329,0.4613,0.11683,0.090763,0.18517,0.21773,0.21514,0.31708,0.29194,0.25362,0.2059,0.44866,0.23628,0.52189,0.33277,0.15721,0.13887,0.27377,0.33659,0.092415,0.16961,0.075292,0.16345,0.092567,0.13986,0.1904,0.089677,0.074055,0.16278,0.16489,0.225,0.19734,0.051054,0.16588,0.15824,0.29551
0.10362,0.0279,0.022963,0.081442,0.10096,0.18116,0.099273,0.077051,-0.041022,-0.047637,0.058327,0.022265,0.31815,0.20025,0.22189,0.15118,0.14167,0.19945,0.10423,0.47979,0.27755,0.46178,0.50137,0.35342,0.49405,0.35441,0.33557,0.40219,0.33427,0.22697,0.12314,0.48121,0.20401,0.18552,0.42402,0.18358,0.35843,0.38698,0.43468,0.38512,0.30251,0.30126,0.25828,0.30316,0.13976,0.42359,0.2712,0.47001,0.0029901,0.35129,0.14145,0.083378,0.085257,0.021225,0.39461,0.35645,0.33888,0.2364,0.22763,0.17011,0.29898,0.15492,0.17898,0.42623,0.40859,0.21137,0.15319,0.44917,0.36469,0.37226,0.29276,0.37487,0.24667,0.22752,0.15232,0.17456,0.072341,0.063254,0.15944,-0.044401,0.06035,0.12956,0.18825,0.05483,0.21838,0.0078252,0.11292,0.033978,-0.012363,-0.040881,0.030814,0.054956,0.1869,-0.0087063,0.038065,0.025517,0.20761,0.32037,0.34431,0.1489,0.26369,0.052244,0.13191,0.040096,0.10027,-0.010721,0.032026,-0.11134,-0.10119,0.14192,0.17436,9.3296e-05,0.062479,0.16535,0.38179,0.13141,-0.028819,0.16462,0.15375,0.20433,0.18443,0.20939,0.23515,0.14985,0.2072,0.28873,0.1188,0.026718,0.071812,0.029735,0.032899,-0.0061454,0.041472,0.12068,0.16534,0.23182,-0.061272,0.13478,0.087226,0.44464,0.032656,-0.049442,0.23464,0.21636,0.12402,0.26788,-0.0025394,0.16596,0.067065,0.029726,0.0057843,0.15605,0.038577,0.29826,0.33444,0.41777,0.31995,0.22986,0.18575,0.41519,0.64513,0.74254,0.20434,0.15778,0.55979,0.10287,0.21033,0.10961,0.18502,0.05386,0.51603,0.21071,0.23959,0.13959,0.30032,0.18689,0.53281,0.53546,0.26441,0.057879,0.23119,0.11497,0.023744,0.10941,-0.019416,0.19347,0.22607,0.22256,0.11604,0.0052026,0.029809,0.25322,0.24912,0.29297,-0.0087078,0.022422,0.12056,0.11447,-0.0097856,0.49444,0.17943,0.39084,0.52758,0.50322,0.49562,0.50733,0.30791,0.32933,0.33184,0.24897,0.10997,0.42862,0.068579,0.14057,0.32905,0.47235,0.43669,0.45877,0.34888,0.44103,0.31437,0.33873,0.30398,0.16785,0.090847,0.29921,0.28628,0.12718,-0.029596,0.23734,0.073846,-0.066862,-0.016045,0.11837,0.16477,0.24519,0.33426,0.13668,0.20349,0.25331,0.25686,0.1137,0.20182,0.4399,0.52952,0.18688,0.32131,0.33676,0.37161,0.24052,0.19818,0.34905,0.18193,0.19738,0.09466,0.17893,0.17222,0.26781,0.24518,0.15182,0.15998,0.076547,0.15221,0.1542,0.16678,0.11008,0.2444,0.021673,-0.020913,0.08194,0.034128,0.09513,0.11712,0.16299,0.17093,0.063648,0.1868,0.0918,0.33976,0.1522,0.35547,0.17396,0.15571,0.085661,0.23008,0.026296,0.033179,0.070885,0.079153,0.16746,0.22403,-0.06818,0.026823,0.47077,0.35998,0.30458,0.070725,0.17614,0.2576,0.12062,0.25272,0.14566,0.18806,0.17075,0.0030843,0.2564,0.18593,0.13749,0.066572,0.18697,0.050899,0.039805,0.091389,0.059753,0.1471,0.34184,0.065999,0.21083,0.043198,0.29653,0.13768,0.10018,0.13853,0.14612,0.2727,0.21005,0.15258,0.20002,0.21812,0.18615,-0.013603,0.12778,0.088926,0.11428,0.20252,0.2707,0.49246,0.20392,0.29034,0.37704,0.64343,1,0.1801,0.1462,0.61877,0.096794,0.16897,0.15547,0.18195,0.17125,0.3272,0.29431,0.28722,0.21374,0.47511,0.26751,0.57113,0.42538,0.26641,0.04613,0.26917,0.36777,0.051056,0.20776,0.093941,0.1898,0.11927,0.14441,0.13002,0.12731,0.060417,0.17574,0.22261,0.25193,0.17878,-0.011251,0.18339,0.15079,0.25562
0.078437,-0.024163,-0.082664,-0.024591,-0.0080262,0.14877,0.040541,0.11314,-0.044414,-0.043454,0.069162,0.025759,0.21319,0.10691,0.096066,0.10986,0.053621,0.37088,0.23218,0.31405,0.11155,0.15158,0.2403,0.23929,0.21227,0.17296,-0.046632,0.13915,0.23371,0.14364,0.0032307,0.1939,0.28677,0.38794,0.086518,0.036728,0.17245,0.10519,0.091227,0.036784,0.20391,0.13802,0.13645,0.18905,0.068514,0.20161,0.095857,0.39342,0.12451,0.18121,0.098885,0.056947,0.17222,0.22767,0.076183,0.15691,0.2169,0.084051,-0.034822,0.026746,0.22068,0.18348,0.24889,0.27972,0.45477,0.16032,0.01313,0.17506,0.22189,0.063669,0.146,0.059587,0.14719,0.051499,0.10696,0.08032,0.085483,0.099097,0.19432,-0.069346,0.10372,0.25848,0.058926,-0.0054068,-0.0062469,0.31126,0.16756,-0.20737,0.058814,0.051942,0.19838,0.20343,0.092043,-0.12337,0.089233,0.3205,0.22958,0.21974,0.22197,0.22104,0.30353,0.35749,0.2944,0.25156,0.14403,0.044689,0.11609,0.22349,0.15162,0.10234,0.028397,0.1216,0.0063839,0.24898,0.29181,0.40338,0.18014,0.028913,0.07678,-0.0096124,0.02933,0.16886,-0.012224,-0.0088702,0.034502,0.095803,0.065182,0.16922,-0.043328,0.12579,0.015092,0.10197,0.15608,0.089437,0.12038,0.25898,-0.050804,0.156,0.08223,0.1754,0.096829,-0.12194,0.059287,0.024966,0.031778,0.13344,0.07456,0.036983,0.19522,0.056234,0.11566,0.43786,0.26601,0.22212,0.25473,0.37045,0.049955,0.25651,0.23655,0.21551,0.32205,0.28024,0.50356,0.48633,0.2227,0.052753,0.20498,0.4368,0.1945,0.32556,0.24567,0.11098,0.016039,0.0075682,0.060231,0.11624,0.11473,0.12922,0.096971,0.21338,0.20171,0.11641,-0.047335,-0.050506,-0.038502,0.047102,0.011895,0.13007,0.31732,0.25753,0.014463,0.10743,-0.012462,0.053196,0.091761,0.16279,0.053945,0.18849,-0.097178,0.20487,0.10977,0.15494,0.19653,0.19454,0.24717,0.21033,0.011315,0.10684,0.25886,0.31778,-0.080379,0.082153,0.15832,0.3789,0.054121,0.14181,0.23739,0.13683,0.15016,0.11964,0.18942,0.22412,0.21504,0.060345,-0.15935,0.16968,0.12357,0.35746,0.14969,0.12248,0.091754,-0.054163,0.018679,0.11303,-0.041288,0.2053,0.2482,-0.041275,0.092193,0.051319,0.25649,0.17114,0.2275,0.18564,0.18644,0.20274,0.16233,0.035673,0.40362,0.041086,0.13318,0.11319,0.14301,0.13095,0.046478,0.20028,0.15887,0.074023,0.17635,-0.027773,0.10912,0.38225,-0.15483,0.042652,0.15329,0.087308,0.25047,-0.21462,-0.041915,0.0043131,0.12096,0.57621,0.00019118,-0.13125,-0.017949,0.25119,0.39348,0.21711,0.35211,0.21703,0.36625,0.67999,0.32546,0.64089,0.25307,-0.013382,0.0097135,0.39539,0.061265,0.19184,0.12698,0.11713,-0.035476,0.49971,0.34147,0.37179,0.38398,0.061842,0.036529,0.016182,0.23382,0.14197,0.11246,0.08944,-0.023862,0.011069,0.26516,0.095549,0.032854,0.17024,0.034087,0.055018,0.088966,0.058113,0.24766,0.42514,-0.086856,0.16476,-0.052551,0.11495,0.063219,-0.0010566,-0.023313,-0.025802,-0.056813,0.01749,-0.025991,-0.061555,0.17376,0.025708,-0.10985,0.43959,0.16583,-0.051692,0.17984,0.36552,0.32636,-0.019331,0.051192,0.17529,0.21283,0.1801,1,0.70481,0.32144,0.20313,0.34201,0.57311,0.10739,0.19862,0.080568,0.11293,0.068922,0.048646,0.11769,0.055805,0.17583,0.024693,-0.093874,0.036272,0.18745,0.18465,0.051486,0.12211,0.034645,0.16441,-0.021389,0.31689,0.3332,0.39918,-0.040077,-0.011812,-0.024448,0.03826,0.028255,0.13958,-0.010958,0.12901,0.18157
0.043887,-0.00848,-0.041779,0.028657,-0.020969,0.10225,0.045494,0.042433,-0.0081226,-0.047192,0.01307,0.015974,0.16759,0.061899,0.091531,0.13577,0.053058,0.32018,0.31276,0.24167,0.084239,0.10156,0.16886,0.19575,0.1623,0.11383,-0.057017,0.11936,0.067723,0.085714,-0.072902,0.11341,0.33886,0.36401,0.046057,0.028891,0.16663,0.068307,0.071372,0.021389,0.13927,0.10495,0.086088,0.032371,-0.089246,0.1756,0.02487,0.31155,0.30023,0.33249,0.12405,0.17215,0.29278,0.3534,0.048498,0.075923,0.053105,0.059548,-0.036171,-0.017874,0.16517,0.035063,0.0086096,0.12506,0.29564,0.13373,0.0097101,0.1031,0.14057,0.04677,0.1511,0.035888,0.13625,0.013745,0.068002,0.012773,0.076137,0.044765,0.061855,-0.085445,0.043178,0.23479,0.060959,0.023171,0.022445,0.44784,0.29702,-0.16306,0.21148,0.12564,0.27469,0.21056,-0.069673,-0.16477,0.12372,0.43103,0.055535,0.13168,0.16832,0.23791,0.1962,0.38428,0.06256,0.17228,-0.10757,0.12523,0.15443,0.26567,0.20615,0.00049787,0.029043,0.17267,-0.03267,0.18068,0.11521,0.47833,0.21055,0.008011,0.067232,0.0090202,0.0051328,0.18705,-0.030883,-0.043501,-0.019861,0.054577,-0.10157,0.031998,-0.022952,-0.006847,0.024077,0.01091,0.13815,0.079627,0.04385,0.12391,-0.018313,0.15809,0.091083,0.13087,0.068414,-0.049592,0.056707,0.040923,-0.01688,0.11357,0.15382,0.024646,0.21836,0.092835,0.20237,0.56846,0.30325,0.20439,0.2564,0.24447,0.072615,0.26229,0.25332,0.21211,0.26572,0.19993,0.40489,0.54584,0.20548,-0.046807,-0.0041866,0.36954,0.36719,0.4982,0.20293,0.10161,0.018176,-0.0050229,0.043611,0.15757,0.1109,0.091471,0.083034,0.30126,0.23793,0.086395,-0.04143,-0.045581,-0.084903,0.044847,0.0059872,-0.055279,0.28481,0.30869,0.00062189,0.085724,-0.0061597,0.019612,0.20629,0.22925,0.044716,0.087874,-0.1224,0.12676,0.1006,0.13402,0.13333,0.12513,0.18703,0.17283,-0.024245,0.0586,0.18198,0.17922,-0.040154,0.015125,0.18807,0.44299,0.057361,0.10306,0.18482,0.090634,0.13956,0.091903,0.15611,0.18674,0.17277,0.099282,-0.089871,0.15043,0.16555,0.38252,0.32402,0.28953,0.12262,0.10357,0.19712,0.22843,-0.063775,0.1192,0.11647,-0.034142,0.076065,0.0031729,0.14021,0.055582,0.031887,0.069543,0.1125,0.12721,0.11135,-0.030927,0.46015,0.017601,0.10375,0.05141,0.10972,0.088233,-0.055931,0.15407,0.11832,-0.05263,0.023319,0.009264,0.0962,0.42311,-0.054041,0.16173,0.24093,0.25454,0.3221,-0.089409,0.099504,0.17025,0.36145,0.6752,0.016515,-0.019369,0.056562,0.40268,0.17277,0.33008,0.37861,0.36701,0.30422,0.67602,0.084232,0.63282,0.048003,0.15753,0.11024,0.50753,0.21202,0.091632,0.14682,0.18721,0.0051131,0.42754,0.20052,0.46369,0.44737,-0.0078155,-0.01441,-0.02095,0.20604,0.10327,0.10726,0.056349,-0.085085,-0.028653,0.075261,-0.086594,0.0053294,0.074604,0.020165,0.020434,0.019375,-0.0051417,0.1059,0.24518,-0.06843,0.15139,-0.020987,0.09088,0.070357,0.016974,-0.045019,-0.016184,-0.031159,0.042906,-0.0024214,-0.051383,0.30057,0.12554,0.093219,0.64089,0.22632,-0.020747,0.2013,0.23455,0.34206,-0.017171,0.023479,0.059393,0.21329,0.1462,0.70481,1,0.31644,0.04054,0.11695,0.69078,0.31084,0.46272,0.030758,0.12791,0.04664,0.072278,0.13441,0.043883,0.17011,0.057174,-0.029117,0.17665,0.27105,0.14778,0.076171,0.13908,0.066578,0.1256,-0.014704,0.25512,0.37496,0.54434,0.011323,-0.057522,-0.040037,-0.010369,0.13315,0.2278,-0.052866,0.027603,0.1072
0.023777,0.029273,-0.02569,0.025502,0.035682,0.12631,0.092448,0.079466,-0.020559,-0.022407,0.042093,0.023264,0.27453,0.1903,0.16413,0.10765,0.092899,0.18525,0.16507,0.37405,0.2585,0.41661,0.39825,0.32628,0.42613,0.29703,0.31682,0.34858,0.41376,0.35008,0.13494,0.42825,0.14564,0.11042,0.38467,0.32207,0.36114,0.38279,0.42666,0.32016,0.27059,0.26745,0.18668,0.2953,0.060553,0.33736,0.15935,0.44338,-0.034357,0.18421,0.036199,-0.0043582,0.07106,-0.053395,0.28952,0.22286,0.28681,0.16684,0.20812,0.13898,0.2456,0.18015,0.23859,0.37682,0.40268,0.27543,0.2816,0.4193,0.48866,0.35174,0.28196,0.31558,0.26273,0.20838,0.23531,0.13416,0.063812,0.11895,0.13328,-0.068196,-0.0055235,0.084089,0.014398,-0.0051993,0.092519,0.0028244,0.036527,-0.15737,4.4497e-05,-0.051988,-0.037628,0.054676,0.14883,-0.079833,-0.0090727,0.0073494,0.31287,0.34295,0.42739,0.23089,0.40753,0.16212,0.16175,0.084387,0.074451,-0.046732,-0.037481,-0.069173,-0.09541,0.043661,0.094914,0.0016951,-0.0063387,0.35592,0.42313,0.18871,-0.037857,0.14279,0.13439,0.15614,0.13024,0.22264,0.15289,0.091668,0.12587,0.23902,0.12028,0.061506,0.093014,0.027993,0.071177,0.057667,0.071607,0.11192,0.26464,0.41273,-0.046376,0.14547,0.019058,0.32745,0.048684,0.0018472,0.19482,0.18404,0.091814,0.1426,0.041996,0.087818,-0.013558,-0.043254,-0.083847,0.19173,0.0064809,0.18989,0.27826,0.44183,0.3798,0.16587,0.21657,0.3661,0.46518,0.61735,0.26873,0.30238,0.57677,0.13965,0.27876,0.10078,0.052989,-0.006259,0.41554,0.15834,0.1888,0.082424,0.29132,0.29351,0.50448,0.46857,0.16629,-0.0094119,0.17804,0.1327,-0.0030153,0.041816,-0.0028716,0.13644,0.13768,0.15941,0.085912,0.087575,0.014817,0.20737,0.16671,0.25438,-0.015068,-0.021455,0.0806,0.091156,-0.026661,0.40179,0.22076,0.38491,0.42698,0.41554,0.39948,0.38949,0.28373,0.26673,0.4311,0.35726,0.065773,0.36193,0.024646,0.062518,0.32943,0.58187,0.39265,0.41927,0.32106,0.39085,0.32528,0.35454,0.24924,0.18564,0.053323,0.19902,0.21878,0.19687,-0.033119,0.096043,0.01362,-0.063284,-0.013109,-0.0084622,0.13175,0.20619,0.31378,0.090488,0.23075,0.14601,0.26048,0.16183,0.21965,0.33324,0.57522,0.23505,0.41456,0.34032,0.52889,0.21753,0.19431,0.28133,0.15664,0.20275,0.092067,0.16732,0.16477,0.16224,0.18736,0.019687,0.036069,0.14474,0.036706,0.060012,0.080913,0.073249,0.152,-0.097787,-0.013134,0.059876,0.057424,0.13739,0.12818,0.085216,0.12677,0.077552,0.26918,0.14544,0.49917,0.18102,0.4364,0.24544,0.15104,0.19095,0.10753,0.020149,-0.049335,0.11383,0.022053,0.081958,0.1416,-0.021579,-0.039646,0.55315,0.42797,0.30832,0.1957,0.19444,0.18845,0.11108,0.22769,0.11776,0.20717,0.17875,0.045379,0.17046,0.13776,0.075573,0.062539,0.069852,-0.037134,0.00099039,0.040261,0.016018,0.25267,0.45669,0.038469,0.094844,-0.031341,0.15233,0.10824,0.10396,0.098892,0.15363,0.10888,0.13933,0.086212,0.15167,0.15635,0.10068,-0.049601,0.27478,0.083136,0.088761,0.26645,0.43223,0.60387,0.19573,0.25499,0.34461,0.4613,0.61877,0.32144,0.31644,1,0.13357,0.24831,0.1847,0.11388,0.1254,0.30741,0.26362,0.16904,0.10279,0.40194,0.35859,0.48568,0.39157,0.20982,-0.014405,0.1342,0.33493,0.0025725,0.13715,0.037258,0.16613,0.1089,0.10323,0.12363,0.21103,0.041398,0.10625,0.16888,0.23413,0.087506,0.02405,0.10027,0.078044,0.14818
0.031542,-0.0069458,-0.012415,-0.00055412,0.067313,0.1313,0.11318,0.12033,0.014096,0.0065607,0.16853,0.11583,0.22677,0.12119,0.11146,0.071748,0.089435,0.27589,0.1042,0.25569,0.17174,0.15661,0.22687,0.15829,0.16193,0.13902,0.18745,0.28488,0.26211,0.037784,0.094044,0.15925,0.086444,0.11511,0.00024123,-0.034906,0.097486,0.035764,0.064829,0.10118,0.16455,0.11613,0.22163,0.32887,0.1863,0.10537,0.19594,0.27369,-0.12775,-0.024916,0.10011,-0.059649,0.030909,-0.012078,0.20533,0.26364,0.35327,0.18952,0.17931,0.21745,0.42435,0.35249,0.40863,0.33167,0.30145,0.29047,0.040049,0.14817,0.084134,0.31011,0.36696,0.24849,0.34406,0.31412,0.31559,0.22469,0.064666,0.12492,0.27415,0.025748,0.11669,0.13724,0.11494,-0.010358,0.03561,-0.047728,-0.068438,-0.03688,-0.069551,-0.061856,-0.079546,0.066858,0.28739,-0.022316,-0.012895,0.025795,0.34017,0.12544,0.15038,0.080944,0.20401,0.12166,0.44385,0.23929,0.36041,-0.073567,-0.029292,-0.02723,-0.035667,0.24968,0.068634,0.014387,0.003375,0.11447,0.37519,0.019985,-0.077517,0.20578,0.25386,0.19349,0.12191,0.10545,0.15721,0.27529,0.20752,0.27086,0.25788,0.16153,0.042287,0.20055,0.034246,0.16944,0.091483,0.23551,0.31946,0.30028,-0.084161,0.062924,0.010272,0.13904,-0.0025301,-0.076647,0.16982,0.11001,0.1043,0.076271,-0.063385,0.11707,0.053089,-0.0013949,-0.055881,0.019796,0.016643,0.15596,0.17523,0.22367,0.048348,0.11436,0.088621,0.093146,0.17919,0.15603,0.22014,0.11956,0.044442,0.39295,0.40737,0.18255,-0.1097,-0.10063,0.068697,0.081238,0.064096,-0.048395,0.083167,0.085277,0.024483,0.091048,0.099099,0.023696,0.021532,0.14502,0.015136,0.064443,-0.013081,0.11631,0.13617,0.25352,0.20137,0.07003,0.057096,0.19152,0.16279,0.20984,-0.10789,0.034244,0.1377,0.19367,0.09844,0.21212,0.29771,0.092571,0.22502,0.21458,0.17979,0.22756,0.19425,0.29474,0.21656,0.41703,0.012972,0.11635,0.057448,0.047475,-0.038542,0.055193,0.22311,0.12741,0.042181,0.13374,0.12495,0.19047,0.23318,0.026789,-0.10769,0.10332,0.13089,0.01169,-0.096554,-0.07524,0.092999,-0.14253,-0.073695,0.00314,0.096035,0.27825,0.26818,0.063598,0.17275,0.25242,0.40215,0.39588,0.3912,0.2128,0.10292,0.40633,0.15087,0.089807,0.08829,0.3101,0.40727,0.24471,0.36455,0.32056,0.37777,0.21278,0.17502,0.35116,0.31649,0.069677,0.12655,0.048767,-0.062809,-0.050279,0.019341,-0.07597,0.03946,-0.12341,-0.17396,-0.0628,-0.17521,0.0057234,0.048365,-0.057467,0.031994,-0.094648,0.5915,-0.053142,0.148,-0.02466,0.32529,0.18324,0.49866,0.15887,0.35331,-0.13599,-0.019008,-0.0073349,-0.052297,0.20972,0.053819,-0.015819,-0.10233,0.24698,0.33321,0.060957,-0.00069779,0.37489,0.36166,0.25464,0.16265,0.052826,0.10232,0.30677,0.19254,0.16305,0.42768,0.32702,0.061381,0.21668,0.039042,0.17199,0.26751,0.17965,0.50504,0.46712,-0.014112,0.10558,0.035895,0.1482,0.029965,0.03369,0.11199,0.11963,0.088111,0.0015342,0.10228,0.1206,-0.027113,0.011504,-0.15579,0.057716,0.013652,0.055998,0.065665,0.32245,0.13801,0.10917,0.34965,0.23534,0.11683,0.096794,0.20313,0.04054,0.13357,1,0.51808,0.019409,-0.09302,-0.091425,0.055269,0.12509,0.1041,0.061136,0.13707,0.132,0.08644,0.016083,0.0073017,-0.035606,0.059269,0.26191,0.037269,0.070452,0.033514,0.19623,0.08468,0.17874,0.12421,-0.026571,0.021939,0.093987,0.1166,0.23783,0.046037,-0.027583,0.10984,0.19774,0.24634
-0.043692,-0.032602,-0.098434,-0.081623,-0.057872,0.085944,0.068238,0.049123,0.0082747,0.0097762,0.073014,0.041976,0.14773,0.05308,0.025478,0.00065779,0.073112,0.23,0.12484,0.095059,-0.0070001,0.0051722,0.052229,0.079109,0.019291,-0.0055929,0.041594,0.092735,0.20662,-0.021494,0.15751,-0.011393,-0.0022838,0.11966,-0.16201,-0.14674,-0.010427,-0.1183,-0.081714,-0.034289,0.065753,-0.034507,0.11843,0.43034,0.1213,0.10646,0.15644,0.40306,-0.19829,-0.081482,0.01187,-0.12031,-0.056478,-0.13346,0.04102,0.17428,0.39885,0.053881,0.069251,0.10666,0.36763,0.19749,0.53252,0.48052,0.41928,0.20629,-0.12302,0.04864,0.029337,0.13821,0.14851,0.082648,0.15361,0.22328,0.12487,0.22289,0.059869,0.19654,0.20169,-0.053902,0.046724,0.092413,-0.015182,-0.065939,0.033548,-0.057514,-0.10163,-0.14251,-0.086413,-0.076029,-0.16064,0.067674,0.25159,0.0076568,-0.010172,-0.037248,0.33152,0.15263,0.18649,0.13692,0.3915,0.10577,0.54159,0.19225,0.39543,0.0017373,-0.053888,-0.086954,-0.0056776,0.15618,0.060305,0.075062,-0.0069634,0.16862,0.44439,0.026228,-0.048266,0.095148,0.10477,0.059544,0.026835,0.10688,0.032409,0.15324,0.12028,0.14909,0.21442,0.15619,0.048889,0.16486,0.023526,0.14156,0.10922,0.07878,0.20704,0.29022,-0.080391,0.0021705,-0.06364,0.033998,-0.014239,-0.099679,0.0037512,-0.047896,0.051697,0.034537,-0.075136,0.049837,0.032999,-0.10153,-0.15578,-0.017802,-0.054853,0.061001,0.027781,0.47012,-0.064632,0.060263,0.1562,0.04387,0.14474,0.28603,0.26125,0.10711,0.02633,0.31088,0.55777,0.21666,-0.18478,-0.13835,-0.01884,-0.011914,-0.020985,-0.043042,-0.065135,-0.060159,-0.13491,-0.041098,0.0057925,-0.018782,0.14082,0.062661,-0.018524,0.032266,0.048667,0.13604,0.013036,0.2094,0.16068,0.11083,0.044254,0.089849,0.058603,0.032451,-0.13322,-0.036144,0.054179,0.14242,-0.0021598,0.050886,0.29804,-0.047036,0.057847,0.05699,0.034661,0.063247,0.037178,0.070748,0.12876,0.34003,-0.062971,-0.046013,-0.01365,0.07996,-0.16952,0.060741,0.094017,-0.065628,-0.11826,-0.0096879,0.044373,0.22354,0.055507,-0.03263,-0.14464,0.11299,0.017928,0.18654,-0.14416,-0.14268,0.054276,-0.19056,-0.12747,-0.14562,-0.014283,0.25988,0.32414,-0.058897,0.057616,0.1393,0.39282,0.26838,0.54721,0.39326,0.19842,0.32204,0.097039,-0.002925,0.052708,0.11897,0.18091,0.066089,0.21471,0.2183,0.23333,0.2698,0.26645,0.27604,0.2042,-0.006489,0.06916,0.20903,-0.096612,-0.16051,-0.015297,-0.051603,0.082978,-0.21375,-0.1276,-0.078182,-0.18879,0.040123,0.084534,-0.10848,0.080161,-0.062234,0.6568,0.093338,0.31441,-0.014646,0.56581,0.25186,0.68173,0.21932,0.34162,-0.047705,-0.096914,0.028598,-0.16406,0.17718,0.074188,0.0047718,-0.12417,0.2917,0.51814,0.13518,0.13538,0.24378,0.15988,0.12585,0.053571,-0.0053245,0.029824,0.2701,0.19127,0.022531,0.35095,0.30716,0.055422,0.17032,0.019529,0.11182,0.15249,0.091044,0.49049,0.56505,-0.025114,-0.010602,-0.041331,0.061455,0.033777,-0.111,0.0036091,-0.058756,-0.0056178,0.017688,-0.050223,-0.024902,-0.064064,-0.18661,-0.26794,0.13025,0.016796,0.074438,0.17318,0.73172,0.18324,-0.0044908,0.33773,0.61591,0.090763,0.16897,0.34201,0.11695,0.24831,0.51808,1,0.12741,-0.15865,-0.14275,-0.065834,0.052706,0.00071679,0.028681,-0.05737,0.019097,-0.089633,-0.01493,-0.011096,-0.13099,0.029747,0.18028,-0.0058287,0.05306,-0.013899,0.10885,0.036649,0.22497,0.091277,0.10297,-0.047853,-0.0031633,0.05535,0.03221,-0.12799,-0.04779,0.003645,0.17262,0.14571
0.052087,0.052151,0.033705,0.080108,0.0008202,0.096586,0.19229,0.09943,0.027768,-0.049783,0.015852,0.0016193,0.24957,0.14531,0.17648,0.15024,0.12159,0.38372,0.47002,0.29113,0.10199,0.094687,0.20246,0.23431,0.19784,0.10309,0.028908,0.20989,0.0098527,-0.0056663,-0.0064374,0.069015,0.30067,0.26965,0.033599,0.025488,0.15426,0.042502,0.077558,0.073961,0.23289,0.12074,0.12552,0.06433,0.12159,0.20262,0.10034,0.27616,0.31357,0.34937,0.24266,0.2486,0.31413,0.39488,0.1429,0.053442,0.025181,0.12252,0.030526,0.025211,0.094983,-0.035885,-0.0056184,0.084052,0.22584,0.045661,-0.022354,0.10762,0.055477,0.11106,0.15652,0.1365,0.11291,-0.0035797,0.067535,0.036481,0.070674,0.01323,0.0063973,-0.028254,0.10098,0.21863,0.10406,0.078213,0.081838,0.54951,0.33451,0.1091,0.38746,0.44834,0.30888,0.40248,-0.10162,-0.022881,0.30716,0.43125,-0.0065985,0.061405,0.10889,0.24679,0.11729,0.31042,0.02816,0.097234,-0.012054,0.34201,0.21892,0.32359,0.31186,0.066504,0.095049,0.21514,0.10021,0.051887,0.04928,0.43807,0.41217,-0.011338,0.11434,0.03817,0.052544,0.18181,0.04604,-0.037663,0.019299,0.059329,-0.13788,-0.020315,6.356e-05,-0.017148,0.053565,-0.076291,0.067346,0.064309,0.051285,0.039253,-0.01286,0.1512,0.088082,0.1669,0.095204,-0.073285,0.075315,0.030349,-0.016713,0.10385,0.11074,0.10566,0.36976,0.16892,0.29532,0.47453,0.35711,0.21589,0.24917,0.16694,0.095552,0.237,0.23042,0.21213,0.24378,0.17853,0.28269,0.36533,0.10448,-0.043313,-0.039386,0.42075,0.46255,0.46891,0.12564,0.099403,0.031085,0.035722,0.083006,0.11312,0.10175,0.08718,0.064709,0.40255,0.24687,0.045302,-0.019088,0.038146,-0.10108,0.06529,0.047215,-0.074816,0.25489,0.30735,0.0033732,0.14577,0.051819,0.045097,0.17513,0.34524,0.017626,0.081347,-0.036858,0.17268,0.034648,0.14761,0.16302,0.15334,0.2269,0.20691,0.085375,0.15586,0.10074,0.096397,0.14797,-0.014371,0.2108,0.42459,0.026328,0.017207,0.21303,0.082282,0.13403,0.12693,0.19125,0.057267,0.20134,0.21649,0.1727,0.11368,0.28025,0.33918,0.38231,0.3027,0.28283,0.12349,0.26913,0.33474,0.024037,0.086619,0.1479,0.032033,0.1287,0.037669,-0.001114,0.077908,0.04824,0.014173,-0.01498,0.073584,0.069402,-0.099677,0.27829,0.096107,0.12435,0.16255,0.13307,0.083084,0.016302,0.23293,0.16888,-0.0010849,0.074745,0.1882,0.40049,0.59554,0.23822,0.23965,0.23274,0.55498,0.47213,0.20175,0.46104,0.48349,0.44594,0.79304,0.13637,0.16544,0.15587,0.61105,0.13588,0.41462,0.19238,0.3561,0.21824,0.687,0.079035,0.67861,0.2214,0.51089,0.20101,0.63067,0.45694,0.24101,0.24381,0.22144,0.14229,0.30713,0.086819,0.43228,0.54822,0.030054,0.098807,0.014817,0.20279,0.088231,0.11813,0.0040529,-0.081498,0.027992,0.14342,-0.014066,-0.036263,0.16548,0.086834,0.0061425,0.021072,-0.012252,0.087901,0.15526,0.0071261,0.1629,0.041695,0.10507,0.10654,0.0051754,-0.048992,-0.012304,0.04568,0.02994,0.074484,0.1006,0.52636,0.20469,0.27706,0.63386,0.36441,0.10992,0.096378,0.14118,0.26418,0.11057,0.026218,0.011329,0.18517,0.15547,0.57311,0.69078,0.1847,0.019409,0.12741,1,0.52594,0.56854,0.032275,0.15453,0.071141,0.057137,0.17169,-0.00039574,0.16347,0.034779,0.056146,0.31659,0.30728,0.18337,0.089472,0.17784,0.12797,0.079478,0.084625,0.38698,0.42326,0.67462,0.13916,0.029807,0.065842,0.002205,0.20713,0.23922,0.0014267,0.23569,0.20678
0.10682,0.11232,0.1104,0.12815,0.058045,0.077034,0.097446,-0.022226,-0.0020506,-0.067869,-0.086636,-0.033997,0.21821,0.091648,0.16485,0.16715,0.049702,0.067818,0.40067,0.23574,0.25252,0.13767,0.2134,0.19136,0.23892,0.1005,0.25769,0.29451,-0.0057947,0.038995,-0.076482,0.10389,0.21932,0.018163,0.12398,0.1028,0.25402,0.094243,0.16469,0.20282,0.20086,0.23875,0.063093,-0.088379,0.094449,0.29492,0.11399,0.094776,0.41157,0.45083,0.14656,0.39163,0.23918,0.33704,0.23977,0.0075455,-0.16045,0.20287,0.10495,0.0076588,0.057599,-0.088618,-0.2824,-0.034511,-0.019258,0.06678,0.13614,0.10939,0.094007,0.28237,0.22564,0.2592,0.2077,0.042791,0.13634,-0.041698,-0.02579,-0.032761,-0.07595,-0.02207,-0.050269,0.010561,0.038058,0.10939,0.088356,0.31342,0.40037,0.44698,0.30637,0.40467,0.27993,0.056928,-0.18982,0.14044,0.27688,0.17679,-0.17711,0.01367,0.017449,0.12258,-0.055427,-0.023224,-0.30258,-0.21825,-0.23678,0.30445,0.2574,0.097014,0.22942,-0.14323,0.15943,0.17343,0.15714,-0.066096,-0.072583,0.20105,0.14935,0.0066037,0.14324,0.12243,0.11022,0.15235,0.10541,0.00049624,0.046089,0.075513,-0.24186,-0.12768,0.040423,-0.22415,0.042956,-0.12918,-0.0045743,0.094099,0.1421,0.051005,0.036512,0.12888,0.10816,0.21681,0.11077,0.047581,0.14089,0.21739,-0.070075,0.10932,0.24134,0.23761,0.31606,0.37793,0.48074,0.24599,0.29337,0.22646,0.25391,0.037263,0.30598,0.25249,0.30791,0.3648,0.17533,0.18743,-0.14294,0.14392,0.18406,-0.094044,-0.28287,-0.059929,0.63643,0.32896,0.14811,0.06697,0.06549,0.12568,0.28238,0.28715,0.21721,0.15772,0.09567,0.28607,0.12361,-0.053356,0.039237,0.05263,-0.1124,0.048972,0.10692,-0.18821,-0.092866,-0.014771,0.0029853,0.12957,0.0077359,0.17813,0.39774,0.082931,0.010922,-0.0044943,-0.086601,0.15209,0.031099,0.15894,0.20846,0.13994,0.26395,0.26335,0.24402,0.23805,0.15809,-0.02068,0.39392,-0.0027832,0.15652,0.25763,0.10222,-0.00020149,0.27426,0.10255,0.17717,0.24731,0.20623,0.084466,0.2022,0.43733,0.42062,0.20515,0.57798,0.14142,0.51274,0.46736,0.17191,0.37353,0.31947,0.5065,0.11054,-0.010909,0.0016474,0.092162,0.21856,0.08013,-0.080253,0.028982,-0.15079,-0.097458,-0.03616,0.044739,0.11622,-0.064278,0.16396,0.21975,0.17787,0.24429,0.10642,0.096394,-0.006221,0.11338,0.044858,-0.07861,0.03895,0.20543,0.32411,0.32056,0.40347,0.43177,0.3173,0.74165,0.4477,0.64825,0.54586,0.57243,0.5334,0.45847,0.45253,0.61142,0.50326,0.53392,-0.099802,0.37527,0.13631,0.50819,0.16607,0.26228,-0.25478,0.18161,-0.0034063,0.67681,0.45095,0.4802,0.53378,0.03808,0.19802,0.21879,0.3256,0.17016,-0.040429,0.3046,0.15454,0.045392,0.13714,0.029338,0.23449,0.082389,0.18517,0.088164,-0.15515,0.16773,-0.048448,-0.17985,-0.0090336,0.017922,0.077134,-0.039581,-0.015795,-0.011808,-0.0039054,-0.024957,0.063267,0.17967,0.091094,0.1201,0.17958,0.25659,-0.012529,0.34318,0.13205,0.099078,0.38402,0.40874,0.74403,0.60341,0.64647,0.40986,0.30747,0.16122,0.091408,-0.053728,0.24445,0.41551,0.093636,-0.12501,0.21773,0.18195,0.10739,0.31084,0.11388,-0.09302,-0.15865,0.52594,1,0.72641,0.015968,0.17775,0.11212,0.10166,0.31806,0.13667,0.21552,0.1119,0.12677,0.47979,0.30763,0.21283,0.066372,0.13604,0.088056,0.029946,0.1333,0.22238,0.19191,0.42489,0.29322,0.042569,0.030526,0.15359,0.54824,0.20365,0.13785,0.11584,0.12115
0.1169,0.039281,0.12834,0.17755,0.069684,0.10696,0.12022,0.0052393,-0.0087971,-0.056475,-0.031806,-0.038647,0.19292,0.054613,0.12331,0.20181,0.060702,0.0946,0.38026,0.19644,0.13804,0.063309,0.16053,0.15886,0.16574,0.042825,0.071011,0.19955,-0.10278,-0.052051,-0.27497,0.033562,0.31691,0.11887,0.042553,0.014006,0.14855,0.0029628,0.03644,0.06261,0.10645,0.12935,0.085385,-0.18651,-0.060482,0.21524,-0.019608,0.12718,0.48801,0.56225,0.15101,0.43224,0.33353,0.44497,0.15043,0.036182,-0.095993,0.16166,0.019659,-0.026801,0.0959,-0.089647,-0.27667,-0.009486,0.049312,0.029296,0.059826,0.071775,0.0091872,0.13728,0.16881,0.1099,0.15413,0.025109,0.041036,-0.028169,0.025583,-0.051403,-0.0567,0.0042863,-0.018267,-0.039097,0.11539,0.15216,0.14093,0.35633,0.45889,0.28344,0.21969,0.3471,0.33453,-0.052414,-0.29468,-0.12302,0.15935,0.22958,-0.22797,-0.099826,-0.05127,-0.016416,-0.079265,-0.017273,-0.24404,-0.20728,-0.30182,0.16544,0.29501,0.16116,0.1972,-0.10629,0.13192,0.17944,0.093005,-0.10704,-0.068155,0.2201,0.16966,-0.017567,0.066253,0.081808,0.076426,0.12794,0.045796,-0.0031997,0.035861,0.051897,-0.25169,-0.10866,-0.033105,-0.28696,0.015541,-0.11841,0.038124,0.076027,0.072831,-0.044227,0.021182,0.15902,0.13792,0.20958,0.10005,-0.066176,0.11051,0.069606,-0.05825,0.13761,0.13419,0.0010961,0.2032,0.32188,0.43549,0.32792,0.32812,0.24703,0.23747,0.07223,0.15948,0.15489,0.2341,0.28837,0.18845,0.14598,-0.063615,0.19826,0.08717,-0.12352,-0.29748,0.0041484,0.63452,0.48021,0.14366,0.081857,0.047657,0.080203,0.12467,0.21767,0.13476,0.073576,0.087354,0.33433,0.15775,-0.012348,0.029728,0.064089,-0.11094,-0.0004767,0.062862,-0.25721,0.0053672,-0.004567,-0.032716,0.077696,0.0084983,0.054971,0.32711,0.16378,0.024884,-0.0056966,-0.092367,0.066671,0.057816,0.067056,0.11631,0.057142,0.16489,0.2138,0.068871,0.12653,0.06101,-0.066525,0.11468,-0.070243,0.21393,0.39653,0.016211,-0.037826,0.18414,0.050035,0.1144,0.12528,0.09796,0.10052,0.18552,0.1486,0.14701,0.17128,0.31868,0.26906,0.65086,0.63552,0.18958,0.49567,0.39943,0.60164,-0.0056448,0.0074161,0.022391,0.068768,0.12134,0.049714,-0.029074,-0.051558,-0.16703,-0.034746,-0.078588,0.066548,0.054189,-0.11388,0.19004,0.10697,0.1462,0.1214,0.13495,0.051705,-0.053286,0.10436,0.075223,-0.079167,-0.0089084,0.27397,0.35339,0.25505,0.39159,0.53133,0.45132,0.6573,0.6585,0.4823,0.40501,0.5755,0.71185,0.47438,0.11537,0.29154,0.3298,0.45505,-0.10353,0.27967,0.16604,0.38969,0.14295,0.32711,-0.17026,0.26125,-0.018803,0.45178,0.42618,0.45618,0.49128,0.1125,0.23525,0.22987,0.2223,0.14375,0.011976,0.46743,0.25439,-0.061147,0.071517,0.021519,0.19906,0.058879,0.12901,0.049916,-0.12016,0.085773,-0.074138,-0.13981,0.009483,0.01203,0.12719,-0.039459,0.01002,0.0095329,-0.016499,-0.018322,0.061594,0.22795,0.10093,0.15781,0.1085,0.13365,-0.0043978,0.092803,0.16289,0.095498,0.17371,0.097715,0.55668,0.44598,0.60477,0.57576,0.27775,0.093008,0.11976,-0.031854,0.23344,0.13358,-0.012061,-0.093676,0.21514,0.17125,0.19862,0.46272,0.1254,-0.091425,-0.14275,0.56854,0.72641,1,-0.032504,0.14394,0.095599,0.18616,0.22248,0.075369,0.15101,0.063151,0.044455,0.46034,0.4723,0.14755,0.16346,0.22022,0.11658,0.066511,0.040356,0.17553,0.40635,0.40125,0.21664,0.0027937,0.0049785,0.0078997,0.49216,0.29766,0.033424,0.12726,0.18397
0.098572,0.03721,0.04616,0.10874,0.077342,0.071707,0.13125,0.15631,-0.015589,-0.0093427,0.10707,0.095793,0.20539,0.22184,0.21948,0.11207,0.095125,0.15122,0.10314,0.4327,0.3449,0.61743,0.48426,0.34039,0.43801,0.34267,0.31449,0.30209,0.36307,0.33713,0.13334,0.64332,0.09886,0.056913,0.59502,0.40145,0.35194,0.5263,0.46968,0.36842,0.24046,0.33859,0.18744,0.24143,0.16201,0.23993,0.11571,0.16233,-0.10637,0.027296,0.067854,0.0023894,0.022033,-0.054385,0.31548,0.24036,0.1858,0.15425,0.19962,0.11883,0.13157,0.212,0.14287,0.21012,0.20581,0.26665,0.37566,0.51573,0.4339,0.29376,0.23126,0.30178,0.16594,0.20124,0.19535,0.084476,0.066133,0.11078,0.17349,0.0088153,0.055318,0.060271,0.075443,0.043358,0.026516,-0.10948,-0.11189,-0.034352,-0.016516,-0.040474,0.019401,0.040722,0.1104,-0.013012,0.031666,0.0091671,0.21116,0.2289,0.22478,0.11879,0.14509,0.055308,0.041964,0.10271,0.12039,-0.067038,-0.0054635,0.00073137,-0.07996,0.12105,0.042819,-0.089923,0.020648,0.18856,0.19531,-0.0044531,-0.043048,0.13455,0.092048,0.12593,0.14108,0.16043,0.19312,0.088182,0.094493,0.22673,0.11837,0.083885,0.08308,0.074525,0.073963,0.074115,0.049483,0.089344,0.16463,0.24294,-0.011238,0.17173,0.060663,0.29215,0.050455,0.037351,0.19345,0.18772,0.11171,0.072311,0.027681,0.06574,-0.074247,0.0037329,-0.038284,0.044526,0.024647,0.1249,0.21948,0.089369,0.3819,0.061692,0.052319,0.25809,0.34711,0.29316,0.1519,0.11919,0.40281,0.10019,0.17677,0.037325,-0.05528,-0.11637,0.54472,0.19283,0.22435,0.025854,0.34599,0.38179,0.5904,0.55589,0.14796,-0.057685,-0.00046257,0.090123,0.040996,0.005145,0.048031,0.082914,0.14501,0.15988,0.024258,0.038594,0.043086,0.20404,0.19207,0.30147,-0.051073,0.011495,0.11391,0.10783,0.072139,0.5053,0.052015,0.58623,0.51698,0.51454,0.40251,0.37845,0.27574,0.26525,0.36236,0.23252,0.091711,0.63381,0.07913,-0.042796,0.61818,0.43814,0.32709,0.50899,0.41215,0.42201,0.28068,0.1978,0.28176,0.19366,0.11987,0.062739,0.12684,-0.046045,-0.053036,-0.014924,0.041031,-0.074235,-0.010414,0.0028221,0.18161,0.19197,0.22968,0.12178,0.21356,0.15713,0.19092,0.18374,0.037868,0.070943,0.35272,0.095416,0.27689,0.407,0.40391,0.14169,0.1279,0.28389,0.074578,0.11818,0.044965,0.092056,0.07809,0.19354,0.23104,0.047675,0.067338,0.054769,0.053064,0.032597,0.042441,0.011208,-0.063569,-0.018746,0.024579,0.072793,0.012278,0.057182,0.11509,0.087433,0.050697,0.063962,0.080071,-0.000518,0.093948,0.054845,0.088991,0.067584,-0.036214,0.10427,0.11472,0.0047296,-0.058581,0.057484,0.058041,0.084567,0.11442,-0.0027299,0.017632,0.28117,0.052293,0.039885,-0.0011206,0.13762,0.12672,0.067144,0.16161,0.10995,0.20372,0.082534,0.028934,0.16819,0.13427,0.13163,0.048922,0.10047,0.012364,0.029149,0.085981,-0.024714,0.027309,0.12236,0.087286,0.099362,0.05799,0.21423,0.047698,0.1272,0.1212,0.16195,0.058427,0.034203,0.081433,0.15603,0.089972,0.12305,0.010274,0.037473,0.05365,0.06115,0.076563,-0.0097215,0.33605,0.19712,0.13227,-0.081703,0.31708,0.3272,0.080568,0.030758,0.30741,0.055269,-0.065834,0.032275,0.015968,-0.032504,1,0.18201,0.1601,-0.0033379,0.44667,0.33497,0.55263,0.37947,0.152,-0.012057,0.0047982,0.25479,-0.0064559,0.06678,0.098806,0.14633,0.11074,0.10429,0.057827,0.067181,0.077663,0.17289,0.20424,0.25262,0.062869,-0.0029255,0.16613,0.17721,0.19867
0.092659,0.06016,0.051635,0.060396,0.064138,0.11015,0.063873,0.042018,-0.01993,-0.060219,0.02559,0.041142,0.22071,0.071003,0.1558,0.076657,0.088074,0.14736,0.077392,0.33064,0.26562,0.24856,0.32929,0.19029,0.29344,0.2356,0.22662,0.28467,0.20678,0.13155,0.07511,0.27282,0.10095,0.041622,0.21219,0.11563,0.23947,0.21205,0.24813,0.24517,0.17416,0.25623,0.12469,0.1413,0.12713,0.18822,0.14929,0.25069,0.030996,0.18905,0.087788,0.097888,0.078972,0.077126,0.25532,0.14871,0.12329,0.16236,0.14813,0.11309,0.17648,0.12625,0.06819,0.1472,0.1987,0.16175,0.12602,0.22882,0.18768,0.26394,0.22649,0.26435,0.18472,0.14991,0.16806,0.10385,0.065195,0.012499,0.10161,-0.048643,0.037113,0.089516,0.079271,0.020815,0.10261,0.10381,0.08827,0.043653,0.056704,0.012231,0.022112,0.095719,0.087903,-0.0087841,0.055901,0.11067,0.14739,0.1442,0.16422,0.11247,0.09445,0.087626,0.057049,0.082205,-0.00082749,0.007633,0.014258,-0.004678,-0.039008,0.082209,0.09875,0.010472,0.049417,0.04708,0.18465,0.15773,0.043764,0.15594,0.17302,0.15983,0.10301,0.097936,0.14042,0.14524,0.13736,0.21682,0.034143,0.065237,0.023267,0.011849,0.037139,0.037397,0.068719,0.13802,0.14686,0.13936,-0.063404,0.13687,0.074172,0.24888,0.048824,-0.013098,0.20682,0.20819,0.095626,0.15191,0.038031,0.15713,0.059132,0.079402,0.061806,0.1248,0.070924,0.19276,0.25479,0.16012,0.19745,0.17711,0.15496,0.27242,0.28963,0.26521,0.11722,0.12856,0.23718,0.098783,0.079292,0.072154,0.15555,0.074676,0.23368,0.1888,0.1602,0.085951,0.27806,0.178,0.27538,0.30605,0.2284,0.076993,0.070087,0.093399,0.0019736,0.01809,-0.056251,0.092813,0.14171,0.095306,0.06695,0.086429,0.0054026,0.15559,0.10745,0.23642,0.039621,0.035599,0.10144,0.046092,-0.0074707,0.28534,0.10753,0.29002,0.38044,0.30976,0.31732,0.33665,0.23349,0.26433,0.23742,0.17687,0.12212,0.22988,0.051644,0.034707,0.17403,0.18162,0.3262,0.29222,0.24472,0.27318,0.19386,0.12958,0.19865,0.16147,0.10091,0.08304,0.2346,-0.017973,0.03253,0.13644,0.044295,0.018002,0.029811,0.14035,0.14917,0.12257,0.15763,0.070138,0.19977,0.1384,0.096576,0.11525,0.055511,0.032439,0.11723,0.14785,0.13153,0.11552,0.24024,0.20672,0.19057,0.26568,0.13832,0.15273,0.10021,0.092206,0.094259,0.14822,0.13578,0.11169,0.11707,0.067098,0.051593,0.14932,0.11303,0.10673,0.13808,0.040492,0.077897,0.10179,0.065376,0.13326,0.088906,0.14325,0.09638,0.11751,0.13226,0.070739,0.16978,0.12967,0.14877,0.16977,0.0034257,0.13037,0.086994,0.05025,0.098061,0.10436,0.14597,0.062809,0.12811,-0.0078714,0.039361,0.21026,0.13462,0.18615,0.083427,0.15948,0.20663,0.10674,0.2151,0.12676,0.11455,0.13513,0.0077247,0.21873,0.14035,0.0545,0.033009,0.1078,0.025966,0.048554,0.092852,0.070838,0.11256,0.17623,0.029739,0.14561,0.034241,0.2132,0.085532,0.10208,0.096986,0.14451,0.14361,0.055275,0.17528,0.18266,0.14811,0.16803,0.077105,0.14388,0.10793,0.040719,0.062921,0.074717,0.22689,0.17498,0.19991,0.04102,0.29194,0.29431,0.11293,0.12791,0.26362,0.12509,0.052706,0.15453,0.17775,0.14394,0.18201,1,0.21183,0.11447,0.3342,0.16129,0.32543,0.17781,0.25464,0.088016,0.097843,0.22857,0.052485,0.13613,0.065286,0.098799,0.13482,0.079129,0.076701,0.1345,0.11652,0.13544,0.11705,0.22163,0.16622,0.021453,0.11012,0.087274,0.15451
0.12764,0.072296,0.078571,0.063432,0.15217,0.13505,0.051997,0.11341,-0.059167,-0.028292,0.031738,0.085657,0.24574,0.058764,0.1654,0.093208,0.085479,0.12549,0.029203,0.31035,0.29039,0.25786,0.33755,0.21943,0.3213,0.28464,0.18191,0.28237,0.12526,0.047922,0.047831,0.27313,0.10876,0.082281,0.23584,0.12707,0.25995,0.24438,0.26203,0.26818,0.22518,0.23896,0.14219,0.13769,0.17781,0.16781,0.1719,0.17516,-0.02279,0.17863,0.092402,0.067622,0.085078,0.068426,0.28361,0.25474,0.16227,0.1593,0.16961,0.18332,0.1557,0.16379,0.023493,0.12388,0.20452,0.13004,0.068298,0.24033,0.16661,0.20702,0.20553,0.24529,0.2054,0.22421,0.13464,0.09239,0.033642,-0.012701,0.12738,-0.023705,0.045292,0.046526,0.17344,0.0341,0.14103,0.0043063,0.00052622,0.059725,-0.073009,-0.051942,0.036811,0.0079249,0.17071,0.03932,0.051042,0.051598,0.086235,0.098709,0.087767,0.023746,0.057065,-0.015408,0.037107,0.066404,0.03948,-0.021509,0.0012427,-0.046571,-0.11139,0.14132,0.18227,-0.019085,0.073794,-0.01145,0.17155,-0.0082333,-0.049199,0.16608,0.10816,0.18677,0.13183,0.074761,0.18924,0.18146,0.15978,0.21626,0.059755,0.017564,-0.031097,-0.025196,-0.046123,-0.033048,0.013961,0.14244,0.10094,0.079779,-0.066447,0.067115,0.034494,0.16859,-0.019317,-0.087223,0.22977,0.19666,0.13889,0.16257,-0.020751,0.13006,0.018835,0.062553,0.042,0.0086663,0.029734,0.22897,0.26124,0.10956,0.15572,0.17689,0.043284,0.19803,0.30919,0.24365,0.059337,0.0016391,0.17345,0.052921,0.059561,0.02238,0.096956,0.0080443,0.2402,0.20413,0.21115,0.032236,0.25584,0.13443,0.25203,0.30479,0.23358,0.028639,-0.0044651,0.10135,-0.001607,0.089651,-0.017271,0.060736,0.15234,0.15476,0.05419,-0.0027009,0.080837,0.14449,0.17965,0.24545,-0.094437,0.0023823,0.10711,0.095643,-0.01557,0.28125,0.095934,0.19635,0.35277,0.32181,0.37236,0.35853,0.20812,0.27746,0.17645,0.14993,0.13132,0.22773,0.037836,0.03669,0.13976,0.14525,0.35735,0.28807,0.33625,0.27698,0.18208,0.1315,0.21152,0.11074,0.074553,0.045222,0.21775,-0.030629,-0.028382,0.11286,0.040183,-0.022336,0.0052564,0.15788,0.168,0.092208,0.15282,0.15358,0.15409,0.17914,0.10852,0.0096294,0.0079231,0.045995,0.081446,0.12482,0.10775,0.12023,0.19181,0.19725,0.16277,0.27841,0.19043,0.1117,0.10281,0.026996,0.072924,0.16752,0.1636,0.10394,0.16963,-0.0418,0.091146,0.13517,0.15569,0.052241,0.16931,0.037072,0.013083,0.064381,0.040042,0.061293,0.021856,0.11553,0.089742,0.056691,0.11837,0.043299,0.082102,0.036708,0.093029,0.11814,0.040686,0.083636,0.18106,-0.0264,0.08777,0.013812,0.10076,0.1441,0.11827,-0.068679,0.021603,0.15514,0.089573,0.18339,-0.011059,0.072174,0.19364,0.1681,0.16562,0.098358,0.074195,0.077058,-0.012347,0.27634,0.17047,0.13536,0.038553,0.17997,0.045751,0.037698,0.10769,0.10362,0.075153,0.15752,0.056466,0.20528,0.088659,0.22054,0.058971,0.091606,0.15771,0.12071,0.18429,0.098598,0.14959,0.19231,0.12142,0.16339,-0.014221,0.010187,0.12145,0.066577,0.050504,0.02734,0.16328,0.17593,0.12318,0.029374,0.25362,0.28722,0.068922,0.04664,0.16904,0.1041,0.00071679,0.071141,0.11212,0.095599,0.1601,0.21183,1,0.15039,0.29724,0.16632,0.2789,0.1579,0.10938,0.10205,0.12771,0.23606,0.11941,0.18753,0.1144,0.096009,0.076273,0.060148,0.099645,0.04949,0.11905,0.13446,0.13542,0.24068,0.19228,0.027185,0.14134,0.13643,0.18763
0.10316,-0.0017316,0.092708,0.07033,0.11277,0.15912,0.038221,0.042033,-0.018397,-0.072992,0.033817,0.031106,0.18503,-0.055012,0.030522,0.088141,0.07305,0.030801,0.010027,0.15856,0.16015,0.087384,0.12917,0.067332,0.11742,0.079748,0.075633,0.18117,0.02347,-0.014481,-0.0090355,0.081312,0.070358,0.011484,0.079768,-0.039669,0.081895,0.023535,0.035437,0.08994,0.10095,0.12587,0.11498,0.03296,0.090182,0.077954,0.16413,0.099775,0.0087639,0.2122,0.046093,0.068373,0.061172,0.050755,0.15723,0.17855,0.096965,0.10808,0.090295,0.095163,0.14082,0.093253,-0.012507,0.056977,0.10927,0.057204,-0.032422,0.077865,-1.8925e-05,0.11558,0.14625,0.144,0.1434,0.15817,0.016076,0.071262,0.042244,-0.021301,0.047516,0.027753,0.057027,0.071228,0.17252,0.070626,0.16974,0.024435,0.084955,0.11257,-0.075702,-0.055319,0.059644,-0.043753,0.10367,0.012177,0.065979,0.047532,0.0026419,0.047891,0.062449,0.0080173,-0.022087,-0.041871,-0.035894,-0.013947,-0.022768,-0.035592,0.10445,-0.052583,-0.079094,0.071553,0.10497,0.008938,0.092927,-0.098434,0.084598,0.023806,-0.028528,0.081984,0.060902,0.1367,0.13571,0.057271,0.13703,0.1523,0.14739,0.17646,-0.019832,-0.044265,-0.022113,-0.044323,-0.068056,-0.029007,0.049392,0.10037,0.058578,-0.034052,-0.028259,0.048908,0.067819,0.15604,0.012216,-0.080004,0.19289,0.16338,0.098622,0.16475,-0.0071304,0.071367,0.048834,0.1405,0.11361,0.051735,0.04823,0.2173,0.20792,0.098111,0.0059709,0.12347,0.026842,0.15977,0.21055,0.18552,0.010289,-0.013391,0.061224,-0.016049,-0.034311,-0.013246,0.15371,0.073081,0.089538,0.10825,0.081957,0.039252,0.11228,0.010641,0.048546,0.13374,0.13603,0.023033,-0.011423,-0.0031061,0.031263,0.10187,-0.0051362,0.051245,0.084051,0.10584,0.032418,-0.038372,0.032731,0.10473,0.13124,0.16461,0.021132,0.040209,0.044232,0.039936,-0.036093,0.078512,0.07249,0.026641,0.14555,0.10873,0.13468,0.14476,0.096374,0.16626,0.068538,0.073236,0.064668,0.047374,-0.011486,0.064702,-0.015789,0.0046675,0.1891,0.076343,0.054753,0.070456,-0.022829,0.073891,0.17307,0.0035681,0.015651,0.11522,0.14497,0.076821,0.10852,0.20338,-0.0029042,0.051657,0.03057,0.19007,0.074219,0.060223,0.12819,0.065365,0.061748,0.10198,0.067804,-0.021287,0.012847,0.081681,-0.032596,0.1184,-0.0033383,-0.021082,0.047013,0.12114,0.10235,0.1404,0.1559,0.099765,0.050195,0.052556,0.047518,0.10891,0.088419,0.14509,0.16126,0.018518,0.069051,0.18573,0.19661,0.11236,0.24534,0.073328,-0.0072736,0.076747,0.098564,0.094301,-0.0017273,0.06429,0.098395,0.029777,0.1194,0.082582,0.13907,0.083704,0.13377,0.12102,0.046978,0.066665,0.1199,-0.015362,0.13171,0.049425,0.059938,0.043825,0.087696,-0.076873,0.063579,0.077556,0.080561,0.26602,0.053371,0.011665,0.15075,0.13967,0.11145,0.068944,0.047861,0.040709,-0.018093,0.1864,0.094522,0.10161,0.050419,0.17709,0.083834,0.00028145,0.11224,0.10113,0.028306,0.10662,0.035783,0.22123,0.094601,0.2164,0.077264,0.032854,0.14326,0.070592,0.29116,0.26741,0.11609,0.097111,0.13687,0.1643,0.022221,0.11275,0.082686,0.0027273,0.05689,0.066693,0.059329,0.096771,0.11127,0.068532,0.2059,0.21374,0.048646,0.072278,0.10279,0.061136,0.028681,0.057137,0.10166,0.18616,-0.0033379,0.11447,0.15039,1,0.12208,0.022262,0.05495,0.035471,-0.0068253,0.12467,0.21581,0.10297,0.16654,0.19018,0.078008,0.097699,-0.018862,0.10503,0.084188,0.06405,0.065898,0.12761,0.077706,0.14135,0.19941,0.019593,0.092521,0.066352,0.15701
0.15037,0.082636,0.11068,0.12193,0.093105,0.18038,0.10515,0.11904,-0.051145,-0.04569,0.023747,0.02937,0.38578,0.25488,0.29197,0.17798,0.12881,0.16406,0.17581,0.52029,0.62958,0.60095,0.59679,0.43975,0.61801,0.42556,0.52655,0.55421,0.35739,0.30823,0.10413,0.61867,0.18293,0.02109,0.55516,0.34171,0.53967,0.51484,0.56812,0.56095,0.38491,0.56153,0.21174,0.23092,0.18775,0.38928,0.26182,0.30303,0.054239,0.27156,0.12984,0.17164,0.12285,0.08461,0.51869,0.26451,0.15589,0.33166,0.32472,0.20869,0.24214,0.22003,0.057216,0.21052,0.23797,0.26116,0.38559,0.4676,0.41857,0.55989,0.42732,0.53026,0.39464,0.29881,0.35615,0.11948,0.074507,0.060023,0.12773,-0.037258,0.035739,0.075725,0.10411,0.12365,0.1365,0.065421,0.12408,0.082914,0.088051,0.046865,0.071033,0.047054,0.093037,0.027057,0.057853,0.087511,0.16143,0.20607,0.28419,0.12632,0.10985,0.068819,-0.010111,0.066633,-0.0085881,-0.020271,0.042317,0.014051,-0.10201,0.077873,0.16143,-0.02622,0.090693,0.13191,0.27917,0.14011,0.015154,0.17905,0.28703,0.27884,0.22973,0.24203,0.31115,0.15608,0.21699,0.34299,0.014224,-0.00083014,0.11242,-0.013019,0.059263,-0.0063462,0.035213,0.22523,0.3049,0.32352,-0.011499,0.16986,0.11632,0.42638,0.067766,0.024816,0.33353,0.38171,0.11607,0.1996,0.109,0.24079,0.04243,0.11844,0.12453,0.10964,0.12151,0.29986,0.41268,0.19143,0.53986,0.25793,0.27873,0.49641,0.44506,0.4385,0.096489,0.20855,0.47634,0.1518,0.051214,-0.00076949,0.2324,0.048701,0.49615,0.23811,0.24181,0.1168,0.64926,0.53547,0.62394,0.61992,0.24232,0.078612,0.10774,0.11619,0.024926,0.10049,-0.043407,0.16647,0.29564,0.099736,0.026468,0.023344,0.048591,0.29715,0.23638,0.46857,0.12306,0.022295,0.14764,0.086214,0.016071,0.54964,0.18083,0.60134,0.65678,0.61657,0.61249,0.63587,0.52704,0.51214,0.45645,0.30618,0.27827,0.55489,0.10178,0.0054282,0.51291,0.38451,0.64219,0.56957,0.57156,0.72544,0.45933,0.32877,0.38477,0.35763,0.24841,0.15776,0.39577,-0.020821,0.068058,0.21399,0.067909,0.035797,0.040442,0.20247,0.31106,0.18056,0.23146,0.24889,0.3866,0.26686,0.18269,0.24418,0.036593,0.052198,0.31083,0.19353,0.36552,0.33961,0.39923,0.40834,0.34442,0.50085,0.26632,0.29544,0.1819,0.16339,0.10889,0.18801,0.26386,0.13753,0.1763,0.074359,0.15514,0.25867,0.14874,0.20985,0.17028,0.13617,0.13051,0.19219,0.10279,0.1574,0.23144,0.2955,0.17407,0.17685,0.15737,0.061729,0.25381,0.21396,0.19022,0.20757,-0.071089,0.16962,0.14832,0.14012,0.12164,0.14664,0.20319,0.079296,0.18034,0.0025325,0.094999,0.39321,0.15947,0.22598,0.071628,0.27521,0.36536,0.18379,0.34256,0.16177,0.27034,0.20986,0.0047358,0.34892,0.14938,0.065198,0.037908,0.10899,0.052515,0.042885,0.11956,0.046168,0.18219,0.25426,0.092154,0.2004,0.10224,0.29391,0.14359,0.23607,0.17415,0.39584,0.20192,0.12265,0.3081,0.39567,0.28754,0.34835,0.18054,0.19134,0.14797,0.16442,0.10233,0.042157,0.46421,0.45636,0.35685,-0.032871,0.44866,0.47511,0.11769,0.13441,0.40194,0.13707,-0.05737,0.17169,0.31806,0.22248,0.44667,0.3342,0.29724,0.12208,1,0.51275,0.64818,0.45298,0.28569,0.13872,0.15282,0.44641,0.052017,0.1821,0.062581,0.18672,0.26745,0.07192,0.13108,0.18423,0.18501,0.23253,0.24096,0.44742,0.31031,0.054354,0.23915,0.15417,0.26808
0.040185,0.05011,0.11471,0.11202,0.056496,0.088253,0.10045,0.091473,-0.0085101,-0.0053982,0.06371,0.042042,0.25262,0.21429,0.22589,0.10145,0.081322,0.098409,0.11764,0.25433,0.4649,0.44369,0.34235,0.27942,0.42464,0.28012,0.40172,0.32584,0.32782,0.41058,0.05029,0.42362,0.070128,-0.032929,0.45673,0.44545,0.4281,0.47611,0.45645,0.433,0.2517,0.41676,0.088468,0.26146,0.058167,0.23218,0.1462,0.20437,-0.017563,0.11253,0.057728,0.058478,0.062262,-0.035215,0.28298,0.11,0.11378,0.17886,0.282,0.13641,0.18901,0.18017,0.093668,0.19719,0.18691,0.37113,0.546,0.39945,0.47612,0.40857,0.37493,0.33583,0.33936,0.2721,0.33461,0.11268,0.076492,0.047359,0.049032,-0.023465,-0.010923,-0.036237,0.030733,0.11317,0.10698,-0.065059,-0.020538,-0.020575,0.060488,0.012301,0.044399,0.01735,0.040691,-0.041304,0.03221,0.0236,0.24019,0.23464,0.31566,0.15473,0.2355,0.1075,0.0056444,0.081737,-0.024349,-0.072696,0.021429,-0.02335,-0.11819,0.035824,0.05731,-0.096017,0.012836,0.31403,0.33222,0.011117,-0.051446,0.095261,0.16585,0.24758,0.1164,0.14464,0.19715,0.16997,0.12577,0.21703,0.055483,0.0087535,0.12994,0.0083354,0.090015,-0.014748,-0.012886,0.1751,0.42094,0.47477,0.025381,0.084418,0.032829,0.21853,0.023912,0.034067,0.19118,0.18425,0.11696,0.033642,0.082441,0.04534,-0.076379,0.041226,0.0084864,0.055814,0.037925,0.17135,0.26316,0.21861,0.56421,0.098202,0.23502,0.32007,0.2268,0.32299,0.077383,0.2178,0.46225,0.18993,0.19651,-0.064204,0.056786,-0.069776,0.30495,0.088008,0.17588,0.075696,0.43294,0.56274,0.5054,0.49658,0.11961,-0.034125,0.069909,0.11757,0.023494,0.060461,0.003156,0.095923,0.17854,0.040298,-0.03111,0.039556,0.062589,0.18516,0.15067,0.33414,0.024492,-0.03178,0.066287,0.042375,0.063491,0.30555,0.36644,0.43892,0.37383,0.38572,0.37046,0.34877,0.37058,0.30865,0.40292,0.31723,0.12685,0.39048,0.078996,-0.048825,0.44073,0.51681,0.39006,0.38307,0.41011,0.47588,0.34691,0.3642,0.21454,0.24836,0.1537,0.023817,0.16337,-0.080606,-0.0042236,0.048529,0.038166,0.01468,0.033523,0.06246,0.20438,0.11587,0.19588,0.15762,0.29846,0.17105,0.23757,0.20403,0.096635,0.043309,0.37386,0.30144,0.44286,0.41216,0.44211,0.32648,0.27261,0.28006,0.23038,0.24631,0.20953,0.10695,0.078027,0.15573,0.13706,0.064914,0.0043014,0.023808,0.07882,0.10565,0.00041212,0.076135,-0.014496,0.0093836,0.070117,0.1239,0.057129,0.014019,0.106,0.13414,0.056073,0.034225,0.18011,-0.010352,0.21458,0.10353,0.13772,0.0615,-0.073477,0.092372,0.0064414,0.052256,-0.0068128,0.015645,0.07162,0.025218,0.070695,0.043564,0.0041497,0.32028,0.22947,0.06108,0.027419,0.14728,0.2057,0.18845,0.15568,0.070931,0.16837,0.18428,0.072771,0.17783,0.07845,0.026331,0.028953,0.012912,-0.047583,-0.024413,0.040387,0.046957,0.26519,0.3456,0.10899,0.053473,0.087442,0.10217,0.10428,0.12985,0.11872,0.19782,0.12566,0.079823,0.135,0.22783,0.10371,0.16214,0.12446,0.075807,0.10238,0.14705,0.1138,0.20683,0.5011,0.29524,0.39942,0.076154,0.23628,0.26751,0.055805,0.043883,0.35859,0.132,0.019097,-0.00039574,0.13667,0.075369,0.33497,0.16129,0.16632,0.022262,0.51275,1,0.44331,0.45225,0.23367,0.084918,0.011388,0.28561,-0.022316,0.088481,0.066419,0.12744,0.20276,-0.033428,0.067949,0.058547,0.15099,0.13585,0.17105,0.25446,0.14318,0.025536,0.13224,0.088164,0.10831
0.11467,0.054254,0.061672,0.13863,0.057683,0.15637,0.075187,0.12402,-0.022935,-0.035003,0.061924,0.03727,0.3207,0.26924,0.26698,0.18679,0.1486,0.24418,0.1355,0.62876,0.41246,0.67046,0.68066,0.53115,0.69053,0.51323,0.45047,0.47367,0.45119,0.39861,0.090199,0.69909,0.29004,0.1872,0.64519,0.47534,0.54804,0.61904,0.65349,0.5482,0.41067,0.43457,0.26499,0.24634,0.18081,0.41094,0.16097,0.34437,0.080286,0.26519,0.18411,0.14228,0.16265,0.11418,0.44334,0.27149,0.21396,0.26854,0.23556,0.14365,0.20778,0.22866,0.11447,0.28043,0.34381,0.27667,0.39112,0.56371,0.54177,0.46475,0.37289,0.45211,0.31809,0.19594,0.32237,0.10342,0.070587,0.12919,0.18818,-0.0020093,0.078341,0.089562,0.13176,0.10594,0.083835,0.069662,0.11289,-0.0068627,0.071164,0.050808,0.16447,0.093895,0.094739,-0.040855,0.059357,0.10343,0.21637,0.2859,0.29474,0.16329,0.16067,0.1391,0.039132,0.10104,0.07411,0.026236,0.06262,0.070815,-0.028491,0.093936,0.12085,-0.021395,0.057341,0.26207,0.26782,0.18015,0.048715,0.16304,0.21545,0.19253,0.22195,0.25819,0.24279,0.090285,0.14853,0.30316,0.066772,0.069124,0.1076,0.029459,0.11707,0.055118,0.078782,0.16629,0.24879,0.35805,-0.003623,0.24109,0.13511,0.44483,0.073398,0.022062,0.27117,0.23746,0.11142,0.19543,0.1025,0.14883,0.066245,0.089554,0.082462,0.19107,0.12661,0.23487,0.36566,0.18352,0.55008,0.22232,0.18762,0.43145,0.56923,0.50387,0.23575,0.319,0.61959,0.13003,0.11268,0.13504,0.20577,0.10393,0.62892,0.26226,0.31994,0.11317,0.47694,0.45692,0.78887,0.67113,0.30964,0.11282,0.16951,0.21834,0.013216,0.0020284,-0.028143,0.14523,0.22764,0.12804,0.097699,0.056201,0.038926,0.28443,0.18761,0.35402,0.10449,0.078573,0.11019,0.13172,0.046155,0.66673,0.089758,0.65278,0.69961,0.69234,0.67783,0.62592,0.43008,0.43746,0.49905,0.28932,0.14851,0.63861,0.17061,0.09686,0.60129,0.53887,0.54088,0.67578,0.61874,0.6612,0.54059,0.28758,0.38045,0.27526,0.14358,0.17877,0.27235,0.0061806,0.060221,0.18968,0.094691,0.027515,0.034352,0.155,0.23553,0.23249,0.26624,0.18338,0.35817,0.22039,0.23263,0.23017,0.011857,0.095171,0.42732,0.16905,0.40816,0.44225,0.55518,0.3081,0.28407,0.44112,0.17936,0.20264,0.092789,0.15145,0.10058,0.18916,0.24196,0.095738,0.11452,0.055507,0.087976,0.19748,0.099026,0.10979,0.064104,0.068048,0.063659,0.13948,0.088528,0.15818,0.13348,0.17004,0.082461,0.12505,0.0972,-0.0045708,0.19697,0.14929,0.11545,0.16908,-0.063638,0.18184,0.13032,0.067562,0.077404,0.12833,0.16524,0.071638,0.18279,0.024372,0.060237,0.44769,0.14299,0.12494,0.037779,0.23012,0.2586,0.10093,0.35236,0.13709,0.28793,0.18293,-0.017746,0.22876,0.15086,0.040714,0.082852,0.052776,0.033093,0.05015,0.098714,0.022395,0.10672,0.21619,0.05733,0.15224,0.05531,0.28545,0.10686,0.19738,0.11561,0.24844,0.14475,0.080767,0.17529,0.26518,0.23086,0.26793,0.15273,0.13407,0.13636,0.10467,0.12564,0.012605,0.55789,0.28942,0.16826,-0.084623,0.52189,0.57113,0.17583,0.17011,0.48568,0.08644,-0.089633,0.16347,0.21552,0.15101,0.55263,0.32543,0.2789,0.05495,0.64818,0.44331,1,0.45165,0.28848,0.093802,0.12394,0.43744,0.034038,0.12099,0.086504,0.18375,0.20259,0.075053,0.11289,0.10945,0.15614,0.17813,0.2147,0.32042,0.21684,0.058769,0.1626,0.1536,0.28476
0.053794,0.058857,0.13388,0.1005,0.055698,0.030832,0.10067,0.079584,0.0053969,-0.041629,0.012271,0.022725,0.19299,0.14354,0.19652,0.088834,0.10465,0.057459,0.10216,0.23425,0.34536,0.43401,0.30203,0.17656,0.33651,0.26466,0.29072,0.23571,0.2637,0.30233,0.096184,0.42989,0.011198,-0.024397,0.46818,0.3308,0.36087,0.40499,0.39525,0.34221,0.13253,0.33573,0.10181,0.23545,0.047583,0.2096,0.16221,0.18942,-0.050427,0.09017,0.052237,-0.0032789,0.0245,-0.077929,0.24798,0.14013,0.12973,0.14517,0.23414,0.085147,0.11441,0.097768,0.074765,0.20412,0.16109,0.27335,0.37155,0.42077,0.39182,0.29442,0.22495,0.25707,0.20177,0.21689,0.19004,0.098497,0.058957,0.022713,0.021207,-0.014081,0.0088898,-0.021201,0.067923,0.10828,0.14066,-0.071248,-0.026806,0.0061626,0.057776,0.011247,0.013808,0.036099,0.018874,-0.019368,0.0097792,-0.036768,0.20209,0.2262,0.27315,0.11673,0.18908,0.0768,-0.0061524,0.01345,-0.035006,-0.036131,-0.025174,-0.082795,-0.15466,0.037363,0.069864,-0.10679,0.018368,0.23781,0.28543,0.0026202,-0.039951,0.057658,0.090717,0.15944,0.092243,0.12729,0.19362,0.087839,0.11295,0.17909,0.052183,-0.041197,0.10713,-0.0016766,0.050663,-0.037662,-0.060278,0.0931,0.22608,0.27252,-0.012135,0.055049,0.023636,0.22388,-0.034937,0.062759,0.16328,0.181,0.10852,0.078356,0.040929,0.068829,-0.079286,0.004432,-0.047243,0.018667,-0.0078928,0.14538,0.19324,0.22155,0.41238,0.073546,0.1485,0.27859,0.28193,0.37853,0.070202,0.13634,0.43728,0.082446,0.14773,-0.059405,0.019228,-0.074015,0.36533,0.11813,0.2198,0.073102,0.35247,0.38846,0.48777,0.53228,0.13847,-0.050248,0.042852,0.086306,0.032598,0.07946,0.011822,0.090349,0.15268,0.062051,-0.047189,0.0079077,0.082358,0.16344,0.1757,0.28134,-0.026367,-0.055105,0.036766,0.020258,0.062818,0.3002,0.22383,0.41238,0.36276,0.33767,0.26691,0.30987,0.2804,0.20508,0.33087,0.23629,0.14831,0.4398,0.076781,-0.029607,0.43465,0.45822,0.32861,0.4101,0.38888,0.3834,0.22611,0.36857,0.14344,0.21221,0.18544,0.038666,0.14328,-0.022685,-0.068523,0.043011,0.047116,-0.023908,0.0272,0.031097,0.1678,0.1155,0.19714,0.14166,0.15932,0.11116,0.13413,0.10293,0.06628,0.14166,0.41891,0.17248,0.36124,0.38227,0.36251,0.19188,0.12959,0.22005,0.10735,0.12307,0.13668,0.052387,0.072201,0.15411,0.14053,0.077109,0.049952,0.059046,0.13543,0.069433,0.035676,0.066696,0.023457,0.028583,0.09994,0.15889,0.063426,0.03848,0.11252,0.16302,0.089862,0.056053,0.063975,0.036571,0.22341,0.10521,0.15989,0.067777,-0.076201,0.068549,0.047378,0.069996,-0.040336,0.006167,0.085387,0.064655,0.11688,-0.012571,0.052413,0.30203,0.17844,0.11392,0.071383,0.06996,0.14152,0.13071,0.093083,0.027946,0.099171,0.044434,0.047622,0.15362,0.050064,0.030378,0.028492,0.067702,-0.0060623,-0.066591,-0.002035,-0.0077884,0.10098,0.23616,0.1137,0.061831,0.08149,0.16954,0.10289,0.091031,0.13476,0.16699,0.15057,0.11246,0.12856,0.22192,0.12851,0.13804,0.090516,0.075416,0.086014,0.13082,0.11643,0.13217,0.41031,0.23594,0.29703,0.14875,0.33277,0.42538,0.024693,0.057174,0.39157,0.016083,-0.01493,0.034779,0.1119,0.063151,0.37947,0.17781,0.1579,0.035471,0.45298,0.45225,0.45165,1,0.25338,0.048413,0.043468,0.20213,-0.024717,0.084423,0.087588,0.050592,0.1577,0.022607,0.093058,0.089264,0.091675,0.13771,0.20752,0.2139,0.12296,-0.0058806,0.13478,0.10817,0.072335
-0.017474,0.098233,0.12995,0.092246,-0.021476,-0.008871,0.058298,0.0083479,0.041571,0.048034,-0.023386,-0.033308,0.054131,0.10412,0.16109,-0.027265,0.083171,-0.0025399,0.11096,0.11713,0.16305,0.19603,0.16552,0.11648,0.20272,0.12284,0.32194,0.16362,0.091681,0.14051,0.11544,0.1687,-0.024783,-0.11291,0.20073,0.17009,0.23374,0.17924,0.2557,0.21321,0.05457,0.15021,0.021521,0.073351,0.0041268,0.13176,0.072034,0.10333,0.022554,0.053542,0.032702,0.058388,0.061981,-0.074801,0.15361,-0.058098,0.011754,0.07011,0.1998,0.08905,-0.03337,-0.018127,0.0075675,0.044697,-0.052772,0.14367,0.23162,0.18931,0.13557,0.24361,0.16875,0.22976,0.099937,0.077079,0.15769,0.058459,0.0074031,0.049743,-0.11469,0.00099381,-0.051982,-0.049265,0.015993,0.11966,0.07638,0.045551,0.07128,0.056102,0.23483,0.12548,0.025401,0.14454,-0.10019,-0.0096584,0.038146,-0.025913,0.044938,0.10529,0.18028,0.12418,0.045729,0.13403,-0.052317,-0.00063943,-0.10684,0.044272,-0.036528,-0.028565,-0.073049,-0.072404,-0.01318,-0.03495,-0.0017979,0.10142,0.070315,0.037462,0.074703,0.052958,0.15972,0.10912,0.070749,0.048309,0.14126,0.031031,0.035639,0.059658,-0.031307,-0.13581,0.18476,0.011795,0.093855,-0.078416,-0.083136,-0.015797,0.12302,0.11368,0.066951,0.0022933,0.0025332,0.14201,-0.0070563,0.14918,0.073169,0.097404,0.030019,0.0034688,0.035346,0.079129,-0.025266,-0.021482,-0.038717,0.015139,-0.065859,0.011545,0.030565,0.053105,0.27137,-0.0055799,0.10095,0.18866,0.098979,0.18217,-0.00039138,0.079393,0.24173,0.067649,0.010784,-0.027061,0.084727,-0.013163,0.068773,0.12259,0.14542,0.11994,0.24572,0.1898,0.25554,0.24981,0.076877,0.024136,0.10447,0.059473,0.034131,0.05972,0.011075,0.10043,0.15156,-0.080474,-0.037985,0.084269,0.0056353,0.12476,0.11953,0.14729,0.048624,0.0015348,-0.042871,-0.083445,0.14476,0.20629,0.10275,0.23269,0.20948,0.21746,0.14412,0.19176,0.28458,0.18436,0.17064,0.097162,0.16221,0.20818,0.071531,-0.066269,0.21551,0.23189,0.15886,0.21354,0.16486,0.2561,0.21315,0.075397,0.018065,0.18618,0.21196,-0.013953,0.099707,-0.052573,-0.028181,0.038353,0.060057,0.037707,0.072668,-0.055811,0.17896,-0.001455,0.07152,0.13356,0.14885,0.0559,-0.045294,0.081514,-0.0097738,-0.0081164,0.1879,0.053452,0.1815,0.18035,0.14755,0.21026,0.12257,0.17912,0.029803,0.10727,0.11499,0.04954,0.039633,0.02402,-0.013198,0.093008,0.0042805,0.043183,0.13153,0.080309,-0.055351,0.093894,-0.047284,0.10973,0.16872,0.16449,0.076969,-0.033522,0.11134,0.15322,0.0013957,0.042482,0.0077379,-0.00072447,0.13455,0.039578,0.055917,-0.027613,-0.13638,0.0055942,-0.074458,0.15886,-0.0093809,-0.0014289,0.094275,-0.04336,0.062609,0.056102,0.0072272,0.11283,0.066948,-0.024281,0.094942,0.15228,0.18453,0.10822,-0.015857,0.0019246,0.13549,0.013067,0.070677,0.049822,-0.073557,-0.061351,0.025485,-0.091851,-0.081114,-0.048183,-0.057855,-0.041618,0.11584,0.058853,0.13453,-0.083295,0.067739,0.050329,0.10379,0.073486,0.062229,0.15614,0.13648,0.15135,0.097224,0.20965,0.1234,0.080339,0.17398,0.088505,0.074865,0.18602,0.046043,0.040883,0.24664,0.20096,0.20438,0.057852,0.15721,0.26641,-0.093874,-0.029117,0.20982,0.0073017,-0.011096,0.056146,0.12677,0.044455,0.152,0.25464,0.10938,-0.0068253,0.28569,0.23367,0.28848,0.25338,1,0.070752,-0.027419,0.14715,-0.044122,-0.016451,0.051421,-0.013981,0.17938,-0.074266,-0.0044098,0.079615,0.090673,0.11323,0.16491,0.15926,0.081321,0.0058178,0.090512,0.005711,-0.031486
0.1027,0.011869,0.15998,0.12943,0.067432,0.073197,0.097795,0.085693,0.0037906,-0.035056,0.00079563,0.028134,0.172,0.052395,0.12655,0.11522,0.061178,0.11242,0.2401,0.14867,0.12806,0.052373,0.11917,0.09939,0.13393,0.073303,0.080983,0.15033,-0.080185,-0.04395,-0.10474,0.02754,0.21109,0.1524,0.045241,0.047173,0.13514,0.025144,0.065261,0.11622,0.15647,0.10642,0.064943,-0.036836,0.078194,0.14473,0.060581,0.052383,0.3366,0.36342,0.20438,0.32277,0.22707,0.34767,0.10922,0.03202,-0.050288,0.11326,0.069339,0.00042828,0.047719,-0.023134,-0.18127,-0.057044,0.0019951,0.032771,0.058219,0.036321,-0.020615,0.09556,0.15817,0.114,0.12962,0.09155,0.051744,-0.010594,0.015444,-0.037469,-0.039655,0.096029,0.079493,-0.013098,0.17472,0.15921,0.13446,0.24082,0.29469,0.33571,0.16859,0.31178,0.3288,0.05946,-0.12356,0.071828,0.16432,0.13209,-0.15497,-0.066349,-0.085985,0.022286,-0.14773,-0.02712,-0.16452,-0.15549,-0.10741,0.19326,0.27729,0.1706,0.16446,-0.012781,0.10287,0.098317,0.13888,-0.079661,-0.063435,0.07176,0.16541,0.0022704,0.038247,0.08508,0.037857,0.079214,0.093959,0.044478,0.026367,0.042287,-0.15246,-0.074146,-0.0086293,-0.13491,0.020895,-0.071664,-0.0076218,0.062066,0.061452,-0.057172,0.037216,0.082756,0.081973,0.076726,0.025937,-0.0093321,0.10876,0.091972,0.04078,0.075681,0.10648,0.099979,0.27278,0.2969,0.34599,0.17817,0.26028,0.15007,0.16876,-0.02341,0.14202,0.17947,0.14286,0.1527,0.13999,0.026427,-0.04176,0.11244,0.018781,-0.07191,-0.20819,0.0534,0.46711,0.31069,0.077407,0.04528,0.07663,0.057848,0.11032,0.15665,0.077267,0.054059,0.043743,0.30618,0.09396,0.024914,0.013299,0.060294,-0.043517,0.0007733,0.025405,-0.13812,0.015591,-0.027022,0.017287,0.08233,0.074284,0.076803,0.22873,0.15179,-0.011246,0.01704,0.018341,0.092166,0.060291,0.029162,0.099365,0.055207,0.1435,0.13374,0.10119,0.141,-0.0035109,-0.059127,0.17956,-0.024282,0.20569,0.32484,0.016317,-0.046444,0.13461,0.070409,0.13013,0.11509,0.077364,0.029177,0.15192,0.17301,0.21385,0.15176,0.24416,0.096576,0.42729,0.35696,0.18548,0.29856,0.27335,0.52397,0.083144,0.017859,0.040115,0.075604,0.070013,0.063477,-0.036614,-0.053722,-0.12421,-0.064071,-0.12982,0.052941,0.00083863,-0.069663,0.062853,0.098553,0.12828,0.14459,0.11091,0.048322,0.030457,0.093516,-0.0024529,0.029869,0.036034,0.26671,0.30713,0.12693,0.26875,0.36216,0.21637,0.4242,0.34491,0.43994,0.29022,0.35124,0.35783,0.26489,0.1077,0.26083,0.21578,0.18976,-0.10359,0.1178,-0.019865,0.17897,-0.0060369,0.14432,-0.13412,0.15333,0.10437,0.34202,0.34846,0.26225,0.38793,0.064641,0.12948,0.10841,0.18862,0.040922,-0.087488,0.14881,0.05967,0.0010474,0.043928,0.039265,0.091964,0.037254,0.072763,0.0017137,-0.1069,0.11147,-0.017325,-0.10657,0.01727,0.061035,0.13278,-0.034604,-0.0069381,0.025065,-0.021384,-0.052559,0.023687,0.16824,0.1324,0.10118,0.026394,0.056101,0.053936,0.056085,0.13823,0.038934,0.16511,0.18571,0.37961,0.26923,0.41981,0.19641,0.25593,0.10112,-0.029328,-0.10623,0.092776,0.13728,0.038001,-0.1263,0.13887,0.04613,0.036272,0.17665,-0.014405,-0.035606,-0.13099,0.31659,0.47979,0.46034,-0.012057,0.088016,0.10205,0.12467,0.13872,0.084918,0.093802,0.048413,0.070752,1,0.31123,0.086249,0.10975,0.1155,0.093447,0.014827,0.017064,0.061389,0.23702,0.13519,0.21007,0.038104,0.063747,0.03905,0.36938,0.16226,0.032788,0.15659,0.16572
0.13728,-0.024129,0.094046,0.1259,0.12076,0.16962,0.077007,0.058517,-0.001837,-0.093682,0.053518,-0.0036834,0.23652,0.075218,0.036236,0.15495,0.075596,0.18494,0.17548,0.25187,0.12227,0.099808,0.19363,0.15697,0.17061,0.089359,0.036661,0.20048,-0.0022337,-0.023691,-0.20133,0.092372,0.26794,0.24109,0.053997,-0.053083,0.10187,0.0021638,0.035331,0.04449,0.14634,0.12663,0.17729,0.014138,0.05198,0.253,0.12709,0.20321,0.27856,0.4577,0.16542,0.26065,0.2148,0.34214,0.15792,0.17278,0.15316,0.16512,0.029476,0.049699,0.21262,0.04261,-0.0078365,0.14861,0.20542,0.052936,-0.04002,0.10035,0.019946,0.11427,0.15996,0.12332,0.15429,0.098726,0.015853,0.052762,0.062149,0.010737,0.099509,0.045122,0.11431,0.087764,0.27749,0.16582,0.15469,0.24281,0.33055,0.227,0.016543,0.15574,0.29146,-0.0051758,-0.027921,-0.050493,0.13334,0.17649,-0.1022,0.0083184,0.020059,0.0089648,-0.030453,-0.011452,0.021568,-0.067388,0.011366,0.10511,0.23864,0.13441,0.13066,0.072472,0.11357,0.12166,0.15439,-0.087716,0.087225,0.14121,0.13713,0.042895,0.054548,0.089967,0.11395,0.11033,0.09568,0.072019,0.083169,0.14037,-0.09035,-0.0072977,-0.040094,-0.070137,-0.0074489,0.0091476,0.074453,0.11174,0.079266,-0.021357,-0.029824,0.14329,0.15563,0.22135,0.069343,-0.099454,0.12408,0.040252,0.04299,0.17552,0.08316,0.025724,0.26431,0.23907,0.3024,0.25201,0.25595,0.21767,0.21708,0.17001,0.038902,0.19134,0.15092,0.2144,0.30398,0.23507,0.097651,0.15561,0.080198,-0.039796,-0.098883,0.1432,0.43218,0.35393,0.20413,0.11391,0.072914,0.067713,0.08304,0.096624,0.07474,0.098958,0.097384,0.26842,0.18543,0.044062,0.041134,0.082264,-0.056823,0.0023252,0.087182,-0.012035,0.15533,-0.027383,-0.0051925,0.10199,0.09644,0.086326,0.18948,0.16072,0.086499,0.071635,0.0054638,0.13095,0.13751,0.025906,0.13793,0.1281,0.18432,0.20325,0.060304,0.14295,0.053,0.027792,-0.034916,0.00057097,0.18361,0.36756,-0.038947,0.0048322,0.1712,0.082265,0.11221,0.091476,0.047334,0.17301,0.22051,-0.019228,-0.062539,0.23294,0.17796,0.25416,0.37957,0.45465,0.16818,0.22019,0.22483,0.45394,0.012105,0.13139,0.20997,0.045088,0.071509,0.12964,0.12784,-0.0085607,0.024974,0.17344,0.016205,0.13338,0.04462,-0.070471,0.092626,0.057093,0.1398,0.15573,0.1718,0.10452,-0.011346,0.15784,0.11262,0.10445,0.1411,0.29005,0.29205,0.077254,0.20344,0.36037,0.32043,0.30827,0.5041,0.2181,0.022972,0.18141,0.31189,0.25603,-0.055146,0.0465,0.14152,0.088036,0.041999,0.071712,0.13025,0.16178,0.1548,0.24579,0.11895,0.14393,0.19291,0.13322,0.26424,0.25286,0.25538,0.1832,0.18887,0.081115,0.10352,0.18145,0.11463,0.33229,0.094678,0.01892,0.094667,0.05693,0.17505,0.086547,0.093066,0.078427,-0.059638,0.11212,0.084062,0.06107,0.023569,0.15201,0.12431,0.05283,0.12112,0.08786,0.061428,0.10343,0.019672,0.27723,0.079047,0.17158,0.063038,0.028832,0.032736,-0.0040828,0.20313,0.090822,0.082541,0.0064642,0.29586,0.21276,0.21567,0.25127,0.15411,0.062103,0.068537,0.068255,0.15855,-0.0082899,0.060064,0.085416,0.27377,0.26917,0.18745,0.27105,0.1342,0.059269,0.029747,0.30728,0.30763,0.4723,0.0047982,0.097843,0.12771,0.21581,0.15282,0.011388,0.12394,0.043468,-0.027419,0.31123,1,0.15084,0.18299,0.22862,0.10532,0.13787,-0.01423,0.15192,0.34102,0.091105,0.046372,0.048619,0.012131,0.030127,0.31157,0.18316,0.038314,0.16807,0.27568
0.12088,0.050035,-0.024353,0.049181,0.057507,0.1864,0.097196,0.11887,-0.014678,0.015492,0.095455,0.059614,0.32373,0.19368,0.16986,0.16328,0.12734,0.26149,0.13943,0.46618,0.34644,0.37255,0.4459,0.36252,0.45465,0.29733,0.34859,0.43271,0.33248,0.19289,0.059727,0.37369,0.23488,0.13488,0.28317,0.20064,0.36984,0.29479,0.36878,0.33874,0.34527,0.29435,0.24321,0.23974,0.22325,0.31474,0.18385,0.34895,0.050861,0.20449,0.16849,0.12807,0.1465,0.13875,0.38849,0.27926,0.27265,0.25513,0.19555,0.20691,0.32524,0.22132,0.20686,0.29195,0.33292,0.22745,0.20469,0.32627,0.28969,0.41982,0.35889,0.36941,0.34424,0.28413,0.28385,0.13058,0.062736,0.092121,0.21301,-0.022259,0.091652,0.15307,0.12603,0.054753,0.069331,0.098565,0.1131,0.053444,0.043589,0.077892,0.069304,0.086809,0.16949,0.012073,0.072466,0.12907,0.21479,0.19139,0.22302,0.14443,0.17079,0.12354,0.20662,0.14279,0.19712,0.032995,0.034418,0.047845,-0.018857,0.16421,0.14157,0.09648,0.056925,0.11997,0.30853,0.16622,0.048386,0.18682,0.2201,0.22224,0.21204,0.22784,0.19631,0.13657,0.16804,0.30115,0.084097,0.096391,0.026656,0.043312,0.031312,0.080613,0.089942,0.1751,0.28125,0.31801,-0.051572,0.19913,0.084546,0.31759,0.04681,-0.049809,0.25365,0.2255,0.056588,0.18911,0.058098,0.18426,0.12926,0.07825,0.10758,0.14715,0.1215,0.24731,0.35228,0.25359,0.35496,0.22198,0.19511,0.31065,0.40197,0.37046,0.18886,0.22277,0.33763,0.18611,0.18288,0.14063,0.17087,0.065242,0.32723,0.17656,0.18454,0.081059,0.36235,0.30147,0.39057,0.37359,0.21219,0.12324,0.12846,0.14911,-0.0096905,0.056063,-0.029998,0.10135,0.18927,0.15291,0.17126,0.063084,0.034989,0.25128,0.17573,0.30889,0.050281,0.10043,0.14526,0.18441,0.042915,0.39946,0.20317,0.31534,0.44336,0.41655,0.46846,0.50654,0.3284,0.38417,0.31429,0.30762,0.15838,0.27963,0.10323,0.078573,0.24045,0.25175,0.52181,0.34395,0.32746,0.43117,0.38012,0.2612,0.34563,0.19796,0.094987,0.19525,0.32327,0.074749,0.062689,0.14286,0.08641,-0.0043487,-0.002537,0.15642,0.18403,0.25711,0.26122,0.13902,0.31194,0.26607,0.27462,0.24334,0.15674,0.12809,0.23533,0.26812,0.32336,0.18614,0.31988,0.29136,0.31264,0.38555,0.24497,0.26985,0.13757,0.22683,0.16954,0.22929,0.29592,0.11237,0.19684,0.065767,0.06838,0.1234,0.097717,0.15813,0.16316,0.057653,0.028048,0.10853,0.0012127,0.14909,0.15409,0.15522,0.13556,0.11136,0.26139,0.034738,0.21675,0.15918,0.24583,0.22159,0.17045,0.17522,0.2485,0.078033,0.10643,0.14297,0.12008,0.13466,0.17332,0.032515,0.051114,0.3702,0.23249,0.1764,0.033123,0.26005,0.29392,0.15825,0.30581,0.10917,0.20591,0.25125,0.010827,0.20088,0.27119,0.14311,0.060302,0.13898,0.069778,0.093345,0.16804,0.082455,0.2783,0.32576,0.012514,0.16435,0.024682,0.16422,0.1238,0.14634,0.097035,0.23589,0.11743,0.10268,0.18763,0.25091,0.23581,0.21494,0.058834,0.16537,0.12245,0.13606,0.12189,0.18026,0.37715,0.29553,0.24493,0.06012,0.33659,0.36777,0.18465,0.14778,0.33493,0.26191,0.18028,0.18337,0.21283,0.14755,0.25479,0.22857,0.23606,0.10297,0.44641,0.28561,0.43744,0.20213,0.14715,0.086249,0.15084,1,0.028731,0.15889,0.083659,0.18238,0.13665,0.16827,0.08028,0.11458,0.11412,0.12364,0.16485,0.28235,0.1856,0.064283,0.14839,0.18426,0.28508
0.078809,0.016768,0.10807,0.066981,0.12404,0.075245,0.043381,0.11039,-0.028785,-0.052958,0.044853,0.079015,0.1139,0.0062922,0.035917,0.091818,0.056506,0.050959,0.052989,0.11337,0.086116,0.030863,0.090382,0.028752,0.075791,0.083829,-0.052464,0.09406,-0.009086,-0.030928,-0.071261,0.044406,0.05769,0.06256,0.055034,-0.019209,0.01614,0.01394,-0.0051387,0.034393,0.06937,0.065895,0.079383,0.0035749,0.031197,0.049503,0.078486,0.050049,0.032092,0.11764,0.05126,0.068911,0.042423,0.074771,0.074027,0.085191,0.070285,0.076851,0.00054873,0.037335,0.045322,0.11549,0.0029678,0.012036,0.088479,0.0066875,-0.027662,0.039134,-0.018587,-0.003813,0.065867,0.030845,0.049841,0.048431,-0.0067795,0.020466,0.014581,-0.043118,0.12413,0.05538,0.039676,0.059581,0.1156,0.066117,0.10371,0.02744,0.033627,0.079898,-0.072079,-0.025687,0.091793,-0.03182,0.066665,-0.020704,0.056377,0.069826,0.018997,-0.0048161,-0.028885,-0.022378,-0.064584,-0.039436,-0.0066385,-0.045809,-0.0050424,-0.014076,0.15513,0.019948,0.0027434,0.048184,0.091646,0.047853,0.091912,-0.096735,0.037749,0.0093867,-0.024261,0.069096,0.0087536,0.053707,0.056657,0.010022,0.043052,0.084613,0.097993,0.10406,-0.027355,-0.031256,-0.051356,-0.015134,-0.024236,0.0041633,0.011372,0.065418,0.010183,-0.039625,0.00054213,0.029944,0.053145,0.063774,-0.020898,-0.070325,0.084945,0.072705,0.06405,0.11275,-0.065669,0.0089979,0.063623,0.11995,0.13667,0.072548,0.07639,0.16929,0.1353,0.030326,-0.049549,0.089525,0.011119,0.078863,0.11863,0.055276,0.040447,-0.011448,-0.021127,-0.025937,-0.051209,0.040741,0.12644,0.080348,0.07801,0.078716,0.058469,-0.023109,0.023748,-0.021149,0.015973,0.056352,0.085648,0.067873,-0.022843,0.043115,0.02789,0.099593,0.019045,0.016035,0.013658,0.057612,0.03089,-0.01069,0.0098703,0.052117,0.077902,0.068982,0.028045,0.037922,0.055254,0.045583,-0.026678,0.04939,0.011716,-0.012551,0.069021,0.062547,0.088168,0.097355,0.013014,0.10464,0.0289,0.04569,-0.0066147,0.017014,0.04227,0.079627,-0.034992,0.0017589,0.1068,0.082073,0.064072,0.038117,-0.020926,0.020375,0.12407,-0.04007,-0.034798,0.034803,0.063788,0.068772,0.1125,0.13194,0.068449,0.081857,0.072538,0.2049,0.035305,0.02287,0.088925,0.016622,-0.023248,0.056542,0.026167,-0.012836,-0.028242,-0.0021479,-0.071759,0.037612,-0.032244,-0.00075702,0.0259,0.044224,0.04816,0.080032,0.13544,0.032088,0.029085,0.008118,0.038822,0.076403,0.061998,0.18704,0.14606,-0.011927,0.020431,0.18459,0.184,0.096564,0.2038,0.069641,0.018636,0.08228,0.13771,0.101,-0.068772,0.01456,0.047558,0.024977,0.068175,0.0385,0.04376,0.02681,0.031333,0.090165,0.0437,0.081017,0.11343,-0.020645,0.15654,0.069266,0.12853,0.078868,0.085288,0.033025,0.074957,0.039097,-0.0038108,0.17062,0.026133,0.023471,0.066019,0.047382,0.047722,0.058108,0.0033921,-0.017061,-0.014336,0.14701,0.074233,0.079056,0.045417,0.14502,0.096081,0.020048,0.073835,0.055826,-0.0013087,0.062431,0.011055,0.1781,0.068447,0.15091,0.015612,0.019637,0.061315,-0.01076,0.11585,0.061814,0.089957,0.0099974,0.10945,0.09436,0.087217,0.10606,0.072962,-0.010423,-0.0013068,-0.0049721,0.015336,-0.024751,0.01475,-0.034022,0.092415,0.051056,0.051486,0.076171,0.0025725,0.037269,-0.0058287,0.089472,0.066372,0.16346,-0.0064559,0.052485,0.11941,0.16654,0.052017,-0.022316,0.034038,-0.024717,-0.044122,0.10975,0.18299,0.028731,1,0.19143,0.151,0.073186,-0.0073748,0.073944,0.13631,0.031362,0.040387,0.068909,0.056908,0.053268,0.18372,0.054002,0.035038,0.079794,0.111
0.11181,0.019479,0.061573,0.040843,0.16302,0.11173,0.069486,0.12266,-0.052263,-0.021199,0.093,0.072817,0.26293,0.055625,0.080266,0.14742,0.086668,0.1339,0.12407,0.2182,0.19986,0.14446,0.20476,0.14229,0.20255,0.14409,0.099657,0.24559,0.069609,0.024323,0.019352,0.15343,0.10526,0.057937,0.12749,0.039104,0.12734,0.12274,0.097372,0.15786,0.21314,0.16797,0.1589,0.063498,0.11591,0.10405,0.13145,0.15986,0.031945,0.20534,0.11082,0.099756,0.088661,0.11016,0.22092,0.2079,0.12189,0.1341,0.092509,0.11026,0.13972,0.12894,0.0018103,0.10045,0.18898,0.065413,0.00049495,0.14653,0.086639,0.1371,0.13133,0.17986,0.15192,0.15136,0.054701,0.028351,0.024901,-0.035305,0.063388,-0.032693,0.10296,0.088426,0.13853,0.096176,0.16697,0.063673,0.055718,0.073012,-0.039396,0.007355,0.068887,0.0034826,0.11245,-0.022446,0.056015,0.08985,0.054002,0.086675,0.096627,0.04777,0.047294,-0.0033556,0.0057034,0.034935,0.00064322,-0.019144,0.10748,-0.0017309,-0.05568,0.10668,0.11374,0.0056302,0.055675,-0.032769,0.11742,0.056231,0.014973,0.10644,0.075332,0.14225,0.10886,0.10524,0.14927,0.13752,0.14021,0.19072,-0.026864,0.046254,-0.029152,-0.012023,-0.060615,-0.019193,0.030634,0.15121,0.056956,0.0291,-0.055372,0.049462,0.049789,0.13526,-0.0090257,-0.068679,0.15155,0.13338,0.070327,0.10968,0.010916,0.044007,0.035938,0.081314,0.088552,0.092881,0.10596,0.21378,0.25724,0.13529,0.075085,0.13803,0.04786,0.17054,0.23969,0.20252,0.072715,0.014783,0.085815,0.011549,0.014655,0.046835,0.13954,0.06475,0.16616,0.10444,0.092147,0.038035,0.1554,0.088539,0.1189,0.19246,0.14635,0.081725,0.042382,0.042191,0.0022873,0.12215,-0.056686,0.028028,0.062358,0.091258,0.075258,0.011707,-0.01638,0.13427,0.12356,0.16441,-0.03859,0.067183,0.092984,0.046741,-0.01558,0.15,0.097356,0.099567,0.19407,0.16206,0.22623,0.22932,0.12732,0.18753,0.10051,0.11273,0.07818,0.099836,0.023299,0.10165,0.040084,0.078441,0.24676,0.15274,0.15836,0.15952,0.065382,0.094401,0.19469,0.05153,0.034732,0.058612,0.15197,0.069049,0.094065,0.16254,0.06354,0.051661,0.067617,0.20196,0.032011,0.099648,0.14501,0.082908,0.07773,0.12095,0.075799,-0.0016164,0.012349,0.057334,0.0066476,0.12134,0.049908,0.007609,0.11056,0.12338,0.12459,0.20009,0.16909,0.090894,0.067939,0.054969,0.089222,0.15737,0.14749,0.21489,0.21397,0.048819,0.1329,0.29216,0.23454,0.15326,0.28628,0.083217,0.035273,0.14865,0.16436,0.1295,-0.0075619,0.085333,0.10121,0.1033,0.1036,0.11431,0.13054,0.11143,0.15254,0.17478,0.047709,0.12766,0.15486,0.020182,0.16454,0.10183,0.098171,0.13673,0.15569,-0.039907,0.034255,0.15514,0.096569,0.2575,0.098598,0.0644,0.15973,0.098549,0.16452,0.10329,0.041521,0.042106,-0.0025411,0.21088,0.10433,0.095111,0.0018301,0.21366,0.062141,0.033279,0.13049,0.068379,0.053986,0.13797,0.035253,0.19731,0.071921,0.16028,0.047988,0.016884,0.095947,0.046179,0.17919,0.081694,0.096458,0.10011,0.1454,0.14135,0.05441,0.16612,0.15884,0.04859,0.083253,0.10265,0.12484,0.095738,0.10258,0.073842,0.16961,0.20776,0.12211,0.13908,0.13715,0.070452,0.05306,0.17784,0.13604,0.22022,0.06678,0.13613,0.18753,0.19018,0.1821,0.088481,0.12099,0.084423,-0.016451,0.1155,0.22862,0.15889,0.19143,1,0.12408,0.10142,0.062041,0.11279,0.16799,0.12638,0.091598,0.11523,0.11916,0.12658,0.21472,0.031967,0.096704,0.14122,0.20612
0.044296,0.028101,0.10308,0.063559,0.11997,0.057684,0.13191,0.1718,-0.036797,-0.020181,0.092095,0.078972,0.16155,0.077366,0.12787,0.073825,0.08531,0.072618,0.095389,0.1646,0.15397,0.11492,0.15003,0.082946,0.12595,0.1005,0.11039,0.17157,0.032213,0.067598,0.014616,0.13336,-0.0015443,-0.050669,0.11995,0.11274,0.072638,0.13541,0.10721,0.10626,0.13634,0.1414,0.11741,0.059121,0.094925,0.061355,0.10285,0.033379,-0.01299,0.04808,0.068906,0.032312,0.054086,0.026216,0.16795,0.10456,0.038635,0.04965,0.15688,0.085082,0.00094522,0.081652,-0.027564,-0.0054977,0.013396,0.032934,0.068515,0.15526,0.063319,0.082083,0.09143,0.14605,0.060596,0.090957,0.016115,0.038919,0.029174,-0.031695,0.025112,0.042333,0.051507,0.058183,0.136,0.079933,0.1607,0.019533,-0.028076,0.12452,0.074208,0.076896,0.097394,0.090545,0.043401,-0.00011124,0.1594,0.075643,0.062526,0.07839,0.071938,0.078159,0.013885,0.031588,-0.040503,0.025857,-0.0054021,0.083919,0.077936,-0.0062128,-0.026401,0.10675,0.11507,0.020779,0.13299,-0.042173,0.044118,-0.035012,-0.01378,0.072954,0.056628,0.086592,0.082562,0.038308,0.087313,0.097453,0.093185,0.13595,0.013783,-0.0054613,0.046917,0.025209,-0.012927,-0.0046872,-0.054141,0.046958,0.036717,-0.021823,0.055572,0.032796,0.007357,0.08654,-0.024255,-0.030464,0.15406,0.079074,0.11252,0.077876,-0.032211,0.036592,0.020859,0.064243,0.09187,0.038505,0.047426,0.1133,0.10221,0.0057162,0.034265,0.081004,-0.016743,0.076991,0.085597,0.079354,-0.0058521,-0.077814,0.04674,-0.0032724,0.037274,0.0034861,0.06615,-0.021252,0.068484,0.10795,0.11507,-0.00047003,0.087355,0.02129,0.10076,0.15385,0.071446,0.034732,-0.058171,0.063915,0.068806,0.1189,0.0073476,0.033521,0.059877,0.061044,0.020387,0.088665,0.011394,0.13791,0.15438,0.15687,-0.071711,0.086156,0.093477,0.022163,0.054192,0.12718,-0.042043,0.11271,0.13394,0.1342,0.13686,0.10581,0.14698,0.16792,0.03581,0.058443,0.069616,0.1106,0.060954,0.017929,0.070219,0.076853,0.12193,0.13532,0.12441,0.089997,0.028041,-0.034414,0.15061,0.011484,0.045351,-0.035164,0.097882,0.0051596,0.031652,0.055188,0.098844,-0.0076354,0.1089,0.14214,0.09142,0.019961,0.12273,0.099834,0.056559,0.07971,-0.043389,-0.015045,-0.05425,-0.050591,-0.00035585,0.01903,0.043367,0.038349,0.075726,0.071824,0.031836,0.18078,0.082829,0.019274,0.063393,0.026889,0.069515,0.10997,0.06365,0.16369,0.17853,0.055103,0.1156,0.15231,0.16839,0.091808,0.13029,0.10043,0.10523,0.19413,0.17324,0.11699,-0.0010117,0.068034,0.094213,0.12827,0.051391,0.092406,0.059029,0.05652,0.094138,0.091919,-0.026501,0.084076,0.067057,0.090109,0.10936,0.076659,0.13531,0.10544,0.14313,0.063078,0.10406,0.030185,-0.024023,0.12263,0.056351,0.037227,0.12447,0.074897,0.058636,0.056548,0.032163,-0.038714,0.033757,0.15425,0.061413,0.11819,0.060719,0.13793,0.066604,0.0091355,0.086364,0.032777,0.0093248,0.057423,0.082936,0.11347,0.086787,0.08812,0.053805,0.020768,0.091718,0.021067,0.093036,0.033915,0.059222,0.072013,0.11342,0.098116,0.12268,0.10952,0.11876,0.091953,0.043936,0.030349,0.076372,0.093496,0.033561,-0.043427,0.075292,0.093941,0.034645,0.066578,0.037258,0.033514,-0.013899,0.12797,0.088056,0.11658,0.098806,0.065286,0.1144,0.078008,0.062581,0.066419,0.086504,0.087588,0.051421,0.093447,0.10532,0.083659,0.151,0.12408,1,0.030417,0.10266,0.079385,0.10535,0.11851,0.10534,0.10397,0.13372,0.13894,0.10906,-0.0061221,0.13482,0.088557,0.11925
0.059843,0.027758,0.016356,0.075981,0.10218,0.12737,0.094246,0.11503,-0.0098693,0.01989,0.13335,0.056838,0.23432,0.15915,0.13395,0.090735,0.04596,0.16336,0.095871,0.23321,0.12126,0.21827,0.21833,0.18596,0.21292,0.15665,0.13935,0.24416,0.18692,0.11661,0.03705,0.21171,0.15413,0.113,0.14174,0.065439,0.12668,0.15339,0.12438,0.12855,0.15326,0.13045,0.21831,0.1254,0.13683,0.14901,0.13288,0.15624,-0.036782,0.09901,0.073402,0.032321,0.04614,0.035503,0.22894,0.23514,0.19329,0.16304,0.10487,0.137,0.24713,0.20353,0.1337,0.17539,0.218,0.11735,0.073715,0.13192,0.14566,0.20707,0.20011,0.20897,0.21121,0.17845,0.13282,0.13572,0.093452,0.14174,0.18436,0.017893,0.058998,0.13373,0.098071,0.024562,0.027344,-0.0081672,0.0069574,-0.034002,-0.074953,-0.074804,0.036422,-0.022884,0.14918,-0.025327,-0.004025,0.038963,0.16222,0.12791,0.1381,0.06844,0.093596,0.02998,0.1249,0.092644,0.1355,-0.053697,0.055795,-0.0082598,-0.03375,0.10458,0.077422,0.075685,-0.013601,0.087879,0.14412,0.056563,-0.041048,0.14035,0.1464,0.14899,0.11587,0.14369,0.12239,0.16099,0.13524,0.28089,0.095945,0.10221,0.021706,0.048018,0.022967,0.11825,0.11348,0.14219,0.14073,0.15448,-0.063914,0.12364,0.078786,0.1432,0.05483,-0.024783,0.17754,0.13549,0.072,0.11256,0.066763,0.073733,0.045696,0.067589,0.045522,0.11417,0.078007,0.16284,0.16804,0.12479,0.11532,0.13371,0.050005,0.15104,0.2258,0.18791,0.1666,0.1345,0.15906,0.13682,0.1389,0.089865,0.043302,0.019433,0.23551,0.093667,0.07575,0.0075588,0.088831,0.10347,0.18486,0.14407,0.12039,0.01803,0.038234,0.049863,0.017579,0.013515,0.0035135,0.08589,0.11071,0.18362,0.072452,0.0091146,0.040547,0.20988,0.13796,0.17614,0.042385,0.037443,0.11396,0.15362,0.012436,0.19972,0.10608,0.18033,0.22779,0.20879,0.20467,0.21518,0.16368,0.25919,0.20745,0.19374,0.019376,0.16663,0.035457,0.055072,0.11931,0.11528,0.19286,0.19164,0.13792,0.15636,0.11193,0.12322,0.2771,0.077533,-0.037663,0.13619,0.13888,0.10001,0.027441,0.040481,0.056312,-0.058234,-0.017954,0.086463,0.094934,0.19285,0.16671,0.090831,0.16083,0.18809,0.21494,0.19469,0.11645,0.085923,0.092094,0.15825,0.13012,0.092187,0.16323,0.19589,0.2282,0.2385,0.22446,0.21416,0.10941,0.15806,0.12136,0.22545,0.22735,0.0275,0.099913,0.070312,-0.031472,0.06463,0.1077,0.03953,0.099191,-0.032923,-0.049448,-0.0057332,0.014943,0.10319,0.064464,0.035512,0.098925,0.037643,0.20586,0.033277,0.13775,0.082071,0.17567,0.14756,0.15377,0.11498,0.17051,-0.039125,0.074629,0.083611,0.010713,0.086887,0.078191,-0.0036285,0.036443,0.22969,0.15471,0.14995,0.057909,0.16807,0.19001,0.13089,0.23057,0.20387,0.12288,0.19375,0.20238,0.14139,0.22203,0.15013,0.085769,0.12347,0.068967,0.092162,0.15055,0.096212,0.16684,0.21797,0.0065754,0.13506,0.017532,0.13425,0.063749,0.10233,0.078237,0.092932,0.054816,0.030932,0.10614,0.086598,0.094261,0.13912,-0.025463,0.1278,0.078946,0.012379,0.10887,0.11707,0.1899,0.081378,0.1269,0.037835,0.16345,0.1898,0.16441,0.1256,0.16613,0.19623,0.10885,0.079478,0.029946,0.066511,0.14633,0.098799,0.096009,0.097699,0.18672,0.12744,0.18375,0.050592,-0.013981,0.014827,0.13787,0.18238,0.073186,0.10142,0.030417,1,0.072557,0.17805,0.10876,0.075871,0.041315,0.10696,0.10068,0.18382,0.092226,0.0051948,0.12719,0.11442,0.20416
-0.023316,0.084757,0.11588,0.059821,0.020783,0.034404,0.090873,0.083537,0.035455,-0.019018,0.034861,-0.010327,0.19534,0.15132,0.18876,0.054468,0.058379,0.042827,0.14105,0.15837,0.23968,0.20131,0.21726,0.1779,0.25858,0.14109,0.36915,0.30894,0.16532,0.13452,0.11344,0.18244,-0.022182,-0.10705,0.18993,0.18909,0.22821,0.18688,0.2399,0.2711,0.19449,0.21199,0.094073,0.14399,0.088527,0.11314,0.12512,0.094981,-0.015093,0.031859,0.056896,0.018831,0.056087,-0.024374,0.28179,0.01299,0.048486,0.15173,0.19647,0.12314,0.057138,0.10271,0.056573,0.040988,0.011868,0.13109,0.17842,0.18925,0.16927,0.34914,0.22542,0.37379,0.17856,0.12392,0.2697,0.063977,0.023087,0.073592,0.023432,-0.018339,-0.013225,-0.013725,0.025437,0.087867,0.12113,0.005415,0.023872,0.065491,0.11524,0.1004,0.020675,0.070811,0.031035,0.04927,0.032743,-0.025583,0.1284,0.13006,0.164,0.12342,0.075286,0.038631,-0.0096269,-0.0059732,-0.0076884,0.068544,-0.022813,-0.022047,-0.06683,0.0073207,0.058301,-0.021455,0.023418,0.10137,0.11408,0.0058554,0.041906,0.13311,0.3034,0.15417,0.11083,0.047185,0.17675,0.1149,0.11357,0.19338,0.011778,-0.018149,0.14533,0.015721,0.068006,-0.015919,-0.026011,0.1273,0.17646,0.17942,0.036022,0.0032806,-0.0021017,0.11164,-0.011211,0.097024,0.20009,0.18213,0.047065,0.012933,0.081822,0.1644,0.0037232,0.013964,0.018508,-0.0094522,0.011055,0.092023,0.10485,0.033172,0.24219,0.072103,0.10331,0.15539,0.09757,0.17259,-0.029657,0.037267,0.17761,0.18365,0.071069,-0.049009,0.055567,-0.048973,0.045537,0.054893,0.076461,0.053418,0.26073,0.17032,0.20694,0.19784,0.071426,0.00049185,0.044523,0.05076,0.018614,0.087014,-0.0062682,0.085057,0.19613,0.0087858,-0.031041,0.042289,0.05375,0.17748,0.1463,0.24527,0.018994,0.020981,0.055775,0.01719,0.06831,0.20222,0.084459,0.22913,0.2357,0.22982,0.23055,0.196,0.39885,0.35663,0.2158,0.13075,0.19176,0.1817,0.049002,-0.055426,0.14841,0.15337,0.20806,0.17992,0.20181,0.3029,0.2269,0.05887,0.12586,0.19758,0.21851,-0.044541,0.17487,-0.059223,-0.046637,0.020139,0.045397,0.0039435,0.057372,0.025768,0.22028,0.044536,0.1002,0.1543,0.23419,0.15863,0.016979,0.18678,0.039498,-0.039936,0.10317,0.08907,0.13407,0.13814,0.11118,0.35699,0.24094,0.34349,0.14827,0.18267,0.199,0.096127,0.074573,0.1227,0.11173,0.0834,0.08581,0.091835,0.12401,0.085855,-0.0088351,0.094474,0.034895,0.11334,0.1581,0.15002,0.065136,0.0045356,0.14156,0.17412,0.074182,0.084388,0.13677,0.043371,0.096268,0.051781,0.094446,0.053892,-0.045906,0.077019,0.037326,0.14207,0.056149,-0.018446,0.081389,0.034124,0.055272,9.5819e-05,-0.0048813,0.098596,0.064192,0.025088,0.071911,0.2565,0.34949,0.14679,0.23476,0.05578,0.15855,0.1063,0.16273,0.17387,0.078512,0.044244,-0.0046283,0.015641,-0.018413,-0.010104,0.068094,0.10954,0.18402,0.14597,0.12903,0.01414,0.098767,0.049925,0.092419,0.049123,0.1271,0.21932,0.07343,0.076541,0.15563,0.27213,0.10336,0.10304,0.13129,0.048939,0.11078,0.16424,0.085129,0.061124,0.21511,0.26005,0.19379,0.06012,0.092567,0.11927,-0.021389,-0.014704,0.1089,0.08468,0.036649,0.084625,0.1333,0.040356,0.11074,0.13482,0.076273,-0.018862,0.26745,0.20276,0.20259,0.1577,0.17938,0.017064,-0.01423,0.13665,-0.0073748,0.062041,0.10266,0.072557,1,0.019251,-0.010495,0.12407,0.12913,0.12998,0.14122,0.25343,0.12877,-0.027885,0.14826,0.090721,0.065817
0.044209,0.0046809,-0.024602,0.013938,0.060024,0.069336,0.22313,0.18014,0.012204,-0.025399,0.11161,0.068114,0.22114,0.081809,0.12441,0.11274,0.11845,0.27014,0.27465,0.28097,0.094628,0.15175,0.18807,0.13468,0.13894,0.07592,0.042544,0.23653,0.14709,0.033861,0.093037,0.1362,0.11845,0.093356,0.049837,-0.033386,0.056209,0.034973,0.022255,0.060612,0.12667,0.087506,0.24487,0.16491,0.25464,0.16911,0.18198,0.15489,-0.027247,0.10648,0.099308,0.029859,0.037806,0.066392,0.15937,0.19314,0.19061,0.142,0.040294,0.097126,0.19727,0.16591,0.16739,0.13749,0.17659,0.060282,-0.030512,0.11415,0.034094,0.13699,0.14532,0.18017,0.14009,0.11146,0.047264,0.12868,0.065833,0.092766,0.17907,-0.012933,0.11869,0.32986,0.10713,0.0048058,0.12735,0.15102,0.035908,0.1405,0.081252,0.063149,0.079962,0.23095,0.19459,0.11154,0.31019,0.23781,0.16014,0.17743,0.10394,0.2827,0.11885,0.11458,0.13308,0.16685,0.22365,0.13251,0.10774,0.020074,0.10725,0.19619,0.14178,0.11219,0.09793,-0.020595,0.12241,0.15486,0.054556,0.093451,0.075218,0.096428,0.13928,0.14432,0.10005,0.064188,0.14149,0.16475,0.060414,0.094707,0.030156,0.2373,0.043555,0.055629,0.10214,0.1062,0.082986,0.081381,-0.042087,0.12788,0.026675,0.1681,0.041297,-0.071252,0.1026,0.071973,0.046755,0.14467,0.016043,0.14899,0.18996,0.10305,0.12947,0.15811,0.099181,0.1736,0.17599,0.14786,-0.0035471,0.18525,0.066654,0.15416,0.19344,0.174,0.1709,0.089303,0.060939,0.043757,0.15073,0.19353,0.14108,0.051049,0.14202,0.085392,0.0095492,0.021236,0.041483,0.026619,0.06434,0.10421,0.064763,0.10523,0.053302,0.043499,0.031531,0.052844,-0.013991,0.10756,0.081895,0.30302,0.1828,0.13871,0.050321,0.16566,0.1179,0.12403,0.026306,0.10475,0.12841,0.18286,-0.0057822,0.16663,-0.0028424,0.11188,0.16416,0.12779,0.12571,0.16501,0.050293,0.17878,0.17787,0.21513,0.11558,0.065245,0.054543,0.093568,0.029817,-0.015614,0.16188,0.090954,0.041186,0.049292,0.021619,0.051553,0.25484,0.12355,0.044972,0.12356,0.24042,0.10692,0.084389,0.1109,0.13958,-0.047498,0.033563,0.1313,0.028672,0.13936,0.2045,0.012821,0.0836,0.13347,0.10506,0.17101,0.11433,0.064852,-0.0031219,0.09688,0.078677,-0.0252,0.11801,0.066332,0.13694,0.20265,0.16558,0.1067,0.064461,0.17548,0.16975,0.18461,0.21673,0.079547,0.33715,0.4593,0.12589,0.11141,0.27606,0.27693,0.19595,0.11716,0.1278,0.1983,0.070377,0.42439,0.28203,0.21113,0.32562,0.39396,0.30195,0.37347,0.21224,0.34568,0.36,0.37876,0.19249,0.3436,0.28847,0.22276,0.16099,0.39688,0.12283,0.20911,0.1962,0.078972,0.1532,0.267,0.097191,0.29755,0.1449,0.10523,0.14561,0.086228,0.15397,0.07558,0.075719,0.10197,0.02509,0.1062,0.35681,0.20047,0.057217,0.35632,0.11798,0.064844,0.16505,0.042906,0.096219,0.18257,-0.025237,0.16731,0.0090707,0.13552,0.076276,0.10052,0.025602,0.044757,0.07522,0.048753,0.089697,0.11326,0.30294,0.14752,0.032949,0.26352,0.085761,0.056051,0.059545,0.13623,0.11541,0.12805,0.055903,0.0065409,0.13986,0.14441,0.31689,0.25512,0.10323,0.17874,0.22497,0.38698,0.22238,0.17553,0.10429,0.079129,0.060148,0.10503,0.07192,-0.033428,0.075053,0.022607,-0.074266,0.061389,0.15192,0.16827,0.073944,0.11279,0.079385,0.17805,0.019251,1,0.17278,0.33897,0.040533,0.066374,0.10043,0.10405,0.13209,0.018659,0.11275,0.25979,0.22836
0.057481,-0.021502,0.11988,0.096632,0.072565,0.090394,0.12407,0.14417,0.041675,-0.060305,0.091471,0.065008,0.16383,0.074175,0.14779,0.13997,0.093227,0.32127,0.2965,0.19142,0.1306,0.10602,0.16252,0.1272,0.13272,0.12265,-0.038132,0.10358,0.031271,0.007052,-0.11035,0.11512,0.25205,0.32518,0.071143,0.0075959,0.10898,0.057231,0.02526,0.05049,0.093023,0.11388,0.12953,0.12786,0.037029,0.18062,0.10593,0.24509,0.26234,0.31136,0.21982,0.19207,0.22835,0.32599,0.042614,0.10711,0.14664,0.098723,0.03607,-0.017869,0.14528,0.10877,0.13051,0.1324,0.20376,0.12956,0.021605,0.11763,0.037423,0.012789,0.12402,0.054812,0.073807,0.052913,0.041205,0.094819,0.060832,0.025617,0.095076,0.052747,0.17444,0.10069,0.22538,0.1523,0.14184,0.29101,0.2974,0.069929,0.1067,0.24032,0.28395,0.1256,-0.030184,-0.10145,0.10415,0.23178,0.018512,0.016272,-0.01068,0.016067,0.0053494,0.14676,0.18107,0.090176,0.11645,0.15865,0.16043,0.25666,0.21095,0.1465,0.066551,0.099145,0.078888,0.062762,0.1317,0.17171,0.24147,0.002334,0.031766,0.032275,0.0017473,0.10561,0.033773,0.03211,0.077456,0.076563,0.019683,0.034983,-0.0091943,0.057438,0.034766,0.016217,0.037366,0.073741,0.081952,0.036696,-0.02614,0.11955,0.062572,0.085015,-0.0083475,-0.099851,0.034441,0.030647,0.043581,0.083686,0.078338,0.029576,0.21807,0.12286,0.12127,0.2626,0.20007,0.16018,0.16046,0.12652,0.056664,0.1662,0.18303,0.15753,0.21023,0.11531,0.21462,0.27431,0.06017,0.01149,0.021464,0.31202,0.31834,0.36804,0.15322,0.074951,0.054307,0.021382,0.054413,0.12024,0.068328,0.11307,0.049628,0.30789,0.19317,0.079296,-0.008824,0.043698,-0.04559,0.024721,0.019532,0.000557,0.32347,0.10364,0.063901,0.10786,0.094537,0.051213,0.13442,0.22955,0.052341,0.16222,0.084238,0.10725,0.13543,0.09851,0.13606,0.13962,0.13803,0.14184,-0.0018586,0.074867,0.089215,0.082744,-0.090081,0.082685,0.25174,0.42688,0.017932,0.041879,0.1404,0.11255,0.1272,0.085688,0.090125,0.13106,0.19819,0.0030625,-0.071767,0.13914,0.07679,0.30987,0.32583,0.28732,0.22043,0.16651,0.21899,0.32953,0.021469,0.15,0.21638,0.043787,0.02016,0.06194,0.14236,0.060794,0.13354,0.15328,0.072199,0.11533,0.045462,0.02585,0.16777,0.030855,0.11872,0.093598,0.14964,0.075327,0.096034,0.18874,0.10243,0.13249,0.14505,0.25003,0.30419,0.20483,0.21159,0.23162,0.2122,0.2321,0.44961,0.066503,0.058103,0.21431,0.35293,0.39662,-0.10444,-0.060586,0.020815,0.13428,0.11782,0.043634,0.061557,0.070089,0.10756,0.39975,0.23988,0.4056,0.33499,0.1284,0.12581,0.35885,0.30337,0.31999,0.21805,0.16103,0.053876,0.16757,0.12814,0.2891,0.26579,0.042189,0.060895,0.086931,0.10877,0.08111,0.078131,0.033161,0.00679,0.059703,0.15292,0.086568,0.0064461,0.1745,0.12145,0.030414,0.060916,0.055081,0.089226,0.12613,-0.019202,0.19989,0.10072,0.18097,0.028904,0.015797,0.051668,-0.07401,0.10782,0.021753,-0.014036,-0.042432,0.20373,0.076711,0.14647,0.3253,0.1875,0.024123,0.068372,0.073237,0.21153,-0.049317,0.076399,0.05762,0.1904,0.13002,0.3332,0.37496,0.12363,0.12421,0.091277,0.42326,0.19191,0.40635,0.057827,0.076701,0.099645,0.084188,0.13108,0.067949,0.11289,0.093058,-0.0044098,0.23702,0.34102,0.08028,0.13631,0.16799,0.10535,0.10876,-0.010495,0.17278,1,0.19762,0.07335,0.066735,0.060652,0.016191,0.17481,0.18371,0.01413,0.24754,0.22537
0.039254,0.089065,0.08459,0.025247,-0.0039684,0.0040469,0.19583,0.07616,0.011352,-0.006947,0.0011208,-0.002019,0.2032,0.082228,0.15764,0.078715,0.080097,0.15264,0.46025,0.1587,0.15774,0.096798,0.11923,0.13607,0.12453,0.059547,0.14194,0.22301,0.015454,0.067619,0.1577,0.067618,-0.021315,-0.13733,0.088743,0.047964,0.11387,0.06073,0.077328,0.11437,0.12929,0.15033,0.062239,0.0020546,0.036712,0.066335,0.10229,0.087221,0.026665,0.14531,-0.0077241,0.062518,0.10269,0.021396,0.18281,0.0057823,-0.10219,0.068488,0.099798,0.046438,-0.018185,-0.034622,-0.16167,-0.040266,0.011415,0.033734,0.039975,0.090555,0.076497,0.18094,0.12791,0.20277,0.10655,0.043873,0.090362,0.005415,0.032327,-0.038919,-0.10284,-0.095339,-0.080088,0.16034,-0.089981,-0.016584,0.14606,0.28256,0.052255,0.017478,0.37182,0.20783,0.065875,0.27109,-0.083741,0.044473,0.28855,0.31666,0.049257,0.094483,0.22515,0.32726,0.17776,0.25091,-0.16487,0.074544,-0.20366,0.22519,0.06327,0.062783,0.052904,-0.046333,0.066572,0.089331,-0.004211,0.030167,0.015228,0.29335,0.14242,0.029115,0.12513,0.098391,0.069904,0.09848,0.094457,0.017368,0.062142,0.049885,-0.15821,-0.1058,0.052729,-0.069,0.0038863,-0.10729,-0.011743,0.083352,0.029476,0.016304,0.022096,0.035278,0.031646,0.1143,0.065869,0.0067507,0.12268,0.13514,-0.012354,0.039983,0.062359,0.10784,0.062222,0.068394,0.16438,0.32632,0.17443,0.17298,0.16652,0.11642,0.11737,0.17622,0.15702,0.20986,0.052828,0.15895,0.069585,0.17012,0.13776,-0.08365,-0.071015,0.066438,0.18986,0.1527,0.038516,0.079724,0.037434,0.039322,0.16021,0.11404,0.11434,0.12742,0.026942,0.041492,0.081666,0.0014228,0.0099991,0.07664,-0.083038,0.094709,0.094492,-0.03023,0.028515,0.35972,0.035348,0.11067,0.074823,0.15272,0.070036,0.11802,0.029021,-0.042149,-0.10603,0.10711,-0.016442,0.16331,0.13807,0.097954,0.12935,0.12335,0.16729,0.17559,0.133,0.15651,0.29826,0.024675,-0.023323,-0.020216,0.063432,0.052709,0.20143,0.077969,0.077097,0.1091,0.10986,0.02575,0.15658,0.27711,0.29121,-0.0053662,0.29585,0.19777,0.15332,0.10115,0.094137,0.026008,0.15264,0.10032,0.074327,-0.013669,0.057073,0.03937,0.1347,-0.0091611,-0.13542,0.050776,-0.0091631,-0.092658,0.0037827,0.0030841,0.076755,-0.048763,0.22887,0.16669,0.091693,0.18059,0.10733,0.0646,0.049845,0.10086,0.10248,-0.0491,-0.01345,0.040672,0.18228,0.59817,0.15737,0.12749,0.22792,0.4871,0.24444,0.13179,0.55235,0.47212,0.38419,0.64,0.3469,0.36914,0.35767,0.73048,0.18811,0.62016,0.38145,0.46362,0.41699,0.57439,-0.090818,0.54506,-0.0054971,0.49464,0.11677,0.4941,0.32876,0.079222,0.19393,0.19481,0.14735,0.25528,0.057525,0.48566,0.55468,0.047161,0.11693,0.051422,0.11262,0.085046,0.086288,-0.018679,-0.012248,0.11229,0.033452,-0.024818,-0.044496,0.13699,-0.024299,-0.023006,0.0070565,0.0024588,0.027249,0.13294,0.082622,0.098261,0.056095,0.068927,0.17189,0.09047,0.010423,0.18922,0.081998,0.073346,0.16639,0.21112,0.44036,0.27351,0.21901,0.66385,0.32977,0.13056,0.1505,0.20751,0.25783,0.29883,0.066016,-0.012796,0.089677,0.12731,0.39918,0.54434,0.21103,-0.026571,0.10297,0.67462,0.42489,0.40125,0.067181,0.1345,0.04949,0.06405,0.18423,0.058547,0.10945,0.089264,0.079615,0.13519,0.091105,0.11458,0.031362,0.12638,0.11851,0.075871,0.12407,0.33897,0.19762,1,0.1385,0.075435,0.11995,0.1556,0.1922,0.1292,0.074543,0.099715,-0.034169
0.048413,0.012464,0.15622,0.072478,0.10977,0.023685,0.11153,0.035538,-0.017931,-0.0053785,0.032912,0.036944,0.20053,0.11806,0.14382,0.04046,0.072939,0.0076328,0.18563,0.1136,0.17212,0.15522,0.14397,0.093727,0.17354,0.088248,0.19096,0.18315,0.0045037,0.04723,0.068452,0.11949,0.052874,-0.05831,0.13742,0.14288,0.1647,0.12888,0.14332,0.18513,0.14839,0.15061,0.036675,0.022275,0.16971,0.10824,0.122,0.042822,0.039786,0.12088,0.10404,0.082874,0.10669,0.057048,0.17296,0.050463,0.0069904,0.10976,0.14937,0.087536,0.026195,0.047863,-0.075276,-0.018957,0.01198,0.06418,0.14378,0.13053,0.10088,0.17546,0.14395,0.17667,0.1027,0.10506,0.12514,0.051173,0.025069,-0.04324,-0.023899,0.067712,-0.0053663,-0.03397,0.070892,0.082673,0.089891,0.014119,0.036928,0.19828,0.087294,0.16684,0.078211,-0.013395,-0.022916,0.1734,0.10725,-0.014388,0.014848,0.053483,0.071079,0.062035,-0.0060217,-0.054331,-0.11906,-0.098291,-0.074075,0.067332,0.099571,-0.041626,-0.029143,-0.043609,0.032108,-0.0025626,0.072899,-0.0027442,0.032791,-0.033337,0.022216,0.070811,0.08838,0.11881,0.12175,0.033738,0.13415,0.054842,0.058867,0.10823,-0.050341,-0.083754,0.00711,-0.10204,-0.034424,-0.10442,-0.058725,0.09114,0.11083,0.063312,0.04075,0.017153,-0.0014197,0.081494,0.012515,0.06757,0.12202,0.16072,0.059449,0.016795,0.11585,0.10101,0.028962,0.20071,0.14699,-0.01887,0.037698,0.13512,0.13419,0.031372,0.2019,0.062483,0.05515,0.1317,0.094191,0.081406,-0.069969,-0.0085406,0.11439,-0.0010096,-0.074011,-0.11289,0.1398,-0.008674,0.061181,0.080744,0.12032,0.062817,0.18588,0.13761,0.15184,0.14786,0.03685,0.077692,-0.00011851,0.02126,0.059169,0.064275,-0.032649,0.043498,0.077369,0.0067512,-0.082862,-0.031754,0.07711,0.093627,0.11989,0.14631,0.0097249,-0.011579,0.038452,-0.034798,0.065403,0.11539,0.056239,0.11512,0.14401,0.13602,0.14716,0.16137,0.20342,0.20415,0.12395,0.076826,0.32515,0.10023,0.052451,0.023914,0.091893,0.058564,0.19145,0.1345,0.11405,0.14058,0.10508,0.0028032,0.098533,0.18019,0.31257,-0.0099996,0.22887,-0.016666,0.11269,0.097244,0.11081,0.08933,0.14401,0.18094,0.11372,0.0091883,0.079075,0.13676,0.13051,0.071164,-0.013473,0.075055,-0.015112,-0.072769,-0.032475,0.078374,0.071863,0.027645,0.080881,0.19964,0.14916,0.20722,0.12426,0.084839,0.1229,0.074746,0.049268,0.083596,0.097029,0.12508,0.18944,0.096626,0.19049,0.22071,0.11255,0.27391,0.16235,0.31603,0.29188,0.25613,0.17708,0.091895,0.20954,0.32404,0.2108,0.17246,0.058649,0.12685,0.037901,0.11816,0.033928,0.043443,-0.12371,0.056053,0.084538,0.2481,0.19298,0.066421,0.19819,0.060139,0.045488,-1.9507e-05,0.12865,0.055379,-0.01316,0.12759,0.077041,0.031387,0.16332,0.11267,0.068138,0.040539,0.077381,0.024917,0.0036179,0.14963,0.080024,0.0055702,0.034252,0.090091,0.0063293,-0.0081904,-0.010087,0.02809,0.080049,0.053985,0.11718,0.10314,0.13814,0.073259,0.11548,0.15756,0.08879,0.16514,0.096849,0.051516,0.22972,0.32928,0.27882,0.33138,0.27516,0.1146,0.19747,0.1865,-0.013983,-0.0070399,0.10655,0.26996,0.12325,-0.042159,0.074055,0.060417,-0.040077,0.011323,0.041398,0.021939,-0.047853,0.13916,0.29322,0.21664,0.077663,0.11652,0.11905,0.065898,0.18501,0.15099,0.15614,0.091675,0.090673,0.21007,0.046372,0.11412,0.040387,0.091598,0.10534,0.041315,0.12913,0.040533,0.07335,0.1385,1,0.10244,0.11708,0.15245,0.29571,0.042691,0.12058,0.14993,0.10419
0.074225,0.020908,0.15051,0.090936,0.13175,0.05641,0.15256,0.17022,0.0023772,0.010179,0.094945,0.10893,0.26473,0.13273,0.23684,0.041646,0.11371,0.057736,0.056464,0.19869,0.26064,0.23034,0.23861,0.14526,0.22271,0.18311,0.29399,0.34023,0.13802,0.11488,0.18021,0.23714,-0.022016,-0.04098,0.21622,0.11971,0.1368,0.21911,0.21476,0.26221,0.16999,0.20866,0.21716,0.15082,0.18513,0.097561,0.23067,0.086655,-0.12571,0.038275,0.089148,-0.00088947,0.00025028,-0.077721,0.27456,0.16932,0.1585,0.15459,0.26821,0.1651,0.075995,0.16658,0.073358,0.072077,0.088137,0.1138,0.14414,0.22621,0.12168,0.27053,0.20587,0.33585,0.14295,0.21116,0.11177,0.097253,0.043906,-0.0051619,0.09279,0.038999,0.078337,0.074175,0.13677,0.081359,0.20291,-0.047925,-0.083919,0.084682,0.023416,-0.018897,0.0029946,0.10727,0.20038,0.089445,0.072042,-0.0049665,0.14852,0.12985,0.162,0.10249,0.033992,0.020878,0.0053452,0.047595,0.043936,-0.034544,0.025838,-0.079325,-0.14611,0.11183,0.11498,-0.050317,0.067912,-0.0024713,0.14166,-0.071469,-0.017909,0.18766,0.16171,0.21617,0.16803,0.07049,0.26604,0.19706,0.19452,0.28949,0.080907,-0.047603,0.095248,0.082859,0.003355,-0.043463,-0.10798,0.12271,0.12972,0.056488,-0.0038617,0.02693,0.027955,0.11698,-0.071463,0.040868,0.3064,0.27976,0.14049,0.046151,-0.02889,0.14619,-0.030272,0.036708,-0.025888,-0.033698,-0.081372,0.14541,0.14761,0.040102,0.13673,0.11231,-0.063289,0.14459,0.15067,0.15606,0.0435,-0.048822,0.16137,0.073008,0.089347,-0.0087398,0.012119,-0.10662,0.084917,0.14067,0.12184,0.024826,0.21927,0.08697,0.18293,0.24745,0.072256,-0.031036,0.0086214,0.020511,0.034705,0.16269,0.014288,0.13314,0.16661,0.18124,0.016862,0.033425,0.07665,0.23818,0.35175,0.35634,-0.12635,0.035019,0.13847,0.031553,0.1084,0.23242,0.053572,0.19024,0.27297,0.28303,0.20917,0.22049,0.31304,0.3661,0.16197,0.16757,0.19529,0.24663,0.0069075,-0.055366,0.12203,0.15176,0.22027,0.2315,0.18236,0.2228,0.058957,0.016801,0.29797,0.14443,0.16417,0.01785,0.18013,-0.039847,-0.084922,-0.028658,0.077515,-0.05312,0.037503,0.0673,0.26276,0.059714,0.1795,0.1887,0.15055,0.15006,0.015171,0.10925,0.058355,0.015575,0.077073,0.061288,0.10372,0.13129,0.082953,0.22955,0.17069,0.35754,0.17113,0.13925,0.1815,0.044194,0.051068,0.23317,0.17108,0.1564,0.14474,0.019528,0.10364,0.12119,0.06605,0.067598,0.046978,0.062036,0.085387,0.12128,0.0023726,0.024522,0.12176,0.15943,0.090352,0.04427,0.1653,0.078422,0.08733,0.027871,0.088884,0.057282,0.01089,0.04498,0.15368,0.011892,0.03567,-0.0074543,0.069919,0.12218,0.10976,-0.069669,0.069861,0.13303,0.029694,0.16,0.049965,0.20586,0.28872,0.20547,0.10693,0.20714,0.11884,0.041478,0.09571,0.32864,0.1337,0.18413,0.012043,0.18335,0.010226,0.0092439,0.12471,0.054164,0.10731,0.15313,0.12493,0.12838,0.12612,0.17689,0.04877,0.074956,0.2997,0.21161,0.19018,0.069574,0.17864,0.27882,0.094352,0.13914,0.0038798,0.034455,0.068293,0.097586,0.030817,0.035876,0.1319,0.25042,0.19989,0.053404,0.16278,0.17574,-0.011812,-0.057522,0.10625,0.093987,-0.0031633,0.029807,0.042569,0.0027937,0.17289,0.13544,0.13446,0.12761,0.23253,0.13585,0.17813,0.13771,0.11323,0.038104,0.048619,0.12364,0.068909,0.11523,0.10397,0.10696,0.12998,0.066374,0.066735,0.075435,0.10244,1,0.29399,0.3972,0.1405,-0.07975,0.28593,0.13248,0.12109
0.025662,0.069087,0.15819,0.060209,0.12813,0.060461,0.20669,0.16554,0.031949,0.012225,0.12401,0.13257,0.29018,0.18581,0.25942,0.098708,0.15,0.11764,0.13741,0.23797,0.22658,0.28086,0.26385,0.19903,0.26917,0.19449,0.3287,0.37628,0.1286,0.10215,0.17066,0.27011,0.0002192,-0.044242,0.24115,0.14337,0.16516,0.22835,0.23582,0.28323,0.20476,0.19634,0.2304,0.21636,0.18474,0.11888,0.2453,0.10304,-0.14326,0.038512,0.12826,-0.033818,-0.0074092,-0.099795,0.32432,0.20587,0.1874,0.16683,0.30942,0.20201,0.09933,0.14593,0.082866,0.11872,0.10054,0.11276,0.13567,0.23217,0.13257,0.31059,0.22701,0.37859,0.14303,0.25822,0.10168,0.10022,0.041318,-0.0081905,0.054958,0.073804,0.11044,0.050775,0.14352,0.12023,0.24438,-0.053692,-0.10872,0.099065,0.085609,0.010779,0.0058353,0.16849,0.14797,0.038699,0.11736,-0.0048218,0.17809,0.11744,0.18997,0.11686,0.054195,0.040061,0.037148,0.087095,0.065988,0.0053414,0.0066452,-0.087805,-0.15129,0.19078,0.16485,-0.071853,0.078067,0.031375,0.12837,-0.086194,0.0066375,0.2014,0.17526,0.22574,0.14358,0.12114,0.30889,0.23492,0.22419,0.3058,0.1199,-0.019473,0.14795,0.1122,0.024334,-0.052226,-0.09552,0.080126,0.097729,0.038424,-0.023225,0.026003,-0.017949,0.12976,-0.094538,0.049802,0.30816,0.22214,0.13175,0.05153,-0.055025,0.12242,-0.057948,-0.016299,-0.076868,-0.04737,-0.086023,0.11702,0.13941,0.027314,0.16417,0.049012,-0.087117,0.075605,0.17634,0.16141,0.058772,-0.059095,0.16305,0.11925,0.14957,0.012718,-0.025016,-0.13756,0.137,0.1282,0.14577,0.06162,0.20057,0.066493,0.24627,0.287,0.08681,-0.039615,-0.013523,0.030895,0.059504,0.1964,0.055168,0.16273,0.18487,0.17331,0.010149,0.083248,0.0068014,0.25977,0.38503,0.31833,-0.16429,0.068841,0.10735,0.03018,0.19639,0.28523,0.028353,0.24248,0.29719,0.30945,0.22995,0.22478,0.3332,0.36112,0.14272,0.16828,0.18485,0.28704,0.0043919,-0.053366,0.17285,0.20574,0.22909,0.23798,0.20136,0.25246,0.10516,-0.0084267,0.34525,0.14924,0.20777,-0.052712,0.14691,-0.073161,-0.085141,-0.041935,0.11196,-0.11184,0.073377,0.0091463,0.2346,0.079597,0.21117,0.20702,0.15678,0.18121,0.023911,0.12399,0.089322,0.011853,0.1337,0.061694,0.09361,0.18458,0.10506,0.23325,0.15309,0.35777,0.16552,0.14609,0.20949,0.066877,0.10988,0.27603,0.16919,0.23358,0.1964,0.076334,0.1893,0.076253,0.068194,0.084641,0.021118,0.064793,0.12036,0.15815,0.014573,-0.0025332,0.11318,0.15738,0.10476,0.071788,0.15834,0.083439,0.13016,0.019619,0.12703,0.065696,0.013999,0.073956,0.17644,0.04781,-0.011397,-0.047538,0.09346,0.16373,0.12523,-0.063226,0.053682,0.17551,0.0054103,0.14,0.074255,0.22323,0.31958,0.19902,0.090868,0.060787,0.16391,0.06484,0.10647,0.28087,0.14225,0.21011,0.024432,0.19902,-0.0034019,0.016087,0.082999,0.025633,0.093134,0.14467,0.1716,0.087448,0.14691,0.10253,0.071855,0.02742,0.31976,0.14851,0.19933,0.059208,0.13385,0.26465,0.085287,0.062859,0.021298,0.076644,0.1012,0.15693,0.028393,0.062321,0.15958,0.24841,0.22019,0.072668,0.16489,0.22261,-0.024448,-0.040037,0.16888,0.1166,0.05535,0.065842,0.030526,0.0049785,0.20424,0.11705,0.13542,0.077706,0.24096,0.17105,0.2147,0.20752,0.16491,0.063747,0.012131,0.16485,0.056908,0.11916,0.13372,0.10068,0.14122,0.10043,0.060652,0.11995,0.11708,0.29399,1,0.36168,0.10019,-0.07975,0.21367,0.20787,0.18999
0.16038,0.10897,0.19434,0.093268,0.13079,0.13639,0.14285,0.16917,0.0044415,-0.02682,0.095263,0.11311,0.34945,0.14845,0.27703,0.13395,0.1395,0.043065,0.072175,0.34566,0.46539,0.39409,0.40912,0.24631,0.37634,0.32536,0.55588,0.58066,0.31876,0.20909,0.23405,0.42091,-0.069042,-0.16552,0.34139,0.18204,0.35558,0.33641,0.3418,0.37554,0.29551,0.40226,0.25526,0.23784,0.20128,0.19236,0.31679,0.1408,-0.19154,0.050675,0.019366,-0.005878,-0.033467,-0.13944,0.52789,0.24191,0.17702,0.28956,0.41996,0.27751,0.16409,0.29792,0.10278,0.11842,0.10428,0.19575,0.1985,0.30682,0.24214,0.55649,0.39123,0.58443,0.35955,0.36467,0.32547,0.13221,0.049136,0.0076768,0.14933,-0.049706,0.010682,0.099575,0.073314,0.06967,0.1374,-0.080819,-0.10876,0.048897,0.016007,-0.1292,-0.087022,0.057041,0.26664,0.12178,0.046236,0.0069468,0.26146,0.25704,0.31501,0.16026,0.10993,0.066116,0.0467,0.10872,0.0096748,-0.097562,-0.027379,-0.13744,-0.27107,0.093473,0.18317,-0.096273,0.034484,0.058525,0.2353,0.001214,-0.096655,0.30605,0.364,0.32796,0.2563,0.11692,0.36462,0.27763,0.24701,0.44126,0.12146,0.0005308,0.1337,0.059744,0.009546,0.022493,-0.038889,0.26203,0.24588,0.19586,-0.022066,0.093898,0.087682,0.251,-0.049052,0.14213,0.52596,0.59978,0.17078,0.14955,0.068774,0.30593,-0.055172,0.059921,0.016377,-0.010467,-0.067099,0.21719,0.29313,0.080864,0.25823,0.25159,0.081871,0.31357,0.22002,0.25886,0.058387,0.0085648,0.28239,0.18872,0.11842,-0.06996,0.0093343,-0.15228,0.18373,0.21543,0.18775,0.048004,0.41213,0.21008,0.3079,0.40354,0.16986,-0.12819,-0.046997,0.080365,0.010118,0.12294,-0.0067612,0.17571,0.29614,0.23734,-0.0060595,0.081034,0.07619,0.3152,0.42575,0.64619,0.0010844,-0.029826,0.1869,0.091047,0.065677,0.37199,0.045511,0.35754,0.47914,0.44227,0.39443,0.38434,0.5959,0.639,0.36677,0.31825,0.34216,0.38098,-0.067185,-0.21856,0.23615,0.1929,0.46096,0.39398,0.29957,0.41155,0.20974,0.10144,0.41512,0.33546,0.2458,0.076605,0.4654,-0.048383,-0.1285,0.003126,0.002895,-0.068087,0.017443,0.043872,0.40818,0.13825,0.24692,0.28253,0.32421,0.26354,0.044687,0.26216,0.095341,-0.032878,0.1248,0.10478,0.20039,0.18618,0.17508,0.50831,0.33465,0.61706,0.30187,0.29678,0.30212,0.078085,0.056497,0.24868,0.25358,0.10378,0.11838,0.029734,0.049121,0.12026,0.11249,0.10083,0.049577,0.071734,0.062067,0.09578,-0.030847,0.042874,0.34084,0.33488,0.23515,0.10461,0.30275,0.1316,0.24709,0.15146,0.26378,0.16122,0.0012047,0.083885,0.13679,0.023329,0.033362,-0.0028133,0.082535,0.035333,0.082701,-0.057612,0.061872,0.26836,0.11015,0.22272,0.065717,0.43044,0.51674,0.34258,0.27346,0.14462,0.26114,0.22299,0.10837,0.53645,0.20628,0.19681,0.081441,0.16671,0.0020202,0.052638,0.18249,0.13532,0.1998,0.24697,0.13493,0.18279,0.14656,0.22061,0.15832,0.26055,0.47033,0.66316,0.23693,0.1095,0.4528,0.5771,0.23738,0.34333,0.055264,0.1257,0.099086,0.15417,0.091047,0.11021,0.28136,0.56286,0.27571,-0.012704,0.225,0.25193,0.03826,-0.010369,0.23413,0.23783,0.03221,0.002205,0.15359,0.0078997,0.25262,0.22163,0.24068,0.14135,0.44742,0.25446,0.32042,0.2139,0.15926,0.03905,0.030127,0.28235,0.053268,0.12658,0.13894,0.18382,0.25343,0.10405,0.016191,0.1556,0.15245,0.3972,0.36168,1,0.32662,-0.077908,0.42876,0.08613,0.11395
0.16748,0.03785,0.19882,0.13224,0.13773,0.13774,0.07374,0.053613,-0.0070166,-0.066237,-0.0074093,0.037515,0.26059,0.10048,0.13553,0.15167,0.099087,0.020198,0.2452,0.25965,0.29943,0.19926,0.2573,0.1667,0.24108,0.16716,0.28416,0.35593,0.063674,0.03276,-0.044854,0.18364,0.12759,-0.04268,0.18107,0.10703,0.25275,0.13361,0.17538,0.22966,0.1915,0.27884,0.14376,-0.042185,0.12452,0.25402,0.14287,0.081534,0.20716,0.39855,0.089167,0.26506,0.1627,0.19047,0.30849,0.13382,-0.03283,0.26422,0.18235,0.077735,0.10617,0.088225,-0.13805,0.0012825,0.032776,0.099783,0.13378,0.15463,0.096678,0.31911,0.26457,0.30245,0.24299,0.20274,0.1572,0.014595,0.0083003,0.0049552,0.038726,0.024965,-0.014734,0.0036412,0.14648,0.18134,0.16366,0.1255,0.25891,0.318,0.062908,0.11248,0.24177,-0.081108,-0.034093,0.1317,0.14616,0.085298,-0.090753,0.040826,0.02323,0.048702,-0.12858,-0.068166,-0.19257,-0.15211,-0.1592,0.061221,0.26665,0.031368,-0.0036504,-0.069795,0.15267,0.051181,0.14411,-0.11701,0.021854,0.074712,0.016257,0.11461,0.19199,0.17546,0.14643,0.090042,0.19695,0.1259,0.13228,0.19122,-0.11479,-0.093175,0.0074014,-0.14727,0.012236,-0.054006,-0.0061675,0.16325,0.15558,0.03584,0.016805,0.1213,0.11913,0.22528,0.028,0.041812,0.23945,0.3098,0.072729,0.15688,0.21117,0.18792,0.14034,0.36648,0.36667,0.13871,0.18477,0.25135,0.27927,0.027829,0.22213,0.21478,0.15781,0.34538,0.21069,0.16869,-0.086978,0.060078,0.1509,-0.033673,-0.23044,-0.12529,0.44832,0.19471,0.18383,0.11363,0.15186,0.086101,0.28995,0.23882,0.19306,0.20817,0.13623,0.15684,0.041071,0.042495,0.071932,0.15913,-0.07461,0.047399,0.18037,-0.024747,-0.027679,-0.087027,0.038068,0.15722,0.13545,0.27005,0.25764,0.020355,0.092838,0.042048,-0.050009,0.18734,0.052926,0.14565,0.27336,0.1952,0.25376,0.2967,0.29192,0.34738,0.2052,0.099215,0.35305,0.10051,0.0933,0.088427,0.084802,0.014669,0.31156,0.18706,0.19522,0.24021,0.12197,0.086439,0.27513,0.30299,0.29043,0.17618,0.47412,0.079903,0.36297,0.40218,0.07698,0.33944,0.21739,0.43006,0.16314,0.026872,0.099731,0.16622,0.19937,0.1288,-0.013731,0.085024,-0.082409,-0.062681,-0.079136,0.083823,0.089853,-0.0019556,0.11973,0.2713,0.24207,0.34735,0.19825,0.15281,0.10126,0.093229,0.051278,0.07676,0.14999,0.25882,0.27114,0.098658,0.2587,0.46517,0.3629,0.44675,0.39453,0.46942,0.25056,0.33385,0.36936,0.23311,0.28574,0.46153,0.40191,0.24248,0.050495,0.18181,0.14846,0.32548,0.14678,0.15098,-0.14607,0.11381,0.10433,0.30961,0.40192,0.21153,0.32464,0.019379,0.12676,0.092347,0.22201,0.14779,-0.0025237,0.332,0.042741,0.099345,0.23431,0.14781,0.20878,0.11336,0.15992,0.072856,-0.036342,0.30047,0.062674,0.0085105,0.047421,0.11182,0.10849,0.015545,0.087517,0.091876,0.056106,0.048914,0.068561,0.24804,0.12355,0.21202,0.13529,0.25811,0.14614,0.36157,0.22642,0.12305,0.496,0.41686,0.52511,0.55774,0.49604,0.26015,0.20157,0.13203,0.07857,-0.066103,0.19719,0.36322,0.090309,-0.12074,0.19734,0.17878,0.028255,0.13315,0.087506,0.046037,-0.12799,0.20713,0.54824,0.49216,0.062869,0.16622,0.19228,0.19941,0.31031,0.14318,0.21684,0.12296,0.081321,0.36938,0.31157,0.1856,0.18372,0.21472,0.10906,0.092226,0.12877,0.13209,0.17481,0.1922,0.29571,0.1405,0.10019,0.32662,1,0.1418,0.19795,0.12834,0.16345
0.030759,0.0068764,-0.010293,0.064065,-0.029867,0.080545,-0.0020266,0.010289,0.042633,-6.9478e-05,0.0014069,-0.05331,0.0052735,0.025391,0.0036393,0.053943,0.021332,0.090326,0.18055,0.057453,-0.039472,-0.024697,0.015257,0.063412,0.029602,0.031681,-0.059974,0.0014863,-0.060026,-0.029454,-0.15936,-0.030556,0.13687,0.12956,-0.039976,0.008081,0.052952,-0.044195,0.024925,-0.02957,0.025133,-0.025905,0.0039948,-0.10561,-0.083486,0.066952,-0.079962,0.06425,0.21815,0.19304,0.063154,0.14141,0.16342,0.21687,-0.046839,-0.063222,-0.047111,0.063228,-0.063195,-0.025774,0.034301,-0.048223,-0.068603,-0.023298,0.024624,0.017849,0.012967,-0.030899,0.0098081,-0.0017499,0.038083,-0.029099,0.037602,-0.045094,0.01341,-0.013282,0.0067676,-0.0054842,-0.029198,0.012708,0.027293,-0.0068688,0.039775,0.085971,-0.051836,0.19412,0.22524,0.017974,0.073635,0.15127,0.19519,-0.014183,-0.16842,-0.067301,0.076296,0.15055,-0.11254,-0.064835,-0.050904,0.012241,-0.027982,0.048235,-0.034299,-0.037282,-0.096323,0.10682,0.1172,0.17213,0.1274,-0.091631,-0.0038496,0.050996,0.039096,0.026031,-0.033542,0.17285,0.13816,-0.070645,0.013903,-0.025844,-0.039964,0.066234,-0.018889,-0.073953,-0.072653,-0.068246,-0.070862,-0.010573,-0.050838,-0.077589,0.003787,0.020461,0.050746,0.012423,0.026432,0.028545,0.040764,0.067809,0.066632,0.053068,0.086117,-0.02014,-0.068549,-0.069305,-0.038903,0.042023,0.096833,-0.06229,0.15078,0.12457,0.20415,0.21016,0.21361,0.036465,0.049167,0.037658,0.045968,0.039648,0.12268,0.10143,0.043965,-0.0046336,0.058471,0.19819,0.038908,-0.03648,-0.12973,0.085026,0.23412,0.27303,0.061323,-0.00094662,-0.0245,0.026993,-0.0057301,0.086693,0.0061962,-0.036571,0.021198,0.17259,0.10789,0.052199,-0.017648,-0.022262,-0.032406,-0.085538,0.0047804,-0.15242,0.091555,0.025638,-0.035439,-0.056123,-0.093044,-0.12148,0.19488,0.12089,-0.023474,-0.017876,-0.029639,0.01904,0.038057,-0.003307,-0.012235,-0.010774,0.045222,0.078942,-0.04712,-0.023101,-0.012643,-0.0035073,-0.019819,-0.096734,0.11493,0.17428,-0.0061289,-0.023802,0.051924,0.0088496,0.070112,0.040586,0.095831,0.055402,0.023511,0.016681,-0.0089179,0.071233,0.041947,0.16497,0.25009,0.22065,0.02614,0.18359,0.12049,0.18775,-0.039659,0.03166,-0.0056429,0.010625,0.045356,0.0045237,0.024998,-0.0025328,-0.025352,-0.016161,-0.017299,0.038428,0.038976,-0.06847,0.077632,-0.0072007,0.05733,-0.025279,0.06853,0.0027567,-0.042303,0.057921,-0.010549,-0.090934,-0.031695,0.086828,0.07539,0.083886,0.089036,0.1597,0.12055,0.17543,0.23417,0.094327,0.096131,0.11843,0.25236,0.23229,-0.020602,0.024833,0.019087,0.13955,-0.029878,0.011634,0.013248,0.089946,0.011882,0.17496,-0.014022,0.1657,-0.0023614,0.12887,0.13705,0.19257,0.16755,0.015135,0.08755,0.12852,0.043508,0.051473,0.047682,0.11359,0.12178,-0.062873,-0.047898,-0.051788,0.08403,0.009872,0.029518,-0.0039434,-0.08571,-0.055143,-0.02789,-0.10248,0.016007,-0.034966,0.042449,-0.026984,-0.0065459,0.032319,0.031472,0.010889,-0.016782,0.038366,-0.034914,0.0056735,0.049679,0.015331,-0.087911,-0.033364,-0.054634,-0.0018804,0.027521,-0.023484,0.20182,0.10748,0.20346,0.22805,0.21644,-0.016978,0.055962,-0.012379,0.098519,-0.042994,-0.060957,-0.097139,0.051054,-0.011251,0.13958,0.2278,0.02405,-0.027583,-0.04779,0.23922,0.20365,0.29766,-0.0029255,0.021453,0.027185,0.019593,0.054354,0.025536,0.058769,-0.0058806,0.0058178,0.16226,0.18316,0.064283,0.054002,0.031967,-0.0061221,0.0051948,-0.027885,0.018659,0.18371,0.1292,0.042691,-0.07975,-0.07975,-0.077908,0.1418,1,-0.098632,0.020357,0.071094
0.10839,0.06807,0.11736,0.078295,0.11764,0.069378,0.14572,0.16507,0.023286,0.027009,0.049054,0.094571,0.25642,0.11531,0.20644,0.098377,0.091275,0.076789,0.07114,0.2071,0.32146,0.25129,0.25506,0.14602,0.24117,0.20243,0.31364,0.33608,0.16236,0.12876,0.15232,0.27476,-0.047387,-0.10309,0.2556,0.10514,0.18144,0.22534,0.22433,0.25992,0.18267,0.27032,0.17399,0.15661,0.19164,0.11373,0.24191,0.058325,-0.10318,0.026168,0.044594,0.010454,-0.051053,-0.10216,0.31043,0.19532,0.13565,0.17453,0.27804,0.17165,0.10021,0.17448,0.059268,0.095614,0.052763,0.11385,0.13336,0.24473,0.13866,0.31678,0.24192,0.34332,0.1967,0.24382,0.13514,0.10603,0.041844,-0.0060365,0.098873,0.047026,0.060321,0.072573,0.13475,0.058197,0.17362,-0.06641,-0.099277,0.13041,0.049129,-0.028505,-0.044364,0.080966,0.14665,0.10214,0.096844,0.013806,0.18183,0.16625,0.1878,0.11202,0.074244,0.038434,0.030551,0.076332,0.05276,-0.052671,-0.007163,-0.080104,-0.18198,0.14121,0.1251,-0.066381,0.092067,0.011421,0.14498,-0.074192,-0.078898,0.19356,0.15743,0.20137,0.17488,0.037308,0.24774,0.17985,0.17033,0.26851,0.10229,-0.0061223,0.096757,0.112,-0.014911,-0.010928,-0.05785,0.16196,0.15735,0.088915,-0.019227,0.024338,0.087345,0.1489,-0.032235,0.05601,0.29292,0.33667,0.1145,0.14593,-0.0011757,0.21466,-0.023923,0.04318,0.019279,-0.045171,-0.039842,0.1455,0.18701,0.059823,0.16188,0.1152,0.0029161,0.16727,0.13999,0.17526,-0.0087907,-0.053835,0.14414,0.11504,0.089495,-0.053005,0.028233,-0.12088,0.1037,0.15676,0.16731,0.10913,0.26561,0.10687,0.17916,0.26702,0.081612,-0.079802,-0.068944,0.013545,0.040948,0.15847,0.065121,0.15489,0.1808,0.20605,-0.0010867,0.041114,0.051746,0.20564,0.2621,0.38773,-0.05246,-0.0043197,0.10699,0.068158,0.09234,0.23705,0.0045887,0.21876,0.28677,0.28525,0.24353,0.23356,0.3338,0.3507,0.18698,0.16572,0.24905,0.24761,-0.021148,-0.10832,0.14394,0.12326,0.26767,0.22604,0.15654,0.23622,0.087054,0.045987,0.22887,0.21428,0.18758,0.056814,0.31348,-0.046402,-0.085699,0.0024025,0.038701,-0.071684,0.016329,0.061189,0.21901,0.072614,0.1791,0.16064,0.1462,0.20637,0.021788,0.16009,0.08466,0.023764,0.13178,0.079018,0.12758,0.14621,0.055766,0.26,0.18483,0.3484,0.16912,0.14521,0.20335,0.03315,0.06771,0.19477,0.20605,0.12432,0.14171,0.018857,0.14087,0.098533,0.087895,0.099116,0.045299,0.083423,0.060271,0.11562,-0.019056,0.0040291,0.2609,0.2761,0.19257,0.092092,0.16388,0.097849,0.1302,0.1322,0.14677,0.067458,0.008342,0.0036707,0.13913,0.060998,0.041528,0.00059469,0.067447,0.12325,0.097328,-0.052686,0.084214,0.14529,0.044984,0.13964,-0.014,0.21089,0.33433,0.19407,0.08147,0.073739,0.10606,0.075351,0.052837,0.39086,0.16511,0.16625,0.066702,0.21448,0.023704,0.048384,0.14309,0.11551,0.10211,0.15043,0.12866,0.13355,0.10223,0.12886,0.10991,0.16648,0.22285,0.37541,0.1932,0.087404,0.30011,0.3746,0.16887,0.28388,0.056419,0.035835,0.053367,0.1497,0.053962,0.028303,0.08783,0.3563,0.18572,0.014002,0.16588,0.18339,-0.010958,-0.052866,0.10027,0.10984,0.003645,0.0014267,0.13785,0.033424,0.16613,0.11012,0.14134,0.092521,0.23915,0.13224,0.1626,0.13478,0.090512,0.032788,0.038314,0.14839,0.035038,0.096704,0.13482,0.12719,0.14826,0.11275,0.01413,0.074543,0.12058,0.28593,0.21367,0.42876,0.19795,-0.098632,1,0.12317,0.088534
0.028907,-0.012346,0.098453,0.13285,0.14635,0.095864,0.22055,0.2166,0.036761,-0.0059431,0.1177,0.054712,0.26346,0.14644,0.22722,0.12459,0.15191,0.27207,0.24686,0.26091,0.13308,0.19046,0.2406,0.22444,0.24038,0.14315,0.10933,0.23134,0.10699,-0.038703,0.083978,0.18238,0.13267,0.14207,0.13309,0.1053,0.088851,0.13334,0.12507,0.19014,0.22315,0.095678,0.21711,0.18279,0.3231,0.15341,0.11552,0.18402,-0.0080806,0.11621,0.22473,0.055,0.083732,0.11769,0.19627,0.24321,0.26359,0.14727,0.12394,0.1139,0.20131,0.13591,0.19054,0.21409,0.23386,0.11702,0.058416,0.20944,0.090922,0.1394,0.13259,0.19741,0.11282,0.20743,0.02689,0.14093,0.080711,0.055721,0.15959,0.14868,0.2418,0.053985,0.23988,0.10308,0.14069,0.035861,0.024551,0.21108,0.036958,0.21405,0.14752,0.10285,0.12368,0.05637,0.11189,0.010739,0.0792,0.021068,0.027703,-0.0051856,-0.0090823,0.005057,0.22501,0.078988,0.30434,0.08745,0.12286,0.1039,0.035123,0.25059,0.11024,0.054879,0.1371,0.010615,0.17027,-0.015972,0.16642,0.095613,0.023689,0.10598,0.1016,0.10165,0.12624,0.10839,0.1307,0.20987,0.1093,0.084254,-0.014173,0.1169,0.036358,0.0013093,0.036029,0.077421,0.12011,0.053673,-0.071021,0.11632,0.067302,0.11631,-0.014828,-0.10425,0.14468,0.023457,0.1259,0.097141,-0.039375,0.092757,0.089053,0.11682,0.071486,0.018652,0.12307,0.15085,0.16644,0.099279,0.13204,0.030956,-0.039564,0.06874,0.23384,0.14603,0.1286,0.056162,0.082981,0.047096,0.11359,0.14065,0.068598,0.0096617,0.1955,0.099917,0.10427,0.047529,0.086903,0.083669,0.17437,0.15401,0.05992,0.14986,0.058405,0.075538,0.043121,0.10781,0.0095956,0.09199,0.069576,0.15336,0.1511,0.0086639,0.079254,0.18823,0.17945,0.10464,-0.088573,0.154,0.082101,0.20202,0.19444,0.22111,0.097808,0.12377,0.20467,0.20617,0.19731,0.20689,0.10957,0.18694,0.06762,0.15825,0.17183,0.16813,0.11999,0.15695,0.08455,0.098743,0.20287,0.1651,0.13871,0.1302,0.067291,0.061785,0.24503,0.095252,0.21401,0.023843,0.13972,0.0597,0.089791,0.10254,0.21791,-0.0029494,0.084784,0.20325,0.059876,0.17101,0.2698,0.10423,0.073523,0.17302,0.15995,0.18546,0.21565,0.12173,0.044493,0.16636,0.089437,0.10319,0.077567,0.06584,0.13844,0.21089,0.17894,0.11857,0.10226,0.21645,0.16207,0.29693,0.36784,0.25467,0.49899,0.23549,0.28698,0.1178,0.13767,0.20587,0.28561,0.19451,0.17645,0.25112,0.10483,0.18161,0.07318,0.11768,0.13198,0.10125,0.2189,0.034612,0.011401,0.013169,0.12075,0.20475,0.24155,0.24264,0.5267,0.17992,0.13435,0.10792,0.20707,0.34601,0.15517,0.026981,0.12565,0.17156,0.065407,0.18843,0.14489,0.067147,0.15732,0.092244,0.10152,0.059632,0.044769,0.026241,0.074674,0.13724,0.35947,0.26658,0.051189,0.30437,0.14716,0.063592,0.13893,0.040806,0.1215,0.16352,0.063228,0.14737,0.13838,0.11895,0.036303,-0.037477,0.073898,-0.048377,0.094894,0.020878,0.056967,0.12697,0.14093,0.075212,0.075454,0.09429,0.12854,0.14078,0.025352,0.073283,0.12092,0.12434,0.10624,0.060811,0.15824,0.15079,0.12901,0.027603,0.078044,0.19774,0.17262,0.23569,0.11584,0.12726,0.17721,0.087274,0.13643,0.066352,0.15417,0.088164,0.1536,0.10817,0.005711,0.15659,0.16807,0.18426,0.079794,0.14122,0.088557,0.11442,0.090721,0.25979,0.24754,0.099715,0.14993,0.13248,0.20787,0.08613,0.12834,0.020357,0.12317,1,0.38543
0.078253,-0.079059,0.03335,0.14109,0.14566,0.24812,0.12226,0.16399,0.0069933,-0.030446,0.14107,0.10616,0.33057,0.21103,0.16135,0.17827,0.18197,0.34837,0.12246,0.43041,0.19889,0.29315,0.37782,0.32774,0.35695,0.22889,0.13955,0.35258,0.24372,0.053641,-0.039625,0.2939,0.38093,0.37589,0.1867,0.080709,0.17133,0.19122,0.17883,0.21574,0.32062,0.18205,0.34476,0.20685,0.30356,0.2777,0.15387,0.30504,0.12452,0.27626,0.29077,0.15049,0.19287,0.29316,0.28145,0.37243,0.34901,0.20902,0.14593,0.16321,0.30482,0.20287,0.23982,0.27914,0.40332,0.0935,0.029885,0.23889,0.13657,0.2042,0.20136,0.25853,0.17859,0.20813,0.06928,0.16122,0.079644,0.15073,0.30014,0.10649,0.27418,0.1869,0.33718,0.13165,0.12792,0.11219,0.15594,0.14384,-0.075196,0.096918,0.22158,0.09513,0.23406,-0.052321,0.080734,0.097178,0.11915,0.091201,0.031587,0.012338,0.019599,0.02671,0.27814,0.14138,0.36209,0.054395,0.20874,0.13375,0.12501,0.31868,0.17929,0.17517,0.19222,0.00015637,0.17996,0.1049,0.1093,0.16992,0.12126,0.13116,0.16247,0.23927,0.15663,0.13732,0.23187,0.3281,0.12047,0.19134,-0.035886,0.15079,0.065005,0.096779,0.17421,0.12116,0.095886,0.11531,-0.086189,0.2147,0.10975,0.24209,0.064809,-0.14176,0.21689,0.091024,0.12244,0.18244,-0.0053391,0.10885,0.20757,0.14255,0.13977,0.13945,0.20038,0.21835,0.26973,0.13259,0.13814,0.17123,0.020854,0.16265,0.45373,0.25764,0.30118,0.18244,0.16641,0.070065,0.17396,0.32053,0.19323,0.14225,0.36689,0.14183,0.086687,0.031341,0.13193,0.11038,0.25849,0.24407,0.17795,0.29035,0.11937,0.087025,0.057641,0.10327,0.0071168,0.088458,0.11726,0.22838,0.26055,-0.002248,-0.012843,0.28153,0.19784,0.16166,-0.018112,0.18571,0.17057,0.26751,0.14663,0.33726,0.057146,0.20865,0.32851,0.32296,0.36697,0.36264,0.12915,0.27458,0.16066,0.15764,0.0033467,0.20901,0.1782,0.32244,0.1474,0.092335,0.30164,0.23719,0.24054,0.24975,0.13108,0.11281,0.349,0.062613,-0.026756,0.16862,0.1905,0.049645,0.16827,0.22357,0.19438,0.022598,0.058386,0.31622,0.053672,0.26516,0.26887,0.054003,0.12569,0.26083,0.20388,0.16062,0.093008,0.11321,0.0435,0.12629,0.096755,0.064901,0.1731,0.061762,0.1766,0.29431,0.18888,0.12811,0.027508,0.26833,0.22461,0.35974,0.3349,0.31645,0.43509,0.046572,0.1802,0.25672,0.21817,0.10789,0.24776,0.15699,-0.032817,0.094514,0.054345,0.13097,-0.047222,0.0026611,0.063496,0.0038878,0.18103,-0.033459,0.029681,0.016126,0.11307,0.18055,0.22668,0.17185,0.41551,0.015586,0.1995,0.093403,0.12174,0.26649,0.20159,-0.018844,0.064889,0.28805,0.055295,0.16594,-0.044169,0.14258,0.21353,0.061133,0.28507,0.14883,0.13719,0.16054,0.025435,0.16019,0.33953,0.29855,0.11691,0.26535,0.22842,0.10492,0.19735,0.041643,0.082996,0.1388,0.0065686,0.22096,0.086345,0.24501,0.025125,-0.023919,0.078042,-0.031987,0.14553,0.020336,0.057184,0.070881,0.14672,0.082692,0.041227,0.058698,0.14427,0.039145,0.010355,0.031911,0.16781,0.057127,0.11528,-0.0070568,0.29551,0.25562,0.18157,0.1072,0.14818,0.24634,0.14571,0.20678,0.12115,0.18397,0.19867,0.15451,0.18763,0.15701,0.26808,0.10831,0.28476,0.072335,-0.031486,0.16572,0.27568,0.28508,0.111,0.20612,0.11925,0.20416,0.065817,0.22836,0.22537,-0.034169,0.10419,0.12109,0.18999,0.11395,0.16345,0.071094,0.088534,0.38543,1
